Msg#	Message	Count	Inbound	Total_Time	Average_Time	Count	Outbound	Acked	Naked
#1	CLIENT_CONNECTED	79	0	0.000003	0.000000	0	0	0	0
#2	CLIENT_HUNG_UP	75	0	0.000058	0.000001	0	0	0	0
#14	PLAYER_CHECK_LOGIN	87	2464	0.000003	0.000000	87	2817	0	0
#15	SECURITY	76	0	0.000000	0.000000	0	0	0	0
#16	INN_LOGIN	76	912	0.000001	0.000000	0	0	0	0
#17	SERVER_PING	5194	20776	0.000090	0.000000	5194	0	83104	0
#18	PLAYER_QUERY_CHARACTERS	76	0	0.000021	0.000000	76	244410	0	0
#21	PLAYER_LOGIN	0	0	0	0	76	0	1216	0
#22	PLAYER_LOGOUT	21	0	0.000000	0.000000	0	0	0	0
#24	PLAYER_SYSTEM_MSG	0	0	0	0	133	9954	0	0
#25	PLAYER_ACK	0	0	0	0	21038	555904	0	0
#26	PLAYER_NAK	0	0	0	0	130	2080	0	0
#32	PLAYER_CHANGE_ROOM	442	5304	0.000114	0.000000	9	0	0	144
#33	PLAYER_NEW_ROOM	0	0	0	0	2092	3081541	0	0
#37	PLAYER_ROOM_CHAT	868	23844	0.000133	0.000000	0	0	0	0
#38	PLAYER_TEXT	0	0	0	0	8524	527689	0	0
#41	PLAYER_MOVIE	11504	309208	0.000275	0.000000	11503	0	184048	0
#42	PLAYER_MOVIE_DATA	0	0	0	0	99995	18111008	0	0
#45	PLAYER_DESTROY_OBJECT	0	0	0	0	8114	144258	0	0
#48	PLAYER_CREATE_CHARACTER	1	28	0.000000	0.000000	1	0	326	0
#49	PLAYER_DESTROY_CHARACTER	2	8	0.000000	0.000000	2	0	32	0
#52	PLAYER_SHIFT_ROOM	1673	6692	0.000325	0.000000	19	0	105	224
#55	PLAYER_GET_BIOGRAPHY	103	412	0.000002	0.000000	103	0	7347	0
#56	PLAYER_SET_BIOGRAPHY	3	92	0.000001	0.000000	3	0	48	0
#57	PLAYER_GET_DESCRIPTION	172	688	0.000012	0.000000	172	0	75872	0
#58	PLAYER_GET_EXTENDED_PROPS	126	504	0.000006	0.000000	126	0	44164	0
#59	PLAYER_SET_HEAD_DATA	1	20	0.000000	0.000000	1	0	16	0
#61	PLAYER_WHO	0	0	0	0	53	4528	0	0
#69	COMBAT_EXIT	924	0	0.000028	0.000000	2025	20658	14784	0
#71	GET_SHOP_INFO	29	116	0.000002	0.000000	29	0	54719	0
#73	SHOP_EXAMINE	6	48	0.000000	0.000000	6	0	1186	0
#74	SHOP_SELL	7	56	0.000005	0.000001	7	0	112	0
#75	SHOP_GET_PRICE	7	56	0.000000	0.000000	7	0	112	0
#76	MONEY_DROP	3	24	0.000000	0.000000	3	0	48	0
#77	MONEY_PUT	2	24	0.000000	0.000000	2	0	32	0
#78	MONEY_GIVE	3	36	0.000002	0.000001	3	0	48	0
#79	MONEY_TAKE	322	1288	0.000025	0.000000	322	0	5136	16
#80	CAST_SPELL	904	14464	0.000129	0.000000	904	0	14144	320
#81	PLAYER_INFO	0	0	0	0	162	6942	0	0
#84	FATAL_DATA	6	2064	0.000002	0.000000	6	0	96	0
#87	GROUP_JOIN	37	148	0.000001	0.000000	110	1748	1860	48
#88	GROUP_LEAVE	5	0	0.000000	0.000000	79	962	80	0
#90	OLD_SECURITY	34	272	0.000001	0.000000	35	2258	0	0
#92	GET_POSN	67	268	0.000002	0.000000	67	0	1742	0
#94	GET_HOUSE	26	324	0.000001	0.000000	26	0	0	416
#95	GET_ENTRY_INFO	64	256	0.000002	0.000000	64	0	1736	128
#98	LOGIN_UPDATE	0	0	0	0	87	957	0	0
#103	SET_TITLE	3	48	0.000001	0.000000	3	0	48	0
#112	COMBAT_ACTION	3291	34180	0.000055	0.000000	0	0	0	0
#114	WHATS_NEW	8	0	0.000000	0.000000	8	377752	0	0
#116	GET_LOOK_INFO	59	236	0.000006	0.000000	59	0	17581	0
#126	MASS_SELL	2	56	0.000002	0.000001	2	0	106	0
#127	MASS_BUY	16	612	0.000002	0.000000	16	0	2609	0
#128	GET_SELL_PRICES	2	8	0.000000	0.000000	2	0	178	0
#130	PLAYER_CHARACTER_LOGIN	67	268	0.000027	0.000000	67	0	7577	0
#131	GET_REPAIR_PRICES	18	72	0.000001	0.000000	18	0	1082	0
#132	MASS_REPAIR	18	532	0.000000	0.000000	18	0	288	0
#135	MAIL_LIST_GET	0	0	0	0	67	0	12540	320
#136	MAIL_MESSAGE_GET	1	4	0.000000	0.000000	1	0	1510	0
#145		2470	74040	0.000052	0.000000	0	0	0	0
#150	VERB_GET	559	8532	0.000359	0.000001	559	0	8944	0
#151	VERB_DROP	45	552	0.000004	0.000000	45	0	720	0
#152	VERB_PUT_IN	52	676	0.000004	0.000000	52	0	816	16
#153	VERB_PUT_ON	108	1296	0.000010	0.000000	108	0	1536	192
#154	VERB_TAKE_OFF	105	1272	0.000008	0.000000	105	0	1680	0
#155	VERB_OPEN	90	1820	0.000021	0.000000	90	0	1344	96
#156	VERB_CLOSE	3	48	0.000000	0.000000	3	0	48	0
#158	VERB_UNLOCK	4	120	0.000000	0.000000	4	0	64	0
#160	VERB_ENGAGE	191	3140	0.000016	0.000000	191	0	3008	48
#161	VERB_CONSUME	9	108	0.000001	0.000000	9	0	144	0
#162	VERB_SIT	5	60	0.000000	0.000000	5	0	80	0
#163	VERB_STAND	1	12	0.000000	0.000000	1	0	16	0
#164	VERB_GIVE	32	464	0.000025	0.000001	32	0	480	32
#165	VERB_MEMORIZE	79	948	0.000006	0.000000	79	0	1184	80
#167	VERB_USE	4	48	0.000000	0.000000	4	0	64	0
#169	VERB_DYE	9	108	0.000001	0.000000	9	0	144	0
#180	NPC_PULSE	24884	0	0.277895	0.000011	0	0	0	0
#182	COMBAT_PULSE	24884	0	0.001902	0.000000	0	0	0	0
#184	PROCESS_AFFECT_PULSE	414	0	0.031751	0.000077	0	0	0	0
#185	CHAR_DOIT_PULSE	27	0	0.000001	0.000000	0	0	0	0
#186	HEAL_PULSE	207	0	0.000010	0.000000	0	0	0	0
#188	MONSTER_PULSE	207	0	0.000079	0.000000	0	0	0	0
#189	MAINTENANCE_PULSE	207	0	0.000000	0.000000	0	0	0	0
#193	TOSS_DEAD_HOUSES	829	0	0.000103	0.000000	0	0	0	0
#194	DUNGEON_QUEUE_PULSE	1658	0	0.000128	0.000000	0	0	0	0
#196	AMBUSH_PULSE	4976	0	0.000156	0.000000	0	0	0	0
#197		414	0	0.002486	0.000006	0	0	0	0
#210	DATAMGR_LOG_PERMANENT	0	0	0	0	6	204	0	0
#211	DATAMGR_LOGIN	87	1117052	0.000638	0.000007	87	2966	0	0
#212	DATAMGR_LOGOUT	0	0	0	0	72	360	0	0
#213	DATAMGR_NEW_CHAR	1	20	0.000000	0.000000	1	1347	0	0
#214	DATAMGR_SAVE_CHAR	0	0	0	0	5724	38430484	0	0
#215	DATAMGR_DEL_CHAR	0	0	0	0	2	18	0	0
#221	DATAMGR_NEW_HOUSE	0	0	0	0	1	2171	0	0
#222	DATAMGR_WRITE_HOUSE	0	0	0	0	355	12525934	0	0
#224	DATAMGR_GET_HOUSE	51	1408648	0.000838	0.000016	51	990	0	0
#225	DATAMGR_HELLO	0	0	0	0	1	3	0	0
#231		8	377120	0.000002	0.000000	8	40	0	0
#233		68	13620	0.000002	0.000000	68	684	0	0
#236		67	8428	0.000004	0.000000	2537	82252	0	0

	Total)	89265	3444544	0.317847	0.000004	171865	74142919	555904	2080

Slowest Msg #180 took  0.000122 seconds.
Total process time =  485.454077
Total run time =          24885