Msg#	Message	Count	Inbound	Total_Time	Average_Time	Count	Outbound	Acked	Naked
#1	CLIENT_CONNECTED	283	0	0.000030	0.000000	0	0	0	0
#2	CLIENT_HUNG_UP	268	0	0.000782	0.000003	0	0	0	0
#14	PLAYER_CHECK_LOGIN	284	7408	0.000030	0.000000	284	6594	0	0
#15	SECURITY	277	0	0.000002	0.000000	0	0	0	0
#16	INN_LOGIN	277	3324	0.000012	0.000000	0	0	0	0
#17	SERVER_PING	31967	127868	0.001413	0.000000	31967	0	511472	0
#18	PLAYER_QUERY_CHARACTERS	277	0	0.000158	0.000001	277	912767	0	0
#21	PLAYER_LOGIN	0	0	0	0	277	0	4432	0
#22	PLAYER_LOGOUT	133	0	0.000001	0.000000	0	0	0	0
#24	PLAYER_SYSTEM_MSG	0	0	0	0	127	15781	0	0
#25	PLAYER_ACK	0	0	0	0	120717	2636072	0	0
#26	PLAYER_NAK	0	0	0	0	797	12752	0	0
#32	PLAYER_CHANGE_ROOM	2661	31932	0.001456	0.000001	32	0	0	512
#33	PLAYER_NEW_ROOM	0	0	0	0	15707	17372533	0	0
#37	PLAYER_ROOM_CHAT	2866	73280	0.001164	0.000000	0	0	0	0
#38	PLAYER_TEXT	0	0	0	0	42543	2427978	0	0
#41	PLAYER_MOVIE	69620	1839316	0.003978	0.000000	69607	0	1113712	0
#42	PLAYER_MOVIE_DATA	0	0	0	0	612071	52130253	0	0
#45	PLAYER_DESTROY_OBJECT	0	0	0	0	58939	1029351	0	0
#52	PLAYER_SHIFT_ROOM	13131	52524	0.005240	0.000000	83	0	630	848
#55	PLAYER_GET_BIOGRAPHY	326	1304	0.000019	0.000000	326	0	23640	0
#57	PLAYER_GET_DESCRIPTION	417	1668	0.000080	0.000000	417	0	171663	0
#58	PLAYER_GET_EXTENDED_PROPS	428	1712	0.000043	0.000000	428	0	144975	0
#61	PLAYER_WHO	0	0	0	0	119	16812	0	0
#69	COMBAT_EXIT	4333	0	0.000282	0.000000	9114	91442	69328	0
#71	GET_SHOP_INFO	78	312	0.000015	0.000000	78	0	217208	0
#73	SHOP_EXAMINE	9	72	0.000002	0.000000	9	0	1693	0
#74	SHOP_SELL	20	160	0.000082	0.000004	20	0	320	0
#75	SHOP_GET_PRICE	20	160	0.000001	0.000000	20	0	320	0
#77	MONEY_PUT	4	48	0.000001	0.000000	4	0	64	0
#78	MONEY_GIVE	8	96	0.000045	0.000006	8	0	128	0
#79	MONEY_TAKE	642	2568	0.000104	0.000000	642	0	10272	0
#80	CAST_SPELL	3666	58656	0.001379	0.000000	3666	0	58560	96
#81	PLAYER_INFO	0	0	0	0	582	25496	0	0
#84	FATAL_DATA	15	6284	0.000025	0.000002	15	0	240	0
#87	GROUP_JOIN	93	372	0.000009	0.000000	254	4050	4326	352
#88	GROUP_LEAVE	7	0	0.000000	0.000000	164	2041	112	0
#90	OLD_SECURITY	70	560	0.000006	0.000000	71	5006	0	0
#92	GET_POSN	261	1044	0.000018	0.000000	261	0	6786	0
#93	CHANGE_PASSWORD	2	32	0.000000	0.000000	2	0	16	16
#94	GET_HOUSE	102	1348	0.000009	0.000000	102	0	0	1632
#95	GET_ENTRY_INFO	1018	4072	0.000070	0.000000	1018	0	21731	5072
#98	LOGIN_UPDATE	0	0	0	0	284	3124	0	0
#101	SHOP_RECHARGE	7	56	0.000000	0.000000	7	0	112	0
#102	SHOP_GET_RECHARGE_PRICE	10	80	0.000000	0.000000	10	0	160	0
#104	TREE_GET	1	4	0.000000	0.000000	1	0	201	0
#105	TREE_CHOOSE_TOPIC	2	8	0.000000	0.000000	2	0	669	0
#110	GET_QUEST_LIST	4	0	0.000000	0.000000	4	0	156	0
#112	COMBAT_ACTION	8154	71540	0.000320	0.000000	0	0	0	0
#114	WHATS_NEW	12	0	0.000001	0.000000	12	553712	0	0
#115	SET_ENGRAVE_NAME	4	68	0.000000	0.000000	0	0	0	0
#116	GET_LOOK_INFO	167	668	0.000038	0.000000	167	0	51057	0
#126	MASS_SELL	32	1228	0.000070	0.000002	32	0	2336	0
#127	MASS_BUY	40	1904	0.000029	0.000001	40	0	9452	0
#128	GET_SELL_PRICES	37	148	0.000005	0.000000	37	0	5901	0
#130	PLAYER_CHARACTER_LOGIN	261	1044	0.000261	0.000001	261	0	26802	0
#131	GET_REPAIR_PRICES	66	264	0.000006	0.000000	66	0	3730	128
#132	MASS_REPAIR	56	1784	0.000002	0.000000	56	0	896	0
#135	MAIL_LIST_GET	0	0	0	0	261	0	30132	1856
#136	MAIL_MESSAGE_GET	23	92	0.000001	0.000000	23	0	30950	0
#138	MAIL_MESSAGE_SEND	2	2932	0.000000	0.000000	2	0	34	0
#145		6233	189516	0.000366	0.000000	0	0	0	0
#150	VERB_GET	2462	40068	0.006060	0.000002	2462	0	39248	144
#151	VERB_DROP	173	2076	0.000036	0.000000	173	0	2736	32
#152	VERB_PUT_IN	362	4508	0.000090	0.000000	362	0	5712	80
#153	VERB_PUT_ON	383	4616	0.000072	0.000000	383	0	5616	512
#154	VERB_TAKE_OFF	350	4224	0.000054	0.000000	350	0	5600	0
#155	VERB_OPEN	475	9540	0.000111	0.000000	475	0	7056	544
#156	VERB_CLOSE	55	852	0.000005	0.000000	55	0	880	0
#157	VERB_LOCK	1	12	0.000000	0.000000	1	0	0	16
#158	VERB_UNLOCK	19	456	0.000005	0.000000	19	0	304	0
#160	VERB_ENGAGE	2276	36728	0.000500	0.000000	2276	0	36016	400
#161	VERB_CONSUME	67	804	0.000023	0.000000	67	0	1072	0
#162	VERB_SIT	33	396	0.000002	0.000000	33	0	528	0
#163	VERB_STAND	11	132	0.000001	0.000000	11	0	176	0
#164	VERB_GIVE	175	2632	0.000678	0.000004	175	0	2640	160
#165	VERB_MEMORIZE	263	3156	0.000048	0.000000	263	0	3856	352
#167	VERB_USE	6	72	0.000001	0.000000	6	0	96	0
#169	VERB_DYE	20	240	0.000004	0.000000	20	0	320	0
#180	NPC_PULSE	135079	0	-1.655618	-0.000012	0	0	0	0
#182	COMBAT_PULSE	135079	0	0.024725	0.000000	0	0	0	0
#184	PROCESS_AFFECT_PULSE	2251	0	0.443947	0.000197	0	0	0	0
#185	CHAR_DOIT_PULSE	150	0	0.000008	0.000000	0	0	0	0
#186	HEAL_PULSE	1125	0	0.000136	0.000000	0	0	0	0
#188	MONSTER_PULSE	1125	0	0.001508	0.000001	0	0	0	0
#189	MAINTENANCE_PULSE	1125	0	0.000002	0.000000	0	0	0	0
#193	TOSS_DEAD_HOUSES	4502	0	0.001019	0.000000	0	0	0	0
#194	DUNGEON_QUEUE_PULSE	9005	0	0.017924	0.000002	0	0	0	0
#196	AMBUSH_PULSE	27015	0	0.000999	0.000000	0	0	0	0
#197		2251	0	0.061010	0.000027	0	0	0	0
#210	DATAMGR_LOG_PERMANENT	0	0	0	0	80	4218	0	0
#211	DATAMGR_LOGIN	284	4100756	0.008666	0.000031	284	9199	0	0
#212	DATAMGR_LOGOUT	0	0	0	0	262	1310	0	0
#214	DATAMGR_SAVE_CHAR	0	0	0	0	34339	279483075	0	0
#222	DATAMGR_WRITE_HOUSE	0	0	0	0	3715	111705327	0	0
#224	DATAMGR_GET_HOUSE	236	4731572	0.009102	0.000039	236	4848	0	0
#225	DATAMGR_HELLO	0	0	0	0	1	3	0	0
#231		12	552800	0.000018	0.000002	12	60	0	0
#232		0	0	0	0	4	140	0	0
#233		286	59980	0.000028	0.000000	286	5896	0	0
#234		0	0	0	0	15	135	0	0
#236		264	30372	0.000047	0.000000	7223	230847	0	0

	Total)	475594	12073448	-1.061234	-0.000002	1025601	468690822	2636072	12752

Slowest Msg #224 took  0.000258 seconds.
Total process time = -1250.528145
Total run time =         135080