Msg#	Message	Count	Inbound	Total_Time	Average_Time	Count	Outbound	Acked	Naked
#1	CLIENT_CONNECTED	126	0	0.000006	0.000000	0	0	0	0
#2	CLIENT_HUNG_UP	121	0	0.000145	0.000001	0	0	0	0
#14	PLAYER_CHECK_LOGIN	142	3392	0.000007	0.000000	142	4632	0	0
#15	SECURITY	123	0	0.000000	0.000000	0	0	0	0
#16	INN_LOGIN	123	1476	0.000003	0.000000	0	0	0	0
#17	SERVER_PING	12913	51652	0.000295	0.000000	12913	0	206608	0
#18	PLAYER_QUERY_CHARACTERS	123	0	0.000046	0.000000	123	399993	0	0
#21	PLAYER_LOGIN	0	0	0	0	123	0	1968	0
#22	PLAYER_LOGOUT	22	0	0.000000	0.000000	0	0	0	0
#24	PLAYER_SYSTEM_MSG	0	0	0	0	280	26387	0	0
#25	PLAYER_ACK	0	0	0	0	37754	4504317	0	0
#26	PLAYER_NAK	0	0	0	0	397	6352	0	0
#32	PLAYER_CHANGE_ROOM	744	8928	0.000202	0.000000	85	0	0	1360
#33	PLAYER_NEW_ROOM	0	0	0	0	3173	3953544	0	0
#37	PLAYER_ROOM_CHAT	1481	33400	0.000283	0.000000	0	0	0	0
#38	PLAYER_TEXT	0	0	0	0	6223	375400	0	0
#41	PLAYER_MOVIE	15212	395148	0.000502	0.000000	15208	0	243328	0
#42	PLAYER_MOVIE_DATA	0	0	0	0	117056	10245176	0	0
#45	PLAYER_DESTROY_OBJECT	0	0	0	0	7035	127679	0	0
#48	PLAYER_CREATE_CHARACTER	26	636	0.000027	0.000001	26	0	6662	128
#49	PLAYER_DESTROY_CHARACTER	18	72	0.000008	0.000000	18	0	224	64
#52	PLAYER_SHIFT_ROOM	2528	10112	0.000656	0.000000	52	0	798	224
#55	PLAYER_GET_BIOGRAPHY	272	1088	0.000008	0.000000	272	0	22800	0
#56	PLAYER_SET_BIOGRAPHY	19	1012	0.000004	0.000000	19	0	304	0
#57	PLAYER_GET_DESCRIPTION	290	1160	0.000026	0.000000	290	0	95974	0
#58	PLAYER_GET_EXTENDED_PROPS	253	1012	0.000019	0.000000	253	0	85054	0
#59	PLAYER_SET_HEAD_DATA	18	360	0.000004	0.000000	18	0	288	0
#61	PLAYER_WHO	0	0	0	0	27	1644	0	0
#69	COMBAT_EXIT	1312	0	0.000053	0.000000	2687	28622	20992	0
#71	GET_SHOP_INFO	184	736	0.000145	0.000001	184	0	3577646	0
#73	SHOP_EXAMINE	105	840	0.000016	0.000000	105	0	31304	0
#74	SHOP_SELL	10	80	0.000006	0.000001	10	0	160	0
#75	SHOP_GET_PRICE	10	80	0.000000	0.000000	10	0	160	0
#76	MONEY_DROP	10	80	0.000001	0.000000	10	0	160	0
#77	MONEY_PUT	2	24	0.000000	0.000000	2	0	32	0
#78	MONEY_GIVE	2	24	0.000002	0.000001	2	0	32	0
#79	MONEY_TAKE	368	1472	0.000050	0.000000	368	0	5792	96
#80	CAST_SPELL	1791	28656	0.000364	0.000000	1791	0	28608	48
#81	PLAYER_INFO	0	0	0	0	222	9972	0	0
#84	FATAL_DATA	9	2208	0.000003	0.000000	9	0	144	0
#87	GROUP_JOIN	24	96	0.000001	0.000000	55	823	875	48
#88	GROUP_LEAVE	3	0	0.000000	0.000000	39	468	48	0
#90	OLD_SECURITY	17	136	0.000001	0.000000	21	1468	0	0
#92	GET_POSN	111	444	0.000004	0.000000	111	0	2886	0
#94	GET_HOUSE	16	196	0.000001	0.000000	16	0	0	256
#95	GET_ENTRY_INFO	183	732	0.000008	0.000000	183	0	5053	320
#98	LOGIN_UPDATE	0	0	0	0	142	1562	0	0
#103	SET_TITLE	1	16	0.000002	0.000002	1	0	16	0
#104	TREE_GET	3	12	0.000000	0.000000	3	0	550	0
#105	TREE_CHOOSE_TOPIC	5	20	0.000000	0.000000	5	0	778	0
#107	TREE_BACK	3	0	0.000000	0.000000	3	0	438	0
#108	QUEST_ACCEPT	2	8	0.000000	0.000000	2	0	220	0
#110	GET_QUEST_LIST	1	0	0.000000	0.000000	1	0	19	0
#112	COMBAT_ACTION	4197	61964	0.000122	0.000000	0	0	0	0
#114	WHATS_NEW	6	0	0.000000	0.000000	6	283314	0	0
#115	SET_ENGRAVE_NAME	52	952	0.000002	0.000000	0	0	0	0
#116	GET_LOOK_INFO	142	568	0.000024	0.000000	142	0	42005	0
#126	MASS_SELL	41	1820	0.000015	0.000000	41	0	3493	0
#127	MASS_BUY	141	4372	0.000039	0.000000	141	0	28211	0
#128	GET_SELL_PRICES	41	164	0.000002	0.000000	41	0	4193	0
#130	PLAYER_CHARACTER_LOGIN	111	444	0.000139	0.000001	111	0	6380	0
#131	GET_REPAIR_PRICES	2	8	0.000000	0.000000	2	0	73	16
#132	MASS_REPAIR	1	36	0.000000	0.000000	1	0	16	0
#135	MAIL_LIST_GET	1	0	0.000000	0.000000	112	0	5890	1344
#136	MAIL_MESSAGE_GET	9	36	0.000000	0.000000	9	0	10614	0
#138	MAIL_MESSAGE_SEND	1	1316	0.000000	0.000000	1	0	17	0
#145		5529	146200	0.000149	0.000000	0	0	0	0
#150	VERB_GET	927	14496	0.000462	0.000000	927	0	14448	384
#151	VERB_DROP	256	3108	0.000031	0.000000	256	0	4048	48
#152	VERB_PUT_IN	172	2156	0.000021	0.000000	172	0	2656	96
#153	VERB_PUT_ON	514	6188	0.000062	0.000000	514	0	7344	880
#154	VERB_TAKE_OFF	423	5124	0.000048	0.000000	423	0	6720	48
#155	VERB_OPEN	201	3836	0.000024	0.000000	201	0	3024	192
#156	VERB_CLOSE	1	20	0.000000	0.000000	1	0	16	0
#158	VERB_UNLOCK	27	836	0.000007	0.000000	27	0	416	16
#160	VERB_ENGAGE	1110	17960	0.000152	0.000000	1110	0	17520	240
#161	VERB_CONSUME	76	912	0.000015	0.000000	76	0	1216	0
#162	VERB_SIT	2	24	0.000000	0.000000	2	0	32	0
#163	VERB_STAND	1	12	0.000000	0.000000	1	0	16	0
#164	VERB_GIVE	17	264	0.000018	0.000001	17	0	224	48
#165	VERB_MEMORIZE	268	3216	0.000033	0.000000	268	0	3824	464
#166	VERB_ROB	1	20	0.000000	0.000000	1	0	16	0
#167	VERB_USE	1	12	0.000000	0.000000	1	0	16	0
#169	VERB_DYE	125	1520	0.000021	0.000000	125	0	1968	32
#180	NPC_PULSE	274740	0	-1.637609	-0.000006	0	0	0	0
#182	COMBAT_PULSE	274740	0	0.002252	0.000000	0	0	0	0
#184	PROCESS_AFFECT_PULSE	4578	0	0.321145	0.000070	0	0	0	0
#185	CHAR_DOIT_PULSE	305	0	0.000007	0.000000	0	0	0	0
#186	HEAL_PULSE	2289	0	0.000116	0.000000	0	0	0	0
#188	MONSTER_PULSE	2289	0	0.001040	0.000000	0	0	0	0
#189	MAINTENANCE_PULSE	2289	0	0.000001	0.000000	0	0	0	0
#193	TOSS_DEAD_HOUSES	9158	0	0.000094	0.000000	0	0	0	0
#194	DUNGEON_QUEUE_PULSE	18316	0	0.002180	0.000000	0	0	0	0
#196	AMBUSH_PULSE	54948	0	0.002711	0.000000	0	0	0	0
#197		4578	0	0.010590	0.000002	0	0	0	0
#210	DATAMGR_LOG_PERMANENT	0	0	0	0	351	11996	0	0
#211	DATAMGR_LOGIN	142	1783584	0.001018	0.000007	142	4328	0	0
#212	DATAMGR_LOGOUT	0	0	0	0	119	595	0	0
#213	DATAMGR_NEW_CHAR	26	520	0.000016	0.000001	26	41988	0	0
#214	DATAMGR_SAVE_CHAR	0	0	0	0	13726	116206985	0	0
#215	DATAMGR_DEL_CHAR	0	0	0	0	14	126	0	0
#221	DATAMGR_NEW_HOUSE	0	0	0	0	18	38916	0	0
#222	DATAMGR_WRITE_HOUSE	0	0	0	0	9168	38968523	0	0
#224	DATAMGR_GET_HOUSE	69	722188	0.000298	0.000004	69	1340	0	0
#225	DATAMGR_HELLO	0	0	0	0	1	3	0	0
#231		6	282840	0.000001	0.000000	6	30	0	0
#232		0	0	0	0	52	2051	0	0
#233		122	16736	0.000003	0.000000	122	2578	0	0
#236		111	7284	0.000009	0.000000	5822	169426	0	0

	Total)	701828	3636044	-1.291841	-0.000002	241834	175420238	4504317	6352

Slowest Msg #184 took  0.000165 seconds.
Total process time =  692.670708
Total run time =         274740