Msg#	Message	Count	Inbound	Total_Time	Average_Time	Count	Outbound	Acked	Naked
#1	CLIENT_CONNECTED	5	0	0.000000	0.000000	0	0	0	0
#14	PLAYER_CHECK_LOGIN	5	120	0.000000	0.000000	5	105	0	0
#15	SECURITY	5	0	0.000000	0.000000	0	0	0	0
#16	INN_LOGIN	5	60	0.000000	0.000000	0	0	0	0
#17	SERVER_PING	153	612	0.000002	0.000000	153	0	2448	0
#18	PLAYER_QUERY_CHARACTERS	5	0	0.000000	0.000000	5	9939	0	0
#21	PLAYER_LOGIN	0	0	0	0	5	0	80	0
#25	PLAYER_ACK	0	0	0	0	904	18707	0	0
#26	PLAYER_NAK	0	0	0	0	8	128	0	0
#32	PLAYER_CHANGE_ROOM	25	300	0.000003	0.000000	4	0	0	64
#33	PLAYER_NEW_ROOM	0	0	0	0	142	76247	0	0
#37	PLAYER_ROOM_CHAT	189	3968	0.000027	0.000000	0	0	0	0
#38	PLAYER_TEXT	0	0	0	0	716	36662	0	0
#41	PLAYER_MOVIE	669	16768	0.000015	0.000000	669	0	10704	0
#42	PLAYER_MOVIE_DATA	0	0	0	0	3082	1277613	0	0
#45	PLAYER_DESTROY_OBJECT	0	0	0	0	83	1427	0	0
#52	PLAYER_SHIFT_ROOM	121	484	0.000012	0.000000	0	0	0	0
#57	PLAYER_GET_DESCRIPTION	9	36	0.000000	0.000000	9	0	2250	0
#58	PLAYER_GET_EXTENDED_PROPS	5	20	0.000000	0.000000	5	0	1787	0
#61	PLAYER_WHO	0	0	0	0	1	64	0	0
#69	COMBAT_EXIT	3	0	0.000000	0.000000	7	184	48	0
#78	MONEY_GIVE	1	12	0.000001	0.000001	1	0	16	0
#79	MONEY_TAKE	3	12	0.000000	0.000000	3	0	48	0
#80	CAST_SPELL	15	240	0.000002	0.000000	15	0	240	0
#81	PLAYER_INFO	0	0	0	0	35	1212	0	0
#87	GROUP_JOIN	2	8	0.000000	0.000000	6	98	116	0
#90	OLD_SECURITY	2	16	0.000000	0.000000	2	131	0	0
#92	GET_POSN	5	20	0.000000	0.000000	5	0	130	0
#98	LOGIN_UPDATE	0	0	0	0	5	55	0	0
#112	COMBAT_ACTION	117	1756	0.000003	0.000000	0	0	0	0
#130	PLAYER_CHARACTER_LOGIN	5	20	0.000001	0.000000	5	0	337	0
#135	MAIL_LIST_GET	0	0	0	0	5	0	55	64
#145		119	5588	0.000002	0.000000	0	0	0	0
#150	VERB_GET	16	216	0.000005	0.000000	16	0	256	0
#152	VERB_PUT_IN	1	12	0.000000	0.000000	1	0	16	0
#153	VERB_PUT_ON	6	72	0.000001	0.000000	6	0	96	0
#154	VERB_TAKE_OFF	2	24	0.000000	0.000000	2	0	32	0
#164	VERB_GIVE	3	52	0.000002	0.000001	3	0	48	0
#180	NPC_PULSE	1988	0	0.018900	0.000010	0	0	0	0
#182	COMBAT_PULSE	1988	0	0.000069	0.000000	0	0	0	0
#184	PROCESS_AFFECT_PULSE	33	0	0.002490	0.000075	0	0	0	0
#185	CHAR_DOIT_PULSE	2	0	0.000000	0.000000	0	0	0	0
#186	HEAL_PULSE	16	0	0.000001	0.000000	0	0	0	0
#188	MONSTER_PULSE	16	0	0.000007	0.000000	0	0	0	0
#189	MAINTENANCE_PULSE	16	0	0.000000	0.000000	0	0	0	0
#193	TOSS_DEAD_HOUSES	66	0	0.000000	0.000000	0	0	0	0
#194	DUNGEON_QUEUE_PULSE	132	0	0.000006	0.000000	0	0	0	0
#196	AMBUSH_PULSE	397	0	0.000017	0.000000	0	0	0	0
#197		33	0	0.000042	0.000001	0	0	0	0
#210	DATAMGR_LOG_PERMANENT	0	0	0	0	4	182	0	0
#211	DATAMGR_LOGIN	5	45020	0.000016	0.000003	5	153	0	0
#214	DATAMGR_SAVE_CHAR	0	0	0	0	177	1157241	0	0
#225	DATAMGR_HELLO	0	0	0	0	1	3	0	0
#233		5	76	0.000000	0.000000	5	50	0	0
#236		5	504	0.000000	0.000000	261	10192	0	0

	Total)	6198	76016	0.021625	0.000003	6361	2590393	18707	128

Slowest Msg #184 took  0.000085 seconds.
Total process time =  29.789072
Total run time =           1989