Msg#	Message	Count	Inbound	Total_Time	Average_Time	Count	Outbound	Acked	Naked
#1	CLIENT_CONNECTED	9	0	0.000000	0.000000	0	0	0	0
#2	CLIENT_HUNG_UP	6	0	0.000006	0.000001	0	0	0	0
#14	PLAYER_CHECK_LOGIN	9	212	0.000000	0.000000	9	189	0	0
#15	SECURITY	9	0	0.000000	0.000000	0	0	0	0
#16	INN_LOGIN	9	108	0.000000	0.000000	0	0	0	0
#17	SERVER_PING	538	2152	0.000008	0.000000	538	0	8608	0
#18	PLAYER_QUERY_CHARACTERS	9	0	0.000001	0.000000	9	21869	0	0
#21	PLAYER_LOGIN	0	0	0	0	9	0	144	0
#22	PLAYER_LOGOUT	4	0	0.000000	0.000000	0	0	0	0
#24	PLAYER_SYSTEM_MSG	0	0	0	0	12	2586	0	0
#25	PLAYER_ACK	0	0	0	0	3731	146085	0	0
#26	PLAYER_NAK	0	0	0	0	18	288	0	0
#32	PLAYER_CHANGE_ROOM	93	1116	0.000021	0.000000	2	0	0	32
#33	PLAYER_NEW_ROOM	0	0	0	0	372	460551	0	0
#37	PLAYER_ROOM_CHAT	70	964	0.000006	0.000000	0	0	0	0
#38	PLAYER_TEXT	0	0	0	0	380	19461	0	0
#41	PLAYER_MOVIE	2233	56716	0.000050	0.000000	2231	0	35696	0
#42	PLAYER_MOVIE_DATA	0	0	0	0	11473	833743	0	0
#45	PLAYER_DESTROY_OBJECT	0	0	0	0	900	16328	0	0
#48	PLAYER_CREATE_CHARACTER	3	76	0.000001	0.000000	3	0	607	16
#52	PLAYER_SHIFT_ROOM	287	1148	0.000048	0.000000	14	0	168	96
#55	PLAYER_GET_BIOGRAPHY	26	104	0.000001	0.000000	26	0	858	0
#56	PLAYER_SET_BIOGRAPHY	2	120	0.000000	0.000000	2	0	32	0
#57	PLAYER_GET_DESCRIPTION	40	160	0.000002	0.000000	40	0	14026	0
#58	PLAYER_GET_EXTENDED_PROPS	22	88	0.000001	0.000000	22	0	7773	0
#59	PLAYER_SET_HEAD_DATA	2	40	0.000000	0.000000	2	0	32	0
#61	PLAYER_WHO	0	0	0	0	9	277	0	0
#69	COMBAT_EXIT	183	0	0.000005	0.000000	374	3678	2928	0
#71	GET_SHOP_INFO	20	80	0.000003	0.000000	20	0	53105	0
#73	SHOP_EXAMINE	1	8	0.000000	0.000000	1	0	664	0
#74	SHOP_SELL	1	8	0.000000	0.000000	1	0	16	0
#75	SHOP_GET_PRICE	1	8	0.000000	0.000000	1	0	16	0
#79	MONEY_TAKE	39	156	0.000003	0.000000	39	0	624	0
#80	CAST_SPELL	111	1776	0.000017	0.000000	111	0	1776	0
#81	PLAYER_INFO	0	0	0	0	18	877	0	0
#87	GROUP_JOIN	3	12	0.000000	0.000000	9	141	144	0
#88	GROUP_LEAVE	0	0	0	0	4	52	0	0
#90	OLD_SECURITY	3	24	0.000000	0.000000	3	193	0	0
#92	GET_POSN	9	36	0.000000	0.000000	9	0	234	0
#94	GET_HOUSE	2	24	0.000000	0.000000	2	0	0	32
#95	GET_ENTRY_INFO	37	148	0.000001	0.000000	37	0	1116	16
#98	LOGIN_UPDATE	0	0	0	0	9	99	0	0
#104	TREE_GET	1	4	0.000000	0.000000	1	0	179	0
#112	COMBAT_ACTION	466	5292	0.000008	0.000000	0	0	0	0
#114	WHATS_NEW	1	0	0.000000	0.000000	1	49983	0	0
#115	SET_ENGRAVE_NAME	4	96	0.000000	0.000000	0	0	0	0
#116	GET_LOOK_INFO	13	52	0.000002	0.000000	13	0	4183	0
#126	MASS_SELL	3	132	0.000001	0.000000	3	0	247	0
#127	MASS_BUY	8	636	0.000002	0.000000	8	0	2629	0
#128	GET_SELL_PRICES	4	16	0.000000	0.000000	4	0	364	0
#130	PLAYER_CHARACTER_LOGIN	9	36	0.000003	0.000000	9	0	1319	0
#135	MAIL_LIST_GET	0	0	0	0	9	0	798	48
#136	MAIL_MESSAGE_GET	1	4	0.000000	0.000000	1	0	1367	0
#145		361	13768	0.000006	0.000000	0	0	0	0
#150	VERB_GET	98	1576	0.000029	0.000000	98	0	1568	0
#151	VERB_DROP	5	60	0.000000	0.000000	5	0	80	0
#152	VERB_PUT_IN	4	56	0.000000	0.000000	4	0	64	0
#153	VERB_PUT_ON	17	204	0.000002	0.000000	17	0	272	0
#154	VERB_TAKE_OFF	28	336	0.000002	0.000000	28	0	448	0
#155	VERB_OPEN	29	600	0.000004	0.000000	29	0	464	0
#156	VERB_CLOSE	1	20	0.000000	0.000000	1	0	16	0
#158	VERB_UNLOCK	3	100	0.000000	0.000000	3	0	48	0
#160	VERB_ENGAGE	97	1552	0.000009	0.000000	97	0	1520	32
#161	VERB_CONSUME	4	48	0.000000	0.000000	4	0	64	0
#164	VERB_GIVE	14	252	0.000012	0.000001	14	0	224	0
#165	VERB_MEMORIZE	97	1164	0.000010	0.000000	97	0	1536	16
#167	VERB_USE	2	24	0.000001	0.000001	2	0	32	0
#169	VERB_DYE	6	72	0.000001	0.000000	6	0	96	0
#180	NPC_PULSE	59421	0	0.504632	0.000008	0	0	0	0
#182	COMBAT_PULSE	59421	0	0.000140	0.000000	0	0	0	0
#184	PROCESS_AFFECT_PULSE	990	0	0.068360	0.000069	0	0	0	0
#185	CHAR_DOIT_PULSE	66	0	0.000001	0.000000	0	0	0	0
#186	HEAL_PULSE	495	0	0.000014	0.000000	0	0	0	0
#188	MONSTER_PULSE	495	0	0.000188	0.000000	0	0	0	0
#189	MAINTENANCE_PULSE	495	0	0.000000	0.000000	0	0	0	0
#193	TOSS_DEAD_HOUSES	1980	0	0.000012	0.000000	0	0	0	0
#194	DUNGEON_QUEUE_PULSE	3961	0	0.000246	0.000000	0	0	0	0
#196	AMBUSH_PULSE	11884	0	0.000532	0.000000	0	0	0	0
#197		990	0	0.000310	0.000000	0	0	0	0
#210	DATAMGR_LOG_PERMANENT	0	0	0	0	5	153	0	0
#211	DATAMGR_LOGIN	9	95496	0.000039	0.000004	9	280	0	0
#212	DATAMGR_LOGOUT	0	0	0	0	6	30	0	0
#213	DATAMGR_NEW_CHAR	3	60	0.000002	0.000001	3	3531	0	0
#214	DATAMGR_SAVE_CHAR	0	0	0	0	623	5256614	0	0
#221	DATAMGR_NEW_HOUSE	0	0	0	0	2	4318	0	0
#222	DATAMGR_WRITE_HOUSE	0	0	0	0	39	829100	0	0
#224	DATAMGR_GET_HOUSE	6	85876	0.000032	0.000005	6	114	0	0
#225	DATAMGR_HELLO	0	0	0	0	1	3	0	0
#231		1	49900	0.000000	0.000000	1	5	0	0
#232		0	0	0	0	4	178	0	0
#233		10	2108	0.000000	0.000000	10	104	0	0
#236		9	1444	0.000001	0.000000	370	15234	0	0

	Total)	145293	326268	0.574784	0.000004	21973	7666064	146085	288

Slowest Msg #184 took  0.000126 seconds.
Total process time =  731.992828
Total run time =          59422