Msg#	Message	Count	Inbound	Total_Time	Average_Time	Count	Outbound	Acked	Naked
#1	CLIENT_CONNECTED	99	0	0.000004	0.000000	0	0	0	0
#2	CLIENT_HUNG_UP	91	0	0.000103	0.000001	0	0	0	0
#14	PLAYER_CHECK_LOGIN	101	2384	0.000005	0.000000	101	2995	0	0
#15	SECURITY	92	0	0.000000	0.000000	0	0	0	0
#16	INN_LOGIN	92	1104	0.000002	0.000000	0	0	0	0
#17	SERVER_PING	11476	45904	0.000164	0.000000	11476	0	183616	0
#18	PLAYER_QUERY_CHARACTERS	92	0	0.000020	0.000000	92	250402	0	0
#21	PLAYER_LOGIN	0	0	0	0	92	0	1472	0
#22	PLAYER_LOGOUT	23	0	0.000000	0.000000	0	0	0	0
#24	PLAYER_SYSTEM_MSG	0	0	0	0	213	29382	0	0
#25	PLAYER_ACK	0	0	0	0	52954	1489450	0	0
#26	PLAYER_NAK	0	0	0	0	282	4512	0	0
#32	PLAYER_CHANGE_ROOM	924	11088	0.000264	0.000000	38	0	0	608
#33	PLAYER_NEW_ROOM	0	0	0	0	5966	9102296	0	0
#37	PLAYER_ROOM_CHAT	1289	23952	0.000236	0.000000	0	0	0	0
#38	PLAYER_TEXT	0	0	0	0	15721	871063	0	0
#41	PLAYER_MOVIE	30377	779556	0.000664	0.000000	30351	0	485616	0
#42	PLAYER_MOVIE_DATA	0	0	0	0	215667	25069101	0	0
#45	PLAYER_DESTROY_OBJECT	0	0	0	0	20151	360299	0	0
#48	PLAYER_CREATE_CHARACTER	2	40	0.000001	0.000000	2	0	621	0
#49	PLAYER_DESTROY_CHARACTER	1	4	0.000000	0.000000	1	0	16	0
#52	PLAYER_SHIFT_ROOM	5084	20336	0.001254	0.000000	63	0	1239	64
#55	PLAYER_GET_BIOGRAPHY	143	572	0.000003	0.000000	143	0	12839	0
#56	PLAYER_SET_BIOGRAPHY	2	120	0.000000	0.000000	2	0	32	0
#57	PLAYER_GET_DESCRIPTION	192	768	0.000012	0.000000	192	0	76447	0
#58	PLAYER_GET_EXTENDED_PROPS	163	652	0.000010	0.000000	163	0	54213	0
#59	PLAYER_SET_HEAD_DATA	2	40	0.000000	0.000000	2	0	32	0
#61	PLAYER_WHO	0	0	0	0	23	3111	0	0
#69	COMBAT_EXIT	2574	0	0.000072	0.000000	5194	86800	41184	0
#71	GET_SHOP_INFO	30	120	0.000017	0.000001	30	0	458685	0
#73	SHOP_EXAMINE	5	40	0.000000	0.000000	5	0	1721	0
#74	SHOP_SELL	2	16	0.000020	0.000010	2	0	32	0
#75	SHOP_GET_PRICE	2	16	0.000000	0.000000	2	0	32	0
#76	MONEY_DROP	2	16	0.000000	0.000000	2	0	32	0
#77	MONEY_PUT	1	12	0.000000	0.000000	1	0	16	0
#78	MONEY_GIVE	3	36	0.000003	0.000001	3	0	48	0
#79	MONEY_TAKE	660	2640	0.000079	0.000000	660	0	10448	112
#80	CAST_SPELL	1183	18928	0.000180	0.000000	1183	0	18880	48
#81	PLAYER_INFO	0	0	0	0	2669	97750	0	0
#84	FATAL_DATA	23	9448	0.000007	0.000000	23	0	368	0
#87	GROUP_JOIN	30	120	0.000001	0.000000	101	1700	1741	16
#88	GROUP_LEAVE	1	0	0.000000	0.000000	62	793	16	0
#90	OLD_SECURITY	29	232	0.000001	0.000000	29	1903	0	0
#92	GET_POSN	91	364	0.000003	0.000000	91	0	2366	0
#94	GET_HOUSE	20	256	0.000001	0.000000	20	0	0	320
#95	GET_ENTRY_INFO	312	1248	0.000009	0.000000	312	0	8556	576
#98	LOGIN_UPDATE	0	0	0	0	98	1078	0	0
#101	SHOP_RECHARGE	1	8	0.000000	0.000000	1	0	16	0
#102	SHOP_GET_RECHARGE_PRICE	1	8	0.000000	0.000000	1	0	16	0
#104	TREE_GET	9	36	0.000000	0.000000	9	0	1284	0
#105	TREE_CHOOSE_TOPIC	8	32	0.000000	0.000000	8	0	1235	0
#107	TREE_BACK	4	0	0.000000	0.000000	4	0	688	0
#108	QUEST_ACCEPT	5	20	0.000000	0.000000	5	0	500	0
#112	COMBAT_ACTION	4209	42732	0.000069	0.000000	0	0	0	0
#114	WHATS_NEW	1	0	0.000000	0.000000	1	12833	0	0
#115	SET_ENGRAVE_NAME	4	76	0.000000	0.000000	0	0	0	0
#116	GET_LOOK_INFO	72	288	0.000010	0.000000	72	0	22223	0
#126	MASS_SELL	34	1528	0.000024	0.000001	34	0	2954	0
#127	MASS_BUY	22	604	0.000003	0.000000	22	0	2908	0
#128	GET_SELL_PRICES	36	144	0.000003	0.000000	36	0	5868	0
#130	PLAYER_CHARACTER_LOGIN	91	364	0.000031	0.000000	91	0	5410	0
#131	GET_REPAIR_PRICES	20	80	0.000001	0.000000	20	0	1089	48
#132	MASS_REPAIR	16	520	0.000001	0.000000	16	0	256	0
#133	ROCKING	0	0	0	0	14	0	238	0
#135	MAIL_LIST_GET	0	0	0	0	91	0	273	1376
#145		3273	115236	0.000057	0.000000	0	0	0	0
#150	VERB_GET	2271	38980	0.002150	0.000001	2271	0	36144	192
#151	VERB_DROP	108	1308	0.000011	0.000000	108	0	1728	0
#152	VERB_PUT_IN	229	3076	0.000028	0.000000	229	0	3616	48
#153	VERB_PUT_ON	240	2900	0.000027	0.000000	240	0	3600	240
#154	VERB_TAKE_OFF	203	2456	0.000023	0.000000	203	0	3248	0
#155	VERB_OPEN	269	4988	0.000043	0.000000	269	0	3824	480
#156	VERB_CLOSE	21	348	0.000001	0.000000	21	0	336	0
#158	VERB_UNLOCK	85	2096	0.000007	0.000000	85	0	1136	224
#160	VERB_ENGAGE	1778	28712	0.000186	0.000000	1778	0	28336	112
#161	VERB_CONSUME	12	144	0.000001	0.000000	12	0	192	0
#162	VERB_SIT	2	24	0.000000	0.000000	2	0	32	0
#163	VERB_STAND	2	24	0.000000	0.000000	2	0	32	0
#164	VERB_GIVE	50	772	0.000063	0.000001	50	0	768	32
#165	VERB_MEMORIZE	45	540	0.000005	0.000000	45	0	704	16
#167	VERB_USE	20	240	0.000003	0.000000	20	0	320	0
#169	VERB_DYE	13	156	0.000001	0.000000	13	0	208	0
#180	NPC_PULSE	52348	0	0.483819	0.000009	0	0	0	0
#182	COMBAT_PULSE	52348	0	0.003886	0.000000	0	0	0	0
#184	PROCESS_AFFECT_PULSE	872	0	0.064543	0.000074	0	0	0	0
#185	CHAR_DOIT_PULSE	58	0	0.000001	0.000000	0	0	0	0
#186	HEAL_PULSE	436	0	0.000024	0.000000	0	0	0	0
#188	MONSTER_PULSE	436	0	0.000678	0.000002	0	0	0	0
#189	MAINTENANCE_PULSE	436	0	0.000000	0.000000	0	0	0	0
#193	TOSS_DEAD_HOUSES	1744	0	0.000191	0.000000	0	0	0	0
#194	DUNGEON_QUEUE_PULSE	3489	0	0.000826	0.000000	0	0	0	0
#196	AMBUSH_PULSE	10469	0	0.000403	0.000000	0	0	0	0
#197		872	0	0.005079	0.000006	0	0	0	0
#210	DATAMGR_LOG_PERMANENT	0	0	0	0	118	4722	0	0
#211	DATAMGR_LOGIN	98	1070404	0.000429	0.000004	98	2977	0	0
#212	DATAMGR_LOGOUT	0	0	0	0	84	420	0	0
#213	DATAMGR_NEW_CHAR	2	40	0.000001	0.000001	2	2555	0	0
#214	DATAMGR_SAVE_CHAR	0	0	0	0	13671	117109928	0	0
#215	DATAMGR_DEL_CHAR	0	0	0	0	1	9	0	0
#221	DATAMGR_NEW_HOUSE	0	0	0	0	2	4298	0	0
#222	DATAMGR_WRITE_HOUSE	0	0	0	0	1975	41220352	0	0
#224	DATAMGR_GET_HOUSE	70	2242200	0.000751	0.000011	70	1366	0	0
#225	DATAMGR_HELLO	0	0	0	0	1	3	0	0
#231		1	12816	0.000000	0.000000	1	5	0	0
#232		0	0	0	0	4	134	0	0
#233		91	904	0.000001	0.000000	91	910	0	0
#234		0	0	0	0	2	18	0	0
#236		93	6200	0.000004	0.000000	7035	289486	0	0

	Total)	192230	4501016	0.566524	0.000003	393110	196022651	1489450	4512

Slowest Msg #184 took  0.000128 seconds.
Total process time =  789.532954
Total run time =          52350