Msg#	Message	Count	Inbound	Total_Time	Average_Time	Count	Outbound	Acked	Naked
#1	CLIENT_CONNECTED	27	0	0.000001	0.000000	0	0	0	0
#2	CLIENT_HUNG_UP	26	0	0.000022	0.000001	0	0	0	0
#14	PLAYER_CHECK_LOGIN	29	560	0.000001	0.000000	29	789	0	0
#15	SECURITY	27	0	0.000000	0.000000	0	0	0	0
#16	INN_LOGIN	27	324	0.000001	0.000000	0	0	0	0
#17	SERVER_PING	2415	9660	0.000043	0.000000	2415	0	38640	0
#18	PLAYER_QUERY_CHARACTERS	27	0	0.000003	0.000000	27	27624	0	0
#21	PLAYER_LOGIN	0	0	0	0	27	0	432	0
#22	PLAYER_LOGOUT	10	0	0.000000	0.000000	0	0	0	0
#24	PLAYER_SYSTEM_MSG	0	0	0	0	7	1204	0	0
#25	PLAYER_ACK	0	0	0	0	4127	292633	0	0
#26	PLAYER_NAK	0	0	0	0	37	592	0	0
#32	PLAYER_CHANGE_ROOM	45	540	0.000007	0.000000	1	0	0	16
#33	PLAYER_NEW_ROOM	0	0	0	0	163	125773	0	0
#37	PLAYER_ROOM_CHAT	120	1464	0.000008	0.000000	0	0	0	0
#38	PLAYER_TEXT	0	0	0	0	382	19749	0	0
#41	PLAYER_MOVIE	1103	26192	0.000026	0.000000	1099	0	17584	0
#42	PLAYER_MOVIE_DATA	0	0	0	0	11919	412470	0	0
#45	PLAYER_DESTROY_OBJECT	0	0	0	0	845	15121	0	0
#48	PLAYER_CREATE_CHARACTER	1	28	0.000001	0.000001	1	0	503	0
#52	PLAYER_SHIFT_ROOM	119	476	0.000017	0.000000	4	0	84	0
#55	PLAYER_GET_BIOGRAPHY	14	56	0.000000	0.000000	14	0	1022	0
#56	PLAYER_SET_BIOGRAPHY	1	60	0.000000	0.000000	1	0	16	0
#58	PLAYER_GET_EXTENDED_PROPS	33	132	0.000002	0.000000	33	0	11380	0
#59	PLAYER_SET_HEAD_DATA	1	20	0.000000	0.000000	1	0	16	0
#61	PLAYER_WHO	0	0	0	0	4	104	0	0
#69	COMBAT_EXIT	136	0	0.000004	0.000000	272	2580	2176	0
#71	GET_SHOP_INFO	6	24	0.000009	0.000001	6	0	207060	0
#73	SHOP_EXAMINE	11	88	0.000001	0.000000	11	0	3505	0
#74	SHOP_SELL	1	8	0.000000	0.000000	1	0	16	0
#75	SHOP_GET_PRICE	1	8	0.000000	0.000000	1	0	16	0
#80	CAST_SPELL	32	512	0.000004	0.000000	32	0	512	0
#81	PLAYER_INFO	0	0	0	0	132	5060	0	0
#92	GET_POSN	26	104	0.000001	0.000000	26	0	676	0
#94	GET_HOUSE	4	48	0.000000	0.000000	4	0	0	64
#95	GET_ENTRY_INFO	3	12	0.000000	0.000000	3	0	93	0
#98	LOGIN_UPDATE	0	0	0	0	29	319	0	0
#103	SET_TITLE	2	40	0.000001	0.000000	2	0	32	0
#112	COMBAT_ACTION	153	836	0.000003	0.000000	0	0	0	0
#116	GET_LOOK_INFO	7	28	0.000001	0.000000	7	0	2223	0
#126	MASS_SELL	3	116	0.000001	0.000000	3	0	223	0
#127	MASS_BUY	5	112	0.000001	0.000000	5	0	904	0
#128	GET_SELL_PRICES	3	12	0.000000	0.000000	3	0	267	0
#130	PLAYER_CHARACTER_LOGIN	26	104	0.000007	0.000000	26	0	908	0
#131	GET_REPAIR_PRICES	1	4	0.000000	0.000000	1	0	41	0
#132	MASS_REPAIR	1	20	0.000000	0.000000	1	0	16	0
#135	MAIL_LIST_GET	0	0	0	0	26	0	0	416
#145		70	1648	0.000001	0.000000	0	0	0	0
#150	VERB_GET	50	608	0.000021	0.000000	50	0	784	16
#152	VERB_PUT_IN	5	60	0.000000	0.000000	5	0	80	0
#153	VERB_PUT_ON	40	492	0.000003	0.000000	40	0	592	48
#154	VERB_TAKE_OFF	29	348	0.000003	0.000000	29	0	464	0
#155	VERB_OPEN	3	52	0.000000	0.000000	3	0	48	0
#160	VERB_ENGAGE	139	2240	0.000011	0.000000	139	0	2208	16
#165	VERB_MEMORIZE	5	60	0.000000	0.000000	5	0	64	16
#169	VERB_DYE	3	36	0.000000	0.000000	3	0	48	0
#180	NPC_PULSE	158861	0	1.622801	0.000010	0	0	0	0
#182	COMBAT_PULSE	158861	0	0.000234	0.000000	0	0	0	0
#184	PROCESS_AFFECT_PULSE	2647	0	0.216710	0.000082	0	0	0	0
#185	CHAR_DOIT_PULSE	176	0	0.000003	0.000000	0	0	0	0
#186	HEAL_PULSE	1323	0	0.000043	0.000000	0	0	0	0
#188	MONSTER_PULSE	1323	0	0.000734	0.000001	0	0	0	0
#189	MAINTENANCE_PULSE	1323	0	0.000001	0.000000	0	0	0	0
#193	TOSS_DEAD_HOUSES	5295	0	0.000011	0.000000	0	0	0	0
#194	DUNGEON_QUEUE_PULSE	10590	0	0.000460	0.000000	0	0	0	0
#196	AMBUSH_PULSE	31772	0	0.001318	0.000000	0	0	0	0
#197		2647	0	0.000785	0.000000	0	0	0	0
#210	DATAMGR_LOG_PERMANENT	0	0	0	0	54	1863	0	0
#211	DATAMGR_LOGIN	29	120100	0.000060	0.000002	29	746	0	0
#212	DATAMGR_LOGOUT	0	0	0	0	26	130	0	0
#213	DATAMGR_NEW_CHAR	1	20	0.000001	0.000001	1	2013	0	0
#214	DATAMGR_SAVE_CHAR	0	0	0	0	2513	10184093	0	0
#221	DATAMGR_NEW_HOUSE	0	0	0	0	1	3255	0	0
#222	DATAMGR_WRITE_HOUSE	0	0	0	0	86	290485	0	0
#224	DATAMGR_GET_HOUSE	7	25260	0.000006	0.000001	7	134	0	0
#225	DATAMGR_HELLO	0	0	0	0	1	3	0	0
#233		26	208	0.000000	0.000000	26	260	0	0
#236		26	864	0.000001	0.000000	96	2080	0	0

	Total)	379697	193584	1.843375	0.000005	24841	11389080	292633	592

Slowest Msg #180 took  0.000136 seconds.
Total process time = -1596.848496
Total run time =         158862