Msg#	Message	Count	Inbound	Total_Time	Average_Time	Count	Outbound	Acked	Naked
#1	CLIENT_CONNECTED	7	0	0.000000	0.000000	0	0	0	0
#2	CLIENT_HUNG_UP	3	0	0.000002	0.000001	0	0	0	0
#14	PLAYER_CHECK_LOGIN	7	180	0.000000	0.000000	7	147	0	0
#15	SECURITY	7	0	0.000000	0.000000	0	0	0	0
#16	INN_LOGIN	7	84	0.000000	0.000000	0	0	0	0
#17	SERVER_PING	90	360	0.000002	0.000000	90	0	1440	0
#18	PLAYER_QUERY_CHARACTERS	7	0	0.000001	0.000000	7	16008	0	0
#21	PLAYER_LOGIN	0	0	0	0	7	0	112	0
#22	PLAYER_LOGOUT	2	0	0.000000	0.000000	0	0	0	0
#24	PLAYER_SYSTEM_MSG	0	0	0	0	9	970	0	0
#25	PLAYER_ACK	0	0	0	0	922	22554	0	0
#26	PLAYER_NAK	0	0	0	0	12	192	0	0
#32	PLAYER_CHANGE_ROOM	33	396	0.000007	0.000000	0	0	0	0
#33	PLAYER_NEW_ROOM	0	0	0	0	102	123052	0	0
#37	PLAYER_ROOM_CHAT	132	3700	0.000020	0.000000	0	0	0	0
#38	PLAYER_TEXT	0	0	0	0	476	31475	0	0
#41	PLAYER_MOVIE	498	12272	0.000011	0.000000	498	0	7968	0
#42	PLAYER_MOVIE_DATA	0	0	0	0	3508	562926	0	0
#45	PLAYER_DESTROY_OBJECT	0	0	0	0	317	5801	0	0
#52	PLAYER_SHIFT_ROOM	70	280	0.000013	0.000000	1	0	0	16
#55	PLAYER_GET_BIOGRAPHY	8	32	0.000000	0.000000	8	0	584	0
#57	PLAYER_GET_DESCRIPTION	4	16	0.000000	0.000000	4	0	1697	0
#58	PLAYER_GET_EXTENDED_PROPS	11	44	0.000000	0.000000	11	0	3875	0
#61	PLAYER_WHO	0	0	0	0	1	29	0	0
#69	COMBAT_EXIT	85	0	0.000002	0.000000	188	1962	1360	0
#79	MONEY_TAKE	40	160	0.000003	0.000000	40	0	640	0
#80	CAST_SPELL	76	1216	0.000011	0.000000	76	0	1216	0
#81	PLAYER_INFO	0	0	0	0	14	670	0	0
#87	GROUP_JOIN	4	16	0.000000	0.000000	13	213	243	0
#88	GROUP_LEAVE	0	0	0	0	4	52	0	0
#90	OLD_SECURITY	4	32	0.000000	0.000000	4	298	0	0
#92	GET_POSN	7	28	0.000000	0.000000	7	0	182	0
#94	GET_HOUSE	2	28	0.000000	0.000000	2	0	0	32
#95	GET_ENTRY_INFO	2	8	0.000000	0.000000	2	0	62	0
#98	LOGIN_UPDATE	0	0	0	0	7	77	0	0
#112	COMBAT_ACTION	126	1208	0.000002	0.000000	0	0	0	0
#116	GET_LOOK_INFO	4	16	0.000000	0.000000	4	0	1422	0
#130	PLAYER_CHARACTER_LOGIN	7	28	0.000003	0.000000	7	0	423	0
#135	MAIL_LIST_GET	0	0	0	0	7	0	82	96
#145		127	3820	0.000003	0.000000	0	0	0	0
#150	VERB_GET	46	700	0.000026	0.000001	46	0	736	0
#151	VERB_DROP	1	12	0.000000	0.000000	1	0	16	0
#153	VERB_PUT_ON	7	84	0.000001	0.000000	7	0	96	16
#154	VERB_TAKE_OFF	5	60	0.000000	0.000000	5	0	80	0
#155	VERB_OPEN	4	84	0.000000	0.000000	4	0	64	0
#160	VERB_ENGAGE	15	240	0.000001	0.000000	15	0	208	32
#164	VERB_GIVE	2	48	0.000002	0.000001	2	0	32	0
#165	VERB_MEMORIZE	1	12	0.000000	0.000000	1	0	16	0
#180	NPC_PULSE	1768	0	0.021771	0.000012	0	0	0	0
#182	COMBAT_PULSE	1768	0	0.000099	0.000000	0	0	0	0
#184	PROCESS_AFFECT_PULSE	29	0	0.002276	0.000078	0	0	0	0
#185	CHAR_DOIT_PULSE	1	0	0.000000	0.000000	0	0	0	0
#186	HEAL_PULSE	14	0	0.000000	0.000000	0	0	0	0
#188	MONSTER_PULSE	14	0	0.000011	0.000001	0	0	0	0
#189	MAINTENANCE_PULSE	14	0	0.000000	0.000000	0	0	0	0
#193	TOSS_DEAD_HOUSES	58	0	0.000007	0.000000	0	0	0	0
#194	DUNGEON_QUEUE_PULSE	117	0	0.000002	0.000000	0	0	0	0
#196	AMBUSH_PULSE	353	0	0.000011	0.000000	0	0	0	0
#197		29	0	0.000051	0.000002	0	0	0	0
#210	DATAMGR_LOG_PERMANENT	0	0	0	0	11	483	0	0
#211	DATAMGR_LOGIN	7	70748	0.000046	0.000007	7	216	0	0
#212	DATAMGR_LOGOUT	0	0	0	0	3	15	0	0
#214	DATAMGR_SAVE_CHAR	0	0	0	0	134	1009223	0	0
#222	DATAMGR_WRITE_HOUSE	0	0	0	0	10	362129	0	0
#224	DATAMGR_GET_HOUSE	3	75756	0.000042	0.000014	3	60	0	0
#225	DATAMGR_HELLO	0	0	0	0	1	3	0	0
#233		7	116	0.000000	0.000000	7	70	0	0
#234		0	0	0	0	1	9	0	0
#236		7	592	0.000000	0.000000	134	4144	0	0

	Total)	5640	172376	0.024431	0.000004	6747	2142778	22554	192

Slowest Msg #180 took  0.000104 seconds.
Total process time =  34.824338
Total run time =           1769