Msg#	Message	Count	Inbound	Total_Time	Average_Time	Count	Outbound	Acked	Naked
#1	CLIENT_CONNECTED	41	0	0.000002	0.000000	0	0	0	0
#2	CLIENT_HUNG_UP	31	0	0.000088	0.000003	0	0	0	0
#14	PLAYER_CHECK_LOGIN	42	1056	0.000002	0.000000	42	1062	0	0
#15	SECURITY	40	0	0.000000	0.000000	0	0	0	0
#16	INN_LOGIN	40	480	0.000001	0.000000	0	0	0	0
#17	SERVER_PING	2421	9684	0.000051	0.000000	2421	0	38736	0
#18	PLAYER_QUERY_CHARACTERS	40	0	0.000015	0.000000	40	160749	0	0
#21	PLAYER_LOGIN	0	0	0	0	40	0	640	0
#22	PLAYER_LOGOUT	4	0	0.000000	0.000000	0	0	0	0
#24	PLAYER_SYSTEM_MSG	0	0	0	0	68	5731	0	0
#25	PLAYER_ACK	0	0	0	0	18133	451295	0	0
#26	PLAYER_NAK	0	0	0	0	376	6016	0	0
#32	PLAYER_CHANGE_ROOM	543	6516	0.000204	0.000000	34	0	0	544
#33	PLAYER_NEW_ROOM	0	0	0	0	1749	1757433	0	0
#37	PLAYER_ROOM_CHAT	878	23652	0.000201	0.000000	0	0	0	0
#38	PLAYER_TEXT	0	0	0	0	2651	139467	0	0
#41	PLAYER_MOVIE	10920	267348	0.000346	0.000000	10920	0	174720	0
#42	PLAYER_MOVIE_DATA	0	0	0	0	36304	8611863	0	0
#45	PLAYER_DESTROY_OBJECT	0	0	0	0	4245	76921	0	0
#52	PLAYER_SHIFT_ROOM	1243	4972	0.000476	0.000000	10	0	147	48
#55	PLAYER_GET_BIOGRAPHY	102	408	0.000003	0.000000	102	0	7446	0
#57	PLAYER_GET_DESCRIPTION	130	520	0.000017	0.000000	130	0	47225	0
#58	PLAYER_GET_EXTENDED_PROPS	91	364	0.000009	0.000000	91	0	31906	0
#61	PLAYER_WHO	0	0	0	0	33	1661	0	0
#69	COMBAT_EXIT	640	0	0.000027	0.000000	1301	18526	10240	0
#71	GET_SHOP_INFO	22	88	0.000004	0.000000	22	0	49032	0
#74	SHOP_SELL	3	24	0.000004	0.000001	3	0	48	0
#75	SHOP_GET_PRICE	3	24	0.000000	0.000000	3	0	48	0
#76	MONEY_DROP	1	8	0.000000	0.000000	1	0	16	0
#77	MONEY_PUT	1	12	0.000000	0.000000	1	0	16	0
#79	MONEY_TAKE	603	2412	0.000127	0.000000	603	0	9632	16
#80	CAST_SPELL	474	7584	0.000175	0.000000	474	0	7552	32
#81	PLAYER_INFO	0	0	0	0	717	25376	0	0
#84	FATAL_DATA	8	2980	0.000005	0.000001	8	0	128	0
#87	GROUP_JOIN	5	20	0.000000	0.000000	18	332	327	0
#88	GROUP_LEAVE	0	0	0	0	14	182	0	0
#90	OLD_SECURITY	5	40	0.000000	0.000000	5	331	0	0
#92	GET_POSN	40	160	0.000002	0.000000	40	0	1040	0
#94	GET_HOUSE	20	244	0.000001	0.000000	20	0	0	320
#95	GET_ENTRY_INFO	373	1492	0.000018	0.000000	373	0	7006	2352
#98	LOGIN_UPDATE	0	0	0	0	42	462	0	0
#104	TREE_GET	11	44	0.000001	0.000000	11	0	1844	0
#105	TREE_CHOOSE_TOPIC	9	36	0.000000	0.000000	9	0	1205	0
#107	TREE_BACK	4	0	0.000000	0.000000	4	0	651	0
#108	QUEST_ACCEPT	4	16	0.000000	0.000000	4	0	413	0
#110	GET_QUEST_LIST	1	0	0.000000	0.000000	1	0	19	0
#112	COMBAT_ACTION	1163	8324	0.000034	0.000000	0	0	0	0
#114	WHATS_NEW	10	0	0.000001	0.000000	10	163356	0	0
#116	GET_LOOK_INFO	51	204	0.000011	0.000000	51	0	16433	0
#126	MASS_SELL	9	300	0.000015	0.000002	9	0	573	0
#127	MASS_BUY	17	836	0.000017	0.000001	17	0	3193	0
#128	GET_SELL_PRICES	9	36	0.000001	0.000000	9	0	1817	0
#130	PLAYER_CHARACTER_LOGIN	40	160	0.000013	0.000000	40	0	2298	0
#131	GET_REPAIR_PRICES	17	68	0.000001	0.000000	17	0	871	32
#132	MASS_REPAIR	15	428	0.000001	0.000000	15	0	240	0
#135	MAIL_LIST_GET	4	0	0.000000	0.000000	44	0	386	592
#136	MAIL_MESSAGE_GET	2	8	0.000000	0.000000	2	0	154	0
#137	MAIL_MESSAGE_DELETE	2	8	0.000000	0.000000	2	0	42	0
#138	MAIL_MESSAGE_SEND	3	300	0.000000	0.000000	3	0	51	0
#145		792	21068	0.000022	0.000000	0	0	0	0
#150	VERB_GET	910	14204	0.001009	0.000001	910	0	14544	16
#151	VERB_DROP	94	1136	0.000018	0.000000	94	0	1504	0
#152	VERB_PUT_IN	89	1096	0.000020	0.000000	89	0	1424	0
#153	VERB_PUT_ON	108	1304	0.000020	0.000000	108	0	1568	160
#154	VERB_TAKE_OFF	93	1136	0.000019	0.000000	93	0	1456	32
#155	VERB_OPEN	159	3208	0.000033	0.000000	159	0	2304	240
#156	VERB_CLOSE	17	224	0.000001	0.000000	17	0	272	0
#158	VERB_UNLOCK	96	1948	0.000009	0.000000	96	0	256	1280
#160	VERB_ENGAGE	601	9852	0.000111	0.000000	601	0	9568	48
#161	VERB_CONSUME	5	60	0.000001	0.000000	5	0	80	0
#162	VERB_SIT	2	24	0.000000	0.000000	2	0	32	0
#163	VERB_STAND	1	12	0.000000	0.000000	1	0	16	0
#164	VERB_GIVE	35	508	0.000084	0.000002	35	0	512	48
#165	VERB_MEMORIZE	111	1332	0.000048	0.000000	111	0	1552	224
#167	VERB_USE	3	36	0.000001	0.000000	3	0	48	0
#169	VERB_DYE	6	72	0.000001	0.000000	6	0	64	32
#180	NPC_PULSE	30034	0	0.437969	0.000015	0	0	0	0
#182	COMBAT_PULSE	30034	0	0.002840	0.000000	0	0	0	0
#184	PROCESS_AFFECT_PULSE	500	0	0.058725	0.000117	0	0	0	0
#185	CHAR_DOIT_PULSE	33	0	0.000001	0.000000	0	0	0	0
#186	HEAL_PULSE	250	0	0.000022	0.000000	0	0	0	0
#188	MONSTER_PULSE	250	0	0.000257	0.000001	0	0	0	0
#189	MAINTENANCE_PULSE	250	0	0.000000	0.000000	0	0	0	0
#193	TOSS_DEAD_HOUSES	1001	0	0.000092	0.000000	0	0	0	0
#194	DUNGEON_QUEUE_PULSE	2002	0	0.004638	0.000002	0	0	0	0
#196	AMBUSH_PULSE	6006	0	0.000472	0.000000	0	0	0	0
#197		500	0	0.002599	0.000005	0	0	0	0
#210	DATAMGR_LOG_PERMANENT	0	0	0	0	33	1319	0	0
#211	DATAMGR_LOGIN	42	857992	0.000527	0.000013	42	1329	0	0
#212	DATAMGR_LOGOUT	0	0	0	0	30	150	0	0
#214	DATAMGR_SAVE_CHAR	0	0	0	0	3223	45444723	0	0
#222	DATAMGR_WRITE_HOUSE	0	0	0	0	787	10058248	0	0
#224	DATAMGR_GET_HOUSE	33	640792	0.000298	0.000009	33	621	0	0
#225	DATAMGR_HELLO	0	0	0	0	1	3	0	0
#231		10	163120	0.000001	0.000000	10	50	0	0
#233		51	768	0.000001	0.000000	51	844	0	0
#236		41	2892	0.000005	0.000000	2757	81951	0	0
#254	CLIENT_HACKED_MSG	1	8	0.000000	0.000000	0	0	0	0

	Total)	94295	2063648	0.511718	0.000005	90579	67010001	451295	6016

Slowest Msg #184 took  0.000176 seconds.
Total process time =  688.511389
Total run time =          30035