Msg#	Message	Count	Inbound	Total_Time	Average_Time	Count	Outbound	Acked	Naked
#1	CLIENT_CONNECTED	329	0	0.000016	0.000000	0	0	0	0
#2	CLIENT_HUNG_UP	307	0	0.000324	0.000001	0	0	0	0
#14	PLAYER_CHECK_LOGIN	331	8040	0.000017	0.000000	331	8597	0	0
#15	SECURITY	314	0	0.000001	0.000000	0	0	0	0
#16	INN_LOGIN	314	3768	0.000006	0.000000	0	0	0	0
#17	SERVER_PING	96255	385020	0.001664	0.000000	96255	0	1540080	0
#18	PLAYER_QUERY_CHARACTERS	314	0	0.000056	0.000000	314	486467	0	0
#21	PLAYER_LOGIN	0	0	0	0	314	0	5024	0
#22	PLAYER_LOGOUT	69	0	0.000000	0.000000	0	0	0	0
#24	PLAYER_SYSTEM_MSG	0	0	0	0	100	19243	0	0
#25	PLAYER_ACK	0	0	0	0	213220	5059017	0	0
#26	PLAYER_NAK	0	0	0	0	1538	24608	0	0
#32	PLAYER_CHANGE_ROOM	5960	71520	0.001955	0.000000	217	0	0	3472
#33	PLAYER_NEW_ROOM	0	0	0	0	14141	22938387	0	0
#37	PLAYER_ROOM_CHAT	2282	46428	0.000497	0.000000	0	0	0	0
#38	PLAYER_TEXT	0	0	0	0	61147	3450650	0	0
#41	PLAYER_MOVIE	80157	1950500	0.002297	0.000000	80118	0	1281888	0
#42	PLAYER_MOVIE_DATA	0	0	0	0	1322452	105589846	0	0
#45	PLAYER_DESTROY_OBJECT	0	0	0	0	91316	1614768	0	0
#48	PLAYER_CREATE_CHARACTER	14	360	0.000007	0.000000	14	0	4469	0
#49	PLAYER_DESTROY_CHARACTER	2	8	0.000001	0.000000	2	0	32	0
#52	PLAYER_SHIFT_ROOM	8444	33776	0.002366	0.000000	114	0	1428	736
#55	PLAYER_GET_BIOGRAPHY	629	2516	0.000014	0.000000	629	0	42675	0
#56	PLAYER_SET_BIOGRAPHY	14	840	0.000002	0.000000	14	0	224	0
#57	PLAYER_GET_DESCRIPTION	1517	6068	0.000106	0.000000	1517	0	512839	0
#58	PLAYER_GET_EXTENDED_PROPS	616	2464	0.000034	0.000000	616	0	206337	0
#59	PLAYER_SET_HEAD_DATA	14	280	0.000002	0.000000	14	0	224	0
#61	PLAYER_WHO	0	0	0	0	43	8228	0	0
#69	COMBAT_EXIT	6312	0	0.000247	0.000000	13478	148280	100992	0
#71	GET_SHOP_INFO	193	772	0.000035	0.000000	193	0	736050	0
#73	SHOP_EXAMINE	20	160	0.000002	0.000000	20	0	5260	0
#74	SHOP_SELL	34	272	0.000078	0.000002	34	0	544	0
#75	SHOP_GET_PRICE	36	288	0.000003	0.000000	36	0	576	0
#76	MONEY_DROP	1	8	0.000000	0.000000	1	0	16	0
#77	MONEY_PUT	53	636	0.000005	0.000000	53	0	848	0
#78	MONEY_GIVE	25	300	0.000030	0.000001	25	0	400	0
#79	MONEY_TAKE	1215	4860	0.000176	0.000000	1215	0	19312	128
#80	CAST_SPELL	7324	117184	0.001439	0.000000	7324	0	116832	352
#81	PLAYER_INFO	0	0	0	0	600	27149	0	0
#84	FATAL_DATA	11	4848	0.000006	0.000001	11	0	176	0
#87	GROUP_JOIN	173	692	0.000006	0.000000	590	9856	10332	128
#88	GROUP_LEAVE	12	0	0.000000	0.000000	336	4212	192	0
#90	OLD_SECURITY	164	1312	0.000007	0.000000	165	10891	0	0
#92	GET_POSN	300	1200	0.000011	0.000000	300	0	7800	0
#94	GET_HOUSE	68	848	0.000004	0.000000	68	0	0	1088
#95	GET_ENTRY_INFO	1760	7040	0.000061	0.000000	1760	0	37293	8912
#98	LOGIN_UPDATE	0	0	0	0	329	3619	0	0
#101	SHOP_RECHARGE	6	48	0.000000	0.000000	6	0	96	0
#102	SHOP_GET_RECHARGE_PRICE	7	56	0.000000	0.000000	7	0	112	0
#104	TREE_GET	10	40	0.000001	0.000000	10	0	1665	0
#105	TREE_CHOOSE_TOPIC	20	80	0.000000	0.000000	20	0	4684	0
#106	TREE_GET_TEXT	7	28	0.000000	0.000000	7	0	1036	0
#107	TREE_BACK	9	0	0.000000	0.000000	9	0	2506	0
#108	QUEST_ACCEPT	3	12	0.000000	0.000000	3	0	309	0
#110	GET_QUEST_LIST	2	0	0.000000	0.000000	2	0	38	0
#112	COMBAT_ACTION	21061	239880	0.000412	0.000000	0	0	0	0
#114	WHATS_NEW	5	0	0.000000	0.000000	5	32155	0	0
#115	SET_ENGRAVE_NAME	13	228	0.000000	0.000000	0	0	0	0
#116	GET_LOOK_INFO	315	1260	0.000040	0.000000	315	0	94619	0
#117	SELL_CRYSTALS	2	16	0.000000	0.000000	2	0	50	0
#126	MASS_SELL	109	6340	0.000108	0.000001	109	0	12321	0
#127	MASS_BUY	128	4024	0.000022	0.000000	128	0	19791	0
#128	GET_SELL_PRICES	120	480	0.000010	0.000000	120	0	20136	0
#130	PLAYER_CHARACTER_LOGIN	300	1200	0.000062	0.000000	300	0	12783	0
#131	GET_REPAIR_PRICES	69	276	0.000004	0.000000	69	0	3595	160
#132	MASS_REPAIR	58	1728	0.000002	0.000000	58	0	928	0
#135	MAIL_LIST_GET	1	0	0.000000	0.000000	301	0	2394	4560
#136	MAIL_MESSAGE_GET	1	4	0.000000	0.000000	1	0	287	0
#145		19860	568092	0.000420	0.000000	0	0	0	0
#150	VERB_GET	8379	142212	0.006873	0.000001	8379	0	133024	1040
#151	VERB_DROP	595	7272	0.000077	0.000000	595	0	9440	80
#152	VERB_PUT_IN	929	12148	0.000125	0.000000	929	0	14752	112
#153	VERB_PUT_ON	807	9684	0.000098	0.000000	807	0	11632	1280
#154	VERB_TAKE_OFF	563	6764	0.000063	0.000000	563	0	8912	96
#155	VERB_OPEN	756	14624	0.000102	0.000000	756	0	11536	560
#156	VERB_CLOSE	47	756	0.000003	0.000000	47	0	720	32
#157	VERB_LOCK	1	12	0.000000	0.000000	1	0	16	0
#158	VERB_UNLOCK	153	3676	0.000030	0.000000	153	0	2352	96
#160	VERB_ENGAGE	2548	41028	0.000308	0.000000	2548	0	40160	608
#161	VERB_CONSUME	160	1920	0.000024	0.000000	160	0	2560	0
#162	VERB_SIT	37	444	0.000002	0.000000	37	0	592	0
#163	VERB_STAND	16	192	0.000001	0.000000	16	0	256	0
#164	VERB_GIVE	363	5712	0.000340	0.000001	363	0	5520	288
#165	VERB_MEMORIZE	468	5616	0.000056	0.000000	468	0	6624	864
#167	VERB_USE	58	696	0.000009	0.000000	58	0	928	0
#169	VERB_DYE	51	612	0.000010	0.000000	51	0	800	16
#180	NPC_PULSE	302335	0	-1.116746	-0.000004	0	0	0	0
#182	COMBAT_PULSE	302335	0	0.007875	0.000000	0	0	0	0
#184	PROCESS_AFFECT_PULSE	5038	0	0.442718	0.000088	0	0	0	0
#185	CHAR_DOIT_PULSE	335	0	0.000010	0.000000	0	0	0	0
#186	HEAL_PULSE	2519	0	0.000153	0.000000	0	0	0	0
#188	MONSTER_PULSE	2519	0	0.002077	0.000001	0	0	0	0
#189	MAINTENANCE_PULSE	2519	0	0.000001	0.000000	0	0	0	0
#193	TOSS_DEAD_HOUSES	10077	0	0.000677	0.000000	0	0	0	0
#194	DUNGEON_QUEUE_PULSE	20155	0	0.011158	0.000001	0	0	0	0
#196	AMBUSH_PULSE	60467	0	0.002899	0.000000	0	0	0	0
#197		5038	0	0.051624	0.000010	0	0	0	0
#210	DATAMGR_LOG_PERMANENT	0	0	0	0	165	8363	0	0
#211	DATAMGR_LOGIN	329	2093500	0.000968	0.000003	329	10115	0	0
#212	DATAMGR_LOGOUT	0	0	0	0	292	1460	0	0
#213	DATAMGR_NEW_CHAR	14	280	0.000011	0.000001	14	18218	0	0
#214	DATAMGR_SAVE_CHAR	0	0	0	0	103721	600951027	0	0
#215	DATAMGR_DEL_CHAR	0	0	0	0	2	18	0	0
#218	DATAMGR_REVOKE	0	0	0	0	2	12	0	0
#219	DATAMGR_GAG	0	0	0	0	1	6	0	0
#221	DATAMGR_NEW_HOUSE	0	0	0	0	14	30332	0	0
#222	DATAMGR_WRITE_HOUSE	0	0	0	0	23211	513892334	0	0
#224	DATAMGR_GET_HOUSE	343	4861148	0.002044	0.000006	343	6580	0	0
#225	DATAMGR_HELLO	0	0	0	0	1	3	0	0
#231		5	32100	0.000000	0.000000	5	25	0	0
#232		0	0	0	0	13	411	0	0
#233		302	4748	0.000003	0.000000	302	3024	0	0
#234		0	0	0	0	26	234	0	0
#236		309	13400	0.000008	0.000000	30344	937429	0	0
#254	CLIENT_HACKED_MSG	9	72	0.000001	0.000000	0	0	0	0

	Total)	988268	10734416	-0.573842	-0.000001	2087152	1255295564	5059017	24608

Slowest Msg #184 took  0.000132 seconds.
Total process time =  1055.026539
Total run time =         302336