Msg#	Message	Count	Inbound	Total_Time	Average_Time	Count	Outbound	Acked	Naked
#1	CLIENT_CONNECTED	170	0	0.000018	0.000000	0	0	0	0
#2	CLIENT_HUNG_UP	145	0	0.000370	0.000003	0	0	0	0
#14	PLAYER_CHECK_LOGIN	176	4660	0.000019	0.000000	176	4820	0	0
#15	SECURITY	164	0	0.000001	0.000000	0	0	0	0
#16	INN_LOGIN	164	1968	0.000008	0.000000	0	0	0	0
#17	SERVER_PING	13039	52156	0.000593	0.000000	13039	0	208624	0
#18	PLAYER_QUERY_CHARACTERS	164	0	0.000086	0.000001	164	496302	0	0
#21	PLAYER_LOGIN	0	0	0	0	164	0	2624	0
#22	PLAYER_LOGOUT	42	0	0.000000	0.000000	0	0	0	0
#24	PLAYER_SYSTEM_MSG	0	0	0	0	252	19973	0	0
#25	PLAYER_ACK	0	0	0	0	47808	1097589	0	0
#26	PLAYER_NAK	0	0	0	0	522	8352	0	0
#32	PLAYER_CHANGE_ROOM	1537	18444	0.000918	0.000001	117	0	0	1872
#33	PLAYER_NEW_ROOM	0	0	0	0	4254	7637758	0	0
#37	PLAYER_ROOM_CHAT	1842	49540	0.000833	0.000000	0	0	0	0
#38	PLAYER_TEXT	0	0	0	0	22271	1523846	0	0
#41	PLAYER_MOVIE	26467	679908	0.001618	0.000000	26465	0	423440	0
#42	PLAYER_MOVIE_DATA	0	0	0	0	228923	50871414	0	0
#45	PLAYER_DESTROY_OBJECT	0	0	0	0	16061	283873	0	0
#52	PLAYER_SHIFT_ROOM	2891	11564	0.001317	0.000000	59	0	42	912
#55	PLAYER_GET_BIOGRAPHY	146	584	0.000008	0.000000	146	0	11082	0
#57	PLAYER_GET_DESCRIPTION	266	1064	0.000050	0.000000	266	0	118906	0
#58	PLAYER_GET_EXTENDED_PROPS	234	936	0.000025	0.000000	234	0	81030	0
#61	PLAYER_WHO	0	0	0	0	28	3871	0	0
#69	COMBAT_EXIT	1832	0	0.000132	0.000000	4024	42676	29312	0
#71	GET_SHOP_INFO	22	88	0.000004	0.000000	22	0	53145	0
#73	SHOP_EXAMINE	7	56	0.000001	0.000000	7	0	1237	0
#74	SHOP_SELL	9	72	0.000019	0.000002	9	0	144	0
#75	SHOP_GET_PRICE	12	96	0.000001	0.000000	12	0	192	0
#76	MONEY_DROP	2	16	0.000001	0.000000	2	0	32	0
#78	MONEY_GIVE	4	48	0.000011	0.000003	4	0	48	16
#79	MONEY_TAKE	417	1668	0.000072	0.000000	417	0	6624	48
#80	CAST_SPELL	1966	31456	0.000732	0.000000	1966	0	31056	400
#81	PLAYER_INFO	0	0	0	0	316	14412	0	0
#84	FATAL_DATA	19	9140	0.000035	0.000002	19	0	304	0
#87	GROUP_JOIN	128	512	0.000012	0.000000	451	7829	8171	176
#88	GROUP_LEAVE	16	0	0.000001	0.000000	277	3393	256	0
#90	OLD_SECURITY	119	952	0.000010	0.000000	119	8237	0	0
#92	GET_POSN	158	632	0.000012	0.000000	158	0	4108	0
#94	GET_HOUSE	38	488	0.000003	0.000000	38	0	0	608
#95	GET_ENTRY_INFO	309	1236	0.000022	0.000000	309	0	5921	1888
#98	LOGIN_UPDATE	0	0	0	0	173	1903	0	0
#110	GET_QUEST_LIST	1	0	0.000000	0.000000	1	0	19	0
#112	COMBAT_ACTION	5791	58412	0.000238	0.000000	0	0	0	0
#114	WHATS_NEW	29	0	0.000003	0.000000	29	1359404	0	0
#115	SET_ENGRAVE_NAME	1	16	0.000000	0.000000	0	0	0	0
#116	GET_LOOK_INFO	75	300	0.000017	0.000000	75	0	22714	0
#126	MASS_SELL	10	308	0.000006	0.000001	10	0	570	0
#127	MASS_BUY	14	320	0.000004	0.000000	14	0	1336	0
#128	GET_SELL_PRICES	17	68	0.000002	0.000000	17	0	1937	0
#130	PLAYER_CHARACTER_LOGIN	158	632	0.000155	0.000001	158	0	20214	0
#131	GET_REPAIR_PRICES	22	88	0.000002	0.000000	22	0	1058	64
#132	MASS_REPAIR	17	484	0.000001	0.000000	17	0	272	0
#135	MAIL_LIST_GET	1	0	0.000000	0.000000	159	0	19369	1008
#136	MAIL_MESSAGE_GET	10	40	0.000000	0.000000	10	0	6474	0
#145		4442	143592	0.000267	0.000000	0	0	0	0
#150	VERB_GET	1011	16020	0.001791	0.000002	1011	0	16032	144
#151	VERB_DROP	134	1608	0.000033	0.000000	134	0	2144	0
#152	VERB_PUT_IN	127	1576	0.000025	0.000000	127	0	2032	0
#153	VERB_PUT_ON	276	3320	0.000054	0.000000	276	0	4000	416
#154	VERB_TAKE_OFF	185	2220	0.000029	0.000000	185	0	2960	0
#155	VERB_OPEN	167	3444	0.000058	0.000000	167	0	2160	512
#156	VERB_CLOSE	8	148	0.000001	0.000000	8	0	96	32
#157	VERB_LOCK	1	32	0.000000	0.000000	1	0	16	0
#158	VERB_UNLOCK	13	380	0.000002	0.000000	13	0	208	0
#160	VERB_ENGAGE	206	3308	0.000050	0.000000	206	0	3232	64
#161	VERB_CONSUME	69	828	0.000034	0.000000	69	0	1104	0
#162	VERB_SIT	14	168	0.000001	0.000000	14	0	224	0
#163	VERB_STAND	6	72	0.000000	0.000000	6	0	96	0
#164	VERB_GIVE	168	2604	0.000604	0.000004	168	0	2544	144
#165	VERB_MEMORIZE	24	288	0.000004	0.000000	24	0	336	48
#167	VERB_USE	5	60	0.000001	0.000000	5	0	80	0
#169	VERB_DYE	4	48	0.000001	0.000000	4	0	64	0
#180	NPC_PULSE	49608	0	1.056813	0.000021	0	0	0	0
#182	COMBAT_PULSE	49608	0	0.012685	0.000000	0	0	0	0
#184	PROCESS_AFFECT_PULSE	826	0	0.173482	0.000210	0	0	0	0
#185	CHAR_DOIT_PULSE	55	0	0.000003	0.000000	0	0	0	0
#186	HEAL_PULSE	413	0	0.000075	0.000000	0	0	0	0
#188	MONSTER_PULSE	413	0	0.000171	0.000000	0	0	0	0
#189	MAINTENANCE_PULSE	413	0	0.000001	0.000000	0	0	0	0
#193	TOSS_DEAD_HOUSES	1653	0	0.000662	0.000000	0	0	0	0
#194	DUNGEON_QUEUE_PULSE	3307	0	0.006684	0.000002	0	0	0	0
#196	AMBUSH_PULSE	9921	0	0.000400	0.000000	0	0	0	0
#197		826	0	0.017701	0.000021	0	0	0	0
#210	DATAMGR_LOG_PERMANENT	0	0	0	0	8	414	0	0
#211	DATAMGR_LOGIN	173	2343660	0.004853	0.000028	173	5613	0	0
#212	DATAMGR_LOGOUT	0	0	0	0	139	695	0	0
#214	DATAMGR_SAVE_CHAR	0	0	0	0	14067	96385032	0	0
#222	DATAMGR_WRITE_HOUSE	0	0	0	0	844	18288113	0	0
#224	DATAMGR_GET_HOUSE	112	2621772	0.004916	0.000044	112	2204	0	0
#225	DATAMGR_HELLO	0	0	0	0	1	3	0	0
#231		29	1357200	0.000044	0.000002	29	145	0	0
#232		0	0	0	0	1	33	0	0
#233		169	25060	0.000016	0.000000	169	1730	0	0
#234		0	0	0	0	3	27	0	0
#236		164	23252	0.000035	0.000000	5056	172175	0	0
#254	CLIENT_HACKED_MSG	5	40	0.000001	0.000000	0	0	0	0

	Total)	183206	7478652	1.288860	0.000007	392804	178241836	1097589	8352

Slowest Msg #184 took  0.000226 seconds.
Total process time = -1406.849580
Total run time =          49609