Msg#	Message	Count	Inbound	Total_Time	Average_Time	Count	Outbound	Acked	Naked
#1	CLIENT_CONNECTED	41	0	0.000002	0.000000	0	0	0	0
#2	CLIENT_HUNG_UP	30	0	0.000008	0.000000	0	0	0	0
#14	PLAYER_CHECK_LOGIN	46	1172	0.000002	0.000000	46	3466	0	0
#15	SECURITY	21	0	0.000000	0.000000	0	0	0	0
#16	INN_LOGIN	21	252	0.000000	0.000000	0	0	0	0
#17	SERVER_PING	797	3188	0.000012	0.000000	797	0	12752	0
#18	PLAYER_QUERY_CHARACTERS	21	0	0.000003	0.000000	21	51817	0	0
#21	PLAYER_LOGIN	0	0	0	0	21	0	336	0
#22	PLAYER_LOGOUT	2	0	0.000000	0.000000	0	0	0	0
#24	PLAYER_SYSTEM_MSG	0	0	0	0	28	2787	0	0
#25	PLAYER_ACK	0	0	0	0	3830	93548	0	0
#26	PLAYER_NAK	0	0	0	0	33	528	0	0
#32	PLAYER_CHANGE_ROOM	78	936	0.000015	0.000000	1	0	0	16
#33	PLAYER_NEW_ROOM	0	0	0	0	367	425758	0	0
#37	PLAYER_ROOM_CHAT	198	4300	0.000031	0.000000	0	0	0	0
#38	PLAYER_TEXT	0	0	0	0	1440	79281	0	0
#41	PLAYER_MOVIE	2135	52924	0.000042	0.000000	2133	0	34128	0
#42	PLAYER_MOVIE_DATA	0	0	0	0	17595	2296340	0	0
#45	PLAYER_DESTROY_OBJECT	0	0	0	0	1748	31880	0	0
#52	PLAYER_SHIFT_ROOM	291	1164	0.000047	0.000000	1	0	0	16
#55	PLAYER_GET_BIOGRAPHY	4	16	0.000000	0.000000	4	0	292	0
#57	PLAYER_GET_DESCRIPTION	4	16	0.000000	0.000000	4	0	901	0
#58	PLAYER_GET_EXTENDED_PROPS	21	84	0.000001	0.000000	21	0	7414	0
#61	PLAYER_WHO	0	0	0	0	4	207	0	0
#69	COMBAT_EXIT	208	0	0.000005	0.000000	446	4544	3328	0
#71	GET_SHOP_INFO	4	16	0.000001	0.000000	4	0	21343	0
#74	SHOP_SELL	1	8	0.000003	0.000003	1	0	16	0
#75	SHOP_GET_PRICE	1	8	0.000000	0.000000	1	0	16	0
#79	MONEY_TAKE	24	96	0.000002	0.000000	24	0	384	0
#80	CAST_SPELL	175	2800	0.000026	0.000000	175	0	2784	16
#81	PLAYER_INFO	0	0	0	0	98	3801	0	0
#87	GROUP_JOIN	7	28	0.000000	0.000000	22	342	363	0
#88	GROUP_LEAVE	0	0	0	0	4	52	0	0
#90	OLD_SECURITY	7	56	0.000000	0.000000	7	452	0	0
#92	GET_POSN	19	76	0.000001	0.000000	19	0	494	0
#94	GET_HOUSE	3	40	0.000000	0.000000	3	0	0	48
#95	GET_ENTRY_INFO	17	68	0.000001	0.000000	17	0	434	48
#98	LOGIN_UPDATE	0	0	0	0	46	506	0	0
#112	COMBAT_ACTION	531	6512	0.000010	0.000000	0	0	0	0
#116	GET_LOOK_INFO	2	8	0.000000	0.000000	2	0	583	0
#126	MASS_SELL	3	72	0.000002	0.000001	3	0	135	0
#127	MASS_BUY	2	32	0.000000	0.000000	2	0	118	0
#128	GET_SELL_PRICES	3	12	0.000000	0.000000	3	0	219	0
#130	PLAYER_CHARACTER_LOGIN	19	76	0.000003	0.000000	19	0	977	0
#131	GET_REPAIR_PRICES	5	20	0.000000	0.000000	5	0	154	48
#132	MASS_REPAIR	2	76	0.000000	0.000000	2	0	32	0
#135	MAIL_LIST_GET	0	0	0	0	19	0	516	224
#136	MAIL_MESSAGE_GET	1	4	0.000000	0.000000	1	0	85	0
#145		517	15748	0.000009	0.000000	0	0	0	0
#150	VERB_GET	163	2932	0.000091	0.000001	163	0	2544	64
#151	VERB_DROP	3	36	0.000000	0.000000	3	0	48	0
#152	VERB_PUT_IN	52	632	0.000005	0.000000	52	0	832	0
#153	VERB_PUT_ON	7	84	0.000001	0.000000	7	0	112	0
#154	VERB_TAKE_OFF	6	72	0.000001	0.000000	6	0	96	0
#155	VERB_OPEN	14	264	0.000001	0.000000	14	0	208	16
#158	VERB_UNLOCK	2	76	0.000000	0.000000	2	0	32	0
#160	VERB_ENGAGE	103	1660	0.000006	0.000000	103	0	1616	32
#161	VERB_CONSUME	6	72	0.000001	0.000000	6	0	96	0
#162	VERB_SIT	3	36	0.000000	0.000000	3	0	48	0
#163	VERB_STAND	1	12	0.000000	0.000000	1	0	16	0
#164	VERB_GIVE	1	20	0.000002	0.000002	1	0	16	0
#165	VERB_MEMORIZE	1	12	0.000000	0.000000	1	0	16	0
#167	VERB_USE	3	36	0.000000	0.000000	3	0	48	0
#169	VERB_DYE	1	12	0.000000	0.000000	1	0	16	0
#180	NPC_PULSE	25006	0	0.198858	0.000008	0	0	0	0
#182	COMBAT_PULSE	25006	0	0.000213	0.000000	0	0	0	0
#184	PROCESS_AFFECT_PULSE	416	0	0.024677	0.000059	0	0	0	0
#185	CHAR_DOIT_PULSE	27	0	0.000000	0.000000	0	0	0	0
#186	HEAL_PULSE	208	0	0.000006	0.000000	0	0	0	0
#188	MONSTER_PULSE	208	0	0.000090	0.000000	0	0	0	0
#189	MAINTENANCE_PULSE	208	0	0.000000	0.000000	0	0	0	0
#193	TOSS_DEAD_HOUSES	833	0	0.000018	0.000000	0	0	0	0
#194	DUNGEON_QUEUE_PULSE	1667	0	0.000085	0.000000	0	0	0	0
#196	AMBUSH_PULSE	5001	0	0.000167	0.000000	0	0	0	0
#197		416	0	0.000319	0.000001	0	0	0	0
#210	DATAMGR_LOG_PERMANENT	0	0	0	0	3	115	0	0
#211	DATAMGR_LOGIN	46	205720	0.000076	0.000002	46	1450	0	0
#212	DATAMGR_LOGOUT	0	0	0	0	10	50	0	0
#214	DATAMGR_SAVE_CHAR	0	0	0	0	946	6772882	0	0
#222	DATAMGR_WRITE_HOUSE	0	0	0	0	77	1077082	0	0
#224	DATAMGR_GET_HOUSE	12	184524	0.000063	0.000005	12	234	0	0
#225	DATAMGR_HELLO	0	0	0	0	1	3	0	0
#233		20	640	0.000000	0.000000	20	204	0	0
#236		19	1052	0.000001	0.000000	602	19344	0	0

	Total)	64720	487700	0.224911	0.000003	31100	10866673	93548	528

Slowest Msg #184 took  0.000089 seconds.
Total process time =  348.193855
Total run time =          25047