Msg#	Message	Count	Inbound	Total_Time	Average_Time	Count	Outbound	Acked	Naked
#1	CLIENT_CONNECTED	45	0	0.000002	0.000000	0	0	0	0
#2	CLIENT_HUNG_UP	44	0	0.000048	0.000001	0	0	0	0
#14	PLAYER_CHECK_LOGIN	47	1092	0.000002	0.000000	47	1382	0	0
#15	SECURITY	41	0	0.000000	0.000000	0	0	0	0
#16	INN_LOGIN	41	492	0.000001	0.000000	0	0	0	0
#17	SERVER_PING	705	2820	0.000011	0.000000	705	0	11280	0
#18	PLAYER_QUERY_CHARACTERS	41	0	0.000010	0.000000	41	126790	0	0
#21	PLAYER_LOGIN	0	0	0	0	41	0	656	0
#22	PLAYER_LOGOUT	7	0	0.000000	0.000000	0	0	0	0
#24	PLAYER_SYSTEM_MSG	0	0	0	0	19	3596	0	0
#25	PLAYER_ACK	0	0	0	0	3926	133192	0	0
#26	PLAYER_NAK	0	0	0	0	54	864	0	0
#32	PLAYER_CHANGE_ROOM	148	1776	0.000039	0.000000	20	0	0	320
#33	PLAYER_NEW_ROOM	0	0	0	0	326	456094	0	0
#37	PLAYER_ROOM_CHAT	129	1096	0.000007	0.000000	0	0	0	0
#38	PLAYER_TEXT	0	0	0	0	475	24451	0	0
#41	PLAYER_MOVIE	2317	54784	0.000057	0.000000	2313	0	37008	0
#42	PLAYER_MOVIE_DATA	0	0	0	0	21802	4621998	0	0
#45	PLAYER_DESTROY_OBJECT	0	0	0	0	1688	30024	0	0
#52	PLAYER_SHIFT_ROOM	200	800	0.000045	0.000000	4	0	42	32
#55	PLAYER_GET_BIOGRAPHY	46	184	0.000001	0.000000	46	0	2942	0
#57	PLAYER_GET_DESCRIPTION	33	132	0.000002	0.000000	33	0	12923	0
#58	PLAYER_GET_EXTENDED_PROPS	62	248	0.000004	0.000000	62	0	21243	0
#61	PLAYER_WHO	0	0	0	0	2	196	0	0
#69	COMBAT_EXIT	111	0	0.000004	0.000000	322	4562	1776	0
#71	GET_SHOP_INFO	4	16	0.000001	0.000000	4	0	15246	0
#74	SHOP_SELL	3	24	0.000003	0.000001	3	0	48	0
#75	SHOP_GET_PRICE	3	24	0.000000	0.000000	3	0	48	0
#79	MONEY_TAKE	7	28	0.000001	0.000000	7	0	112	0
#80	CAST_SPELL	162	2592	0.000031	0.000000	162	0	2576	16
#81	PLAYER_INFO	0	0	0	0	76	3716	0	0
#84	FATAL_DATA	1	516	0.000000	0.000000	1	0	16	0
#87	GROUP_JOIN	24	96	0.000001	0.000000	68	1112	1271	64
#88	GROUP_LEAVE	3	0	0.000000	0.000000	41	494	48	0
#90	OLD_SECURITY	21	168	0.000001	0.000000	21	1511	0	0
#92	GET_POSN	38	152	0.000001	0.000000	38	0	988	0
#95	GET_ENTRY_INFO	20	80	0.000001	0.000000	20	0	496	64
#98	LOGIN_UPDATE	0	0	0	0	47	517	0	0
#112	COMBAT_ACTION	684	6592	0.000014	0.000000	0	0	0	0
#114	WHATS_NEW	1	0	0.000000	0.000000	1	51034	0	0
#116	GET_LOOK_INFO	24	96	0.000003	0.000000	24	0	7066	0
#126	MASS_SELL	5	88	0.000001	0.000000	5	0	161	0
#128	GET_SELL_PRICES	7	28	0.000000	0.000000	7	0	1751	0
#130	PLAYER_CHARACTER_LOGIN	38	152	0.000023	0.000001	38	0	5850	0
#131	GET_REPAIR_PRICES	6	24	0.000000	0.000000	6	0	397	16
#132	MASS_REPAIR	5	196	0.000000	0.000000	5	0	80	0
#135	MAIL_LIST_GET	0	0	0	0	38	0	3747	176
#136	MAIL_MESSAGE_GET	1	4	0.000000	0.000000	1	0	1501	0
#145		424	13624	0.000008	0.000000	0	0	0	0
#150	VERB_GET	129	2116	0.000061	0.000000	129	0	2032	32
#151	VERB_DROP	5	60	0.000000	0.000000	5	0	64	16
#153	VERB_PUT_ON	41	492	0.000005	0.000000	41	0	608	48
#154	VERB_TAKE_OFF	23	276	0.000004	0.000000	23	0	368	0
#155	VERB_OPEN	15	272	0.000005	0.000000	15	0	240	0
#156	VERB_CLOSE	3	36	0.000000	0.000000	3	0	48	0
#160	VERB_ENGAGE	12	192	0.000001	0.000000	12	0	176	16
#161	VERB_CONSUME	8	96	0.000003	0.000000	8	0	128	0
#164	VERB_GIVE	18	316	0.000012	0.000001	18	0	240	48
#165	VERB_MEMORIZE	2	24	0.000000	0.000000	2	0	16	16
#180	NPC_PULSE	126480	0	1.227847	0.000010	0	0	0	0
#182	COMBAT_PULSE	126480	0	0.000457	0.000000	0	0	0	0
#184	PROCESS_AFFECT_PULSE	2108	0	0.156831	0.000074	0	0	0	0
#185	CHAR_DOIT_PULSE	140	0	0.000002	0.000000	0	0	0	0
#186	HEAL_PULSE	1054	0	0.000033	0.000000	0	0	0	0
#188	MONSTER_PULSE	1054	0	0.000371	0.000000	0	0	0	0
#189	MAINTENANCE_PULSE	1054	0	0.000001	0.000000	0	0	0	0
#193	TOSS_DEAD_HOUSES	4216	0	0.000042	0.000000	0	0	0	0
#194	DUNGEON_QUEUE_PULSE	8432	0	0.000565	0.000000	0	0	0	0
#196	AMBUSH_PULSE	25296	0	0.001240	0.000000	0	0	0	0
#197		2108	0	0.000297	0.000000	0	0	0	0
#210	DATAMGR_LOG_PERMANENT	0	0	0	0	2	115	0	0
#211	DATAMGR_LOGIN	47	587596	0.000237	0.000005	47	1390	0	0
#212	DATAMGR_LOGOUT	0	0	0	0	40	200	0	0
#214	DATAMGR_SAVE_CHAR	0	0	0	0	889	5703885	0	0
#222	DATAMGR_WRITE_HOUSE	0	0	0	0	66	1422816	0	0
#224	DATAMGR_GET_HOUSE	14	317864	0.000130	0.000009	14	302	0	0
#225	DATAMGR_HELLO	0	0	0	0	1	3	0	0
#231		1	50948	0.000000	0.000000	1	5	0	0
#233		39	4988	0.000001	0.000000	39	394	0	0
#236		38	6040	0.000004	0.000000	462	15296	0	0

	Total)	304315	1059240	1.388473	0.000005	34359	12605939	133192	864

Slowest Msg #184 took  0.000119 seconds.
Total process time =  1747.304359
Total run time =         126481