Msg#	Message	Count	Inbound	Total_Time	Average_Time	Count	Outbound	Acked	Naked
#1	CLIENT_CONNECTED	10	0	0.000000	0.000000	0	0	0	0
#2	CLIENT_HUNG_UP	9	0	0.000005	0.000001	0	0	0	0
#14	PLAYER_CHECK_LOGIN	14	244	0.000001	0.000000	14	842	0	0
#15	SECURITY	8	0	0.000000	0.000000	0	0	0	0
#16	INN_LOGIN	8	96	0.000000	0.000000	0	0	0	0
#17	SERVER_PING	179	716	0.000003	0.000000	179	0	2864	0
#18	PLAYER_QUERY_CHARACTERS	8	0	0.000001	0.000000	8	12001	0	0
#21	PLAYER_LOGIN	0	0	0	0	8	0	128	0
#22	PLAYER_LOGOUT	1	0	0.000000	0.000000	0	0	0	0
#24	PLAYER_SYSTEM_MSG	0	0	0	0	2	428	0	0
#25	PLAYER_ACK	0	0	0	0	719	88142	0	0
#26	PLAYER_NAK	0	0	0	0	24	384	0	0
#32	PLAYER_CHANGE_ROOM	39	468	0.000003	0.000000	9	0	0	144
#33	PLAYER_NEW_ROOM	0	0	0	0	50	29460	0	0
#37	PLAYER_ROOM_CHAT	71	1648	0.000009	0.000000	0	0	0	0
#38	PLAYER_TEXT	0	0	0	0	116	6215	0	0
#41	PLAYER_MOVIE	344	7700	0.000008	0.000000	344	0	5504	0
#42	PLAYER_MOVIE_DATA	0	0	0	0	1262	48305	0	0
#45	PLAYER_DESTROY_OBJECT	0	0	0	0	80	1512	0	0
#48	PLAYER_CREATE_CHARACTER	1	20	0.000001	0.000001	1	0	409	0
#52	PLAYER_SHIFT_ROOM	20	80	0.000002	0.000000	1	0	21	0
#55	PLAYER_GET_BIOGRAPHY	2	8	0.000000	0.000000	2	0	146	0
#56	PLAYER_SET_BIOGRAPHY	1	60	0.000000	0.000000	1	0	16	0
#57	PLAYER_GET_DESCRIPTION	10	40	0.000001	0.000000	10	0	2753	0
#58	PLAYER_GET_EXTENDED_PROPS	9	36	0.000000	0.000000	9	0	3220	0
#59	PLAYER_SET_HEAD_DATA	1	20	0.000000	0.000000	1	0	16	0
#61	PLAYER_WHO	0	0	0	0	7	298	0	0
#69	COMBAT_EXIT	19	0	0.000001	0.000000	41	420	304	0
#71	GET_SHOP_INFO	20	80	0.000003	0.000000	20	0	67430	0
#73	SHOP_EXAMINE	3	24	0.000000	0.000000	3	0	804	0
#81	PLAYER_INFO	0	0	0	0	40	1459	0	0
#92	GET_POSN	8	32	0.000000	0.000000	8	0	208	0
#95	GET_ENTRY_INFO	19	76	0.000000	0.000000	19	0	558	16
#98	LOGIN_UPDATE	0	0	0	0	13	143	0	0
#104	TREE_GET	3	12	0.000000	0.000000	3	0	575	0
#105	TREE_CHOOSE_TOPIC	2	8	0.000000	0.000000	2	0	569	0
#107	TREE_BACK	2	0	0.000000	0.000000	2	0	390	0
#108	QUEST_ACCEPT	1	4	0.000000	0.000000	1	0	138	0
#112	COMBAT_ACTION	27	196	0.000001	0.000000	0	0	0	0
#116	GET_LOOK_INFO	1	4	0.000000	0.000000	1	0	289	0
#126	MASS_SELL	2	80	0.000001	0.000000	2	0	154	0
#127	MASS_BUY	1	16	0.000000	0.000000	1	0	44	0
#128	GET_SELL_PRICES	2	8	0.000000	0.000000	2	0	178	0
#130	PLAYER_CHARACTER_LOGIN	8	32	0.000003	0.000000	8	0	239	0
#131	GET_REPAIR_PRICES	1	4	0.000000	0.000000	1	0	33	0
#132	MASS_REPAIR	1	16	0.000000	0.000000	1	0	16	0
#135	MAIL_LIST_GET	0	0	0	0	8	0	0	128
#150	VERB_GET	22	348	0.000008	0.000000	22	0	352	0
#153	VERB_PUT_ON	10	120	0.000000	0.000000	10	0	112	48
#154	VERB_TAKE_OFF	4	48	0.000000	0.000000	4	0	64	0
#155	VERB_OPEN	14	276	0.000001	0.000000	14	0	176	48
#158	VERB_UNLOCK	1	20	0.000000	0.000000	1	0	16	0
#160	VERB_ENGAGE	19	308	0.000002	0.000000	19	0	304	0
#161	VERB_CONSUME	5	60	0.000000	0.000000	5	0	80	0
#164	VERB_GIVE	1	12	0.000001	0.000001	1	0	16	0
#167	VERB_USE	1	12	0.000000	0.000000	1	0	16	0
#180	NPC_PULSE	7205	0	0.005490	0.000001	0	0	0	0
#182	COMBAT_PULSE	7205	0	0.000013	0.000000	0	0	0	0
#184	PROCESS_AFFECT_PULSE	120	0	0.000721	0.000006	0	0	0	0
#185	CHAR_DOIT_PULSE	8	0	0.000000	0.000000	0	0	0	0
#186	HEAL_PULSE	60	0	0.000000	0.000000	0	0	0	0
#188	MONSTER_PULSE	60	0	0.000003	0.000000	0	0	0	0
#189	MAINTENANCE_PULSE	60	0	0.000000	0.000000	0	0	0	0
#193	TOSS_DEAD_HOUSES	240	0	0.000001	0.000000	0	0	0	0
#194	DUNGEON_QUEUE_PULSE	480	0	0.000007	0.000000	0	0	0	0
#196	AMBUSH_PULSE	1441	0	0.000012	0.000000	0	0	0	0
#197		120	0	0.000046	0.000000	0	0	0	0
#210	DATAMGR_LOG_PERMANENT	0	0	0	0	5	197	0	0
#211	DATAMGR_LOGIN	13	52648	0.000021	0.000002	13	316	0	0
#212	DATAMGR_LOGOUT	0	0	0	0	7	35	0	0
#213	DATAMGR_NEW_CHAR	1	20	0.000001	0.000001	1	1730	0	0
#214	DATAMGR_SAVE_CHAR	0	0	0	0	231	542336	0	0
#221	DATAMGR_NEW_HOUSE	0	0	0	0	1	2141	0	0
#222	DATAMGR_WRITE_HOUSE	0	0	0	0	19	40593	0	0
#224	DATAMGR_GET_HOUSE	2	4308	0.000001	0.000000	2	31	0	0
#225	DATAMGR_HELLO	0	0	0	0	1	3	0	0
#233		8	64	0.000000	0.000000	8	80	0	0
#236		8	244	0.000000	0.000000	137	3950	0	0

	Total)	17963	70216	0.006373	0.000000	3525	781021	88142	384

Slowest Msg #184 took  0.000009 seconds.
Total process time =  36.222245
Total run time =           7206