Msg#	Message	Count	Inbound	Total_Time	Average_Time	Count	Outbound	Acked	Naked
#1	CLIENT_CONNECTED	7	0	0.000000	0.000000	0	0	0	0
#2	CLIENT_HUNG_UP	4	0	0.000002	0.000001	0	0	0	0
#14	PLAYER_CHECK_LOGIN	7	148	0.000000	0.000000	7	147	0	0
#15	SECURITY	7	0	0.000000	0.000000	0	0	0	0
#16	INN_LOGIN	7	84	0.000000	0.000000	0	0	0	0
#17	SERVER_PING	152	608	0.000003	0.000000	152	0	2432	0
#18	PLAYER_QUERY_CHARACTERS	7	0	0.000001	0.000000	7	10161	0	0
#21	PLAYER_LOGIN	0	0	0	0	7	0	112	0
#24	PLAYER_SYSTEM_MSG	0	0	0	0	3	656	0	0
#25	PLAYER_ACK	0	0	0	0	672	393860	0	0
#26	PLAYER_NAK	0	0	0	0	14	224	0	0
#32	PLAYER_CHANGE_ROOM	19	228	0.000003	0.000000	1	0	0	16
#33	PLAYER_NEW_ROOM	0	0	0	0	77	54004	0	0
#37	PLAYER_ROOM_CHAT	38	500	0.000004	0.000000	0	0	0	0
#38	PLAYER_TEXT	0	0	0	0	98	4515	0	0
#41	PLAYER_MOVIE	330	8672	0.000007	0.000000	330	0	5280	0
#42	PLAYER_MOVIE_DATA	0	0	0	0	5082	183791	0	0
#45	PLAYER_DESTROY_OBJECT	0	0	0	0	442	7602	0	0
#48	PLAYER_CREATE_CHARACTER	1	28	0.000001	0.000001	1	0	439	0
#52	PLAYER_SHIFT_ROOM	59	236	0.000007	0.000000	1	0	21	0
#55	PLAYER_GET_BIOGRAPHY	2	8	0.000000	0.000000	2	0	146	0
#56	PLAYER_SET_BIOGRAPHY	1	60	0.000000	0.000000	1	0	16	0
#57	PLAYER_GET_DESCRIPTION	3	12	0.000000	0.000000	3	0	1053	0
#58	PLAYER_GET_EXTENDED_PROPS	8	32	0.000000	0.000000	8	0	2816	0
#59	PLAYER_SET_HEAD_DATA	1	20	0.000000	0.000000	1	0	16	0
#61	PLAYER_WHO	0	0	0	0	1	78	0	0
#69	COMBAT_EXIT	8	0	0.000000	0.000000	20	220	128	0
#71	GET_SHOP_INFO	13	52	0.000015	0.000001	13	0	376765	0
#73	SHOP_EXAMINE	3	24	0.000000	0.000000	3	0	571	0
#80	CAST_SPELL	9	144	0.000001	0.000000	9	0	144	0
#81	PLAYER_INFO	0	0	0	0	35	1289	0	0
#92	GET_POSN	7	28	0.000000	0.000000	7	0	182	0
#95	GET_ENTRY_INFO	7	28	0.000000	0.000000	7	0	217	0
#98	LOGIN_UPDATE	0	0	0	0	7	77	0	0
#112	COMBAT_ACTION	22	140	0.000000	0.000000	0	0	0	0
#116	GET_LOOK_INFO	1	4	0.000000	0.000000	1	0	319	0
#127	MASS_BUY	10	240	0.000002	0.000000	10	0	1390	0
#130	PLAYER_CHARACTER_LOGIN	7	28	0.000003	0.000000	7	0	197	0
#135	MAIL_LIST_GET	0	0	0	0	7	0	0	112
#150	VERB_GET	21	312	0.000008	0.000000	21	0	336	0
#151	VERB_DROP	1	12	0.000000	0.000000	1	0	16	0
#152	VERB_PUT_IN	17	204	0.000001	0.000000	17	0	272	0
#153	VERB_PUT_ON	18	216	0.000001	0.000000	18	0	256	32
#154	VERB_TAKE_OFF	13	172	0.000001	0.000000	13	0	208	0
#155	VERB_OPEN	5	128	0.000000	0.000000	5	0	80	0
#160	VERB_ENGAGE	14	224	0.000001	0.000000	14	0	192	32
#165	VERB_MEMORIZE	8	96	0.000001	0.000000	8	0	96	32
#169	VERB_DYE	10	120	0.000002	0.000000	10	0	160	0
#180	NPC_PULSE	7381	0	0.076118	0.000010	0	0	0	0
#182	COMBAT_PULSE	7381	0	0.000013	0.000000	0	0	0	0
#184	PROCESS_AFFECT_PULSE	123	0	0.010184	0.000083	0	0	0	0
#185	CHAR_DOIT_PULSE	8	0	0.000000	0.000000	0	0	0	0
#186	HEAL_PULSE	61	0	0.000002	0.000000	0	0	0	0
#188	MONSTER_PULSE	61	0	0.000031	0.000001	0	0	0	0
#189	MAINTENANCE_PULSE	61	0	0.000000	0.000000	0	0	0	0
#193	TOSS_DEAD_HOUSES	246	0	0.000002	0.000000	0	0	0	0
#194	DUNGEON_QUEUE_PULSE	492	0	0.000021	0.000000	0	0	0	0
#196	AMBUSH_PULSE	1476	0	0.000063	0.000000	0	0	0	0
#197		123	0	0.000043	0.000000	0	0	0	0
#210	DATAMGR_LOG_PERMANENT	0	0	0	0	10	388	0	0
#211	DATAMGR_LOGIN	7	39356	0.000016	0.000002	7	189	0	0
#212	DATAMGR_LOGOUT	0	0	0	0	4	20	0	0
#213	DATAMGR_NEW_CHAR	1	20	0.000001	0.000001	1	1850	0	0
#214	DATAMGR_SAVE_CHAR	0	0	0	0	174	524215	0	0
#221	DATAMGR_NEW_HOUSE	0	0	0	0	1	2175	0	0
#222	DATAMGR_WRITE_HOUSE	0	0	0	0	7	22532	0	0
#224	DATAMGR_GET_HOUSE	2	4376	0.000001	0.000000	2	42	0	0
#225	DATAMGR_HELLO	0	0	0	0	1	3	0	0
#233		7	56	0.000000	0.000000	7	70	0	0
#236		7	188	0.000000	0.000000	7	70	0	0

	Total)	18284	56804	0.086561	0.000005	7364	1208178	393860	224

Slowest Msg #184 took  0.000127 seconds.
Total process time =  134.020635
Total run time =           7382