Msg#	Message	Count	Inbound	Total_Time	Average_Time	Count	Outbound	Acked	Naked
#1	CLIENT_CONNECTED	127	0	0.000006	0.000000	0	0	0	0
#2	CLIENT_HUNG_UP	105	0	0.000119	0.000001	0	0	0	0
#14	PLAYER_CHECK_LOGIN	136	3432	0.000006	0.000000	136	4236	0	0
#15	SECURITY	122	0	0.000000	0.000000	0	0	0	0
#16	INN_LOGIN	122	1464	0.000002	0.000000	0	0	0	0
#17	SERVER_PING	29755	119020	0.000469	0.000000	29755	0	476080	0
#18	PLAYER_QUERY_CHARACTERS	122	0	0.000022	0.000000	122	222873	0	0
#21	PLAYER_LOGIN	0	0	0	0	122	0	1952	0
#22	PLAYER_LOGOUT	26	0	0.000000	0.000000	0	0	0	0
#24	PLAYER_SYSTEM_MSG	0	0	0	0	180	22713	0	0
#25	PLAYER_ACK	0	0	0	0	89035	2161513	0	0
#26	PLAYER_NAK	0	0	0	0	673	10768	0	0
#32	PLAYER_CHANGE_ROOM	2179	26148	0.000499	0.000000	52	0	0	832
#33	PLAYER_NEW_ROOM	0	0	0	0	7602	8669691	0	0
#37	PLAYER_ROOM_CHAT	1564	38868	0.000332	0.000000	0	0	0	0
#38	PLAYER_TEXT	0	0	0	0	24812	1421407	0	0
#41	PLAYER_MOVIE	40207	1006200	0.000969	0.000000	40175	0	642800	0
#42	PLAYER_MOVIE_DATA	0	0	0	0	486528	32420249	0	0
#45	PLAYER_DESTROY_OBJECT	0	0	0	0	37589	678137	0	0
#48	PLAYER_CREATE_CHARACTER	2	44	0.000001	0.000000	2	0	623	0
#49	PLAYER_DESTROY_CHARACTER	1	4	0.000000	0.000000	1	0	16	0
#52	PLAYER_SHIFT_ROOM	5545	22180	0.001135	0.000000	109	0	819	1120
#55	PLAYER_GET_BIOGRAPHY	217	868	0.000005	0.000000	217	0	14131	0
#56	PLAYER_SET_BIOGRAPHY	5	156	0.000003	0.000001	5	0	80	0
#57	PLAYER_GET_DESCRIPTION	570	2280	0.000037	0.000000	570	0	166710	0
#58	PLAYER_GET_EXTENDED_PROPS	227	908	0.000012	0.000000	227	0	76406	0
#59	PLAYER_SET_HEAD_DATA	2	40	0.000000	0.000000	2	0	32	0
#61	PLAYER_WHO	0	0	0	0	21	3514	0	0
#69	COMBAT_EXIT	3283	0	0.000108	0.000000	7040	77814	52528	0
#71	GET_SHOP_INFO	116	464	0.000018	0.000000	116	0	399305	0
#73	SHOP_EXAMINE	17	136	0.000001	0.000000	17	0	4553	0
#74	SHOP_SELL	25	200	0.000071	0.000003	25	0	400	0
#75	SHOP_GET_PRICE	26	208	0.000002	0.000000	26	0	416	0
#76	MONEY_DROP	1	8	0.000000	0.000000	1	0	16	0
#77	MONEY_PUT	2	24	0.000000	0.000000	2	0	32	0
#78	MONEY_GIVE	11	132	0.000008	0.000001	11	0	160	16
#79	MONEY_TAKE	488	1952	0.000076	0.000000	488	0	7760	48
#80	CAST_SPELL	2933	46928	0.000502	0.000000	2933	0	46608	320
#81	PLAYER_INFO	0	0	0	0	696	24722	0	0
#84	FATAL_DATA	6	2648	0.000002	0.000000	6	0	96	0
#87	GROUP_JOIN	70	280	0.000002	0.000000	221	3488	3652	64
#88	GROUP_LEAVE	9	0	0.000000	0.000000	124	1495	144	0
#89	GROUP_KICK	2	8	0.000000	0.000000	8	78	32	0
#90	OLD_SECURITY	67	536	0.000002	0.000000	67	4359	0	0
#92	GET_POSN	117	468	0.000004	0.000000	117	0	3042	0
#94	GET_HOUSE	56	700	0.000003	0.000000	56	0	0	896
#95	GET_ENTRY_INFO	861	3444	0.000026	0.000000	861	0	20863	3008
#98	LOGIN_UPDATE	0	0	0	0	136	1496	0	0
#101	SHOP_RECHARGE	2	16	0.000000	0.000000	2	0	32	0
#102	SHOP_GET_RECHARGE_PRICE	3	24	0.000000	0.000000	3	0	48	0
#103	SET_TITLE	4	64	0.000001	0.000000	4	0	32	32
#104	TREE_GET	17	68	0.000001	0.000000	17	0	2397	0
#105	TREE_CHOOSE_TOPIC	16	64	0.000000	0.000000	16	0	1616	0
#106	TREE_GET_TEXT	6	24	0.000000	0.000000	6	0	552	0
#107	TREE_BACK	4	0	0.000000	0.000000	4	0	584	0
#108	QUEST_ACCEPT	5	20	0.000000	0.000000	5	0	550	0
#110	GET_QUEST_LIST	1	0	0.000000	0.000000	1	0	50	0
#112	COMBAT_ACTION	8633	104100	0.000165	0.000000	0	0	0	0
#114	WHATS_NEW	1	0	0.000000	0.000000	1	4551	0	0
#115	SET_ENGRAVE_NAME	12	200	0.000000	0.000000	0	0	0	0
#116	GET_LOOK_INFO	110	440	0.000012	0.000000	110	0	32279	0
#117	SELL_CRYSTALS	1	8	0.000000	0.000000	1	0	25	0
#123	GET_REPAIR_PRICE	1	8	0.000000	0.000000	1	0	0	16
#126	MASS_SELL	57	4332	0.000065	0.000001	57	0	8469	0
#127	MASS_BUY	86	3804	0.000015	0.000000	86	0	16448	0
#128	GET_SELL_PRICES	64	256	0.000006	0.000000	64	0	13232	0
#130	PLAYER_CHARACTER_LOGIN	117	468	0.000025	0.000000	117	0	5695	0
#131	GET_REPAIR_PRICES	41	164	0.000002	0.000000	41	0	2098	112
#132	MASS_REPAIR	33	1000	0.000001	0.000000	33	0	528	0
#135	MAIL_LIST_GET	0	0	0	0	117	0	3927	1456
#136	MAIL_MESSAGE_GET	2	8	0.000000	0.000000	2	0	367	0
#145		8599	244464	0.000157	0.000000	0	0	0	0
#150	VERB_GET	6088	109776	0.005969	0.000001	6088	0	96432	976
#151	VERB_DROP	236	2880	0.000025	0.000000	236	0	3776	0
#152	VERB_PUT_IN	187	2648	0.000029	0.000000	187	0	2944	48
#153	VERB_PUT_ON	317	3804	0.000030	0.000000	317	0	4432	640
#154	VERB_TAKE_OFF	219	2636	0.000021	0.000000	219	0	3504	0
#155	VERB_OPEN	391	7568	0.000038	0.000000	391	0	6000	256
#156	VERB_CLOSE	25	360	0.000001	0.000000	25	0	400	0
#158	VERB_UNLOCK	96	2324	0.000016	0.000000	96	0	1520	16
#160	VERB_ENGAGE	1438	23236	0.000144	0.000000	1438	0	22800	208
#161	VERB_CONSUME	29	348	0.000004	0.000000	29	0	464	0
#162	VERB_SIT	1	12	0.000000	0.000000	1	0	16	0
#164	VERB_GIVE	158	2380	0.000140	0.000001	158	0	2368	160
#165	VERB_MEMORIZE	511	6132	0.000054	0.000000	511	0	7632	544
#166	VERB_ROB	1	20	0.000000	0.000000	1	0	16	0
#167	VERB_USE	34	408	0.000010	0.000000	34	0	544	0
#169	VERB_DYE	30	360	0.000005	0.000000	30	0	480	0
#180	NPC_PULSE	106447	0	1.058091	0.000010	0	0	0	0
#182	COMBAT_PULSE	106447	0	0.003128	0.000000	0	0	0	0
#184	PROCESS_AFFECT_PULSE	1774	0	0.139988	0.000079	0	0	0	0
#185	CHAR_DOIT_PULSE	118	0	0.000003	0.000000	0	0	0	0
#186	HEAL_PULSE	887	0	0.000045	0.000000	0	0	0	0
#188	MONSTER_PULSE	887	0	0.001024	0.000001	0	0	0	0
#189	MAINTENANCE_PULSE	887	0	0.000000	0.000000	0	0	0	0
#193	TOSS_DEAD_HOUSES	3548	0	0.000281	0.000000	0	0	0	0
#194	DUNGEON_QUEUE_PULSE	7096	0	0.002019	0.000000	0	0	0	0
#196	AMBUSH_PULSE	21289	0	0.000849	0.000000	0	0	0	0
#197		1774	0	0.012185	0.000007	0	0	0	0
#210	DATAMGR_LOG_PERMANENT	0	0	0	0	84	3757	0	0
#211	DATAMGR_LOGIN	136	944848	0.000397	0.000003	136	4307	0	0
#212	DATAMGR_LOGOUT	0	0	0	0	100	500	0	0
#213	DATAMGR_NEW_CHAR	2	40	0.000001	0.000001	2	2553	0	0
#214	DATAMGR_SAVE_CHAR	0	0	0	0	35898	275268846	0	0
#215	DATAMGR_DEL_CHAR	0	0	0	0	1	9	0	0
#218	DATAMGR_REVOKE	0	0	0	0	1	6	0	0
#219	DATAMGR_GAG	0	0	0	0	1	6	0	0
#221	DATAMGR_NEW_HOUSE	0	0	0	0	2	4300	0	0
#222	DATAMGR_WRITE_HOUSE	0	0	0	0	5915	72271231	0	0
#224	DATAMGR_GET_HOUSE	187	2132152	0.000776	0.000004	187	3559	0	0
#225	DATAMGR_HELLO	0	0	0	0	1	3	0	0
#231		1	4544	0.000000	0.000000	1	5	0	0
#232		0	0	0	0	12	418	0	0
#233		119	4664	0.000002	0.000000	119	1198	0	0
#234		0	0	0	0	11	99	0	0
#236		117	6052	0.000004	0.000000	10910	341398	0	0
#254	CLIENT_HACKED_MSG	1	8	0.000000	0.000000	0	0	0	0

	Total)	368417	4896480	1.230174	0.000003	794716	393635299	2161513	10768

Slowest Msg #184 took  0.000141 seconds.
Total process time =  1774.760104
Total run time =         106448