Msg#	Message	Count	Inbound	Total_Time	Average_Time	Count	Outbound	Acked	Naked
#1	CLIENT_CONNECTED	492	0	0.000032	0.000000	0	0	0	0
#2	CLIENT_HUNG_UP	487	0	0.000354	0.000001	0	0	0	0
#14	PLAYER_CHECK_LOGIN	280	6896	0.000017	0.000000	280	9644	0	0
#15	SECURITY	241	0	0.000001	0.000000	0	0	0	0
#16	INN_LOGIN	241	2892	0.000007	0.000000	0	0	0	0
#17	SERVER_PING	9116	36464	0.000214	0.000000	9116	0	145856	0
#18	PLAYER_QUERY_CHARACTERS	241	0	0.000095	0.000000	241	736209	0	0
#21	PLAYER_LOGIN	0	0	0	0	241	0	3856	0
#22	PLAYER_LOGOUT	39	0	0.000000	0.000000	0	0	0	0
#24	PLAYER_SYSTEM_MSG	0	0	0	0	139	17829	0	0
#25	PLAYER_ACK	0	0	0	0	53025	5649816	0	0
#26	PLAYER_NAK	0	0	0	0	661	10576	0	0
#32	PLAYER_CHANGE_ROOM	1638	19656	0.000730	0.000000	88	0	0	1408
#33	PLAYER_NEW_ROOM	0	0	0	0	4655	6208099	0	0
#37	PLAYER_ROOM_CHAT	1795	34948	0.000446	0.000000	0	0	0	0
#38	PLAYER_TEXT	0	0	0	0	7830	445744	0	0
#41	PLAYER_MOVIE	28955	705920	0.001075	0.000000	28942	0	463072	0
#42	PLAYER_MOVIE_DATA	0	0	0	0	204950	18126053	0	0
#45	PLAYER_DESTROY_OBJECT	0	0	0	0	11421	204581	0	0
#48	PLAYER_CREATE_CHARACTER	20	476	0.000025	0.000001	20	0	4283	128
#49	PLAYER_DESTROY_CHARACTER	22	88	0.000010	0.000000	22	0	336	16
#52	PLAYER_SHIFT_ROOM	3128	12512	0.001110	0.000000	88	0	1386	352
#55	PLAYER_GET_BIOGRAPHY	582	2328	0.000018	0.000000	582	0	43897	0
#56	PLAYER_SET_BIOGRAPHY	21	892	0.000006	0.000000	21	0	336	0
#57	PLAYER_GET_DESCRIPTION	788	3152	0.000076	0.000000	788	0	311022	0
#58	PLAYER_GET_EXTENDED_PROPS	514	2056	0.000046	0.000000	514	0	173594	0
#59	PLAYER_SET_HEAD_DATA	12	240	0.000002	0.000000	12	0	192	0
#61	PLAYER_WHO	0	0	0	0	42	1873	0	0
#69	COMBAT_EXIT	1499	0	0.000073	0.000000	3028	32114	23984	0
#71	GET_SHOP_INFO	315	1260	0.000225	0.000001	315	0	4104394	0
#73	SHOP_EXAMINE	98	784	0.000023	0.000000	98	0	22339	0
#74	SHOP_SELL	8	64	0.000007	0.000001	8	0	128	0
#75	SHOP_GET_PRICE	8	64	0.000000	0.000000	8	0	128	0
#76	MONEY_DROP	8	64	0.000001	0.000000	8	0	128	0
#77	MONEY_PUT	7	84	0.000001	0.000000	7	0	112	0
#78	MONEY_GIVE	8	96	0.000007	0.000001	8	0	112	16
#79	MONEY_TAKE	618	2472	0.000111	0.000000	618	0	9808	80
#80	CAST_SPELL	3081	49296	0.000669	0.000000	3081	0	49168	128
#81	PLAYER_INFO	0	0	0	0	398	17909	0	0
#84	FATAL_DATA	4	1432	0.000002	0.000000	4	0	64	0
#87	GROUP_JOIN	53	212	0.000003	0.000000	133	2027	2241	16
#88	GROUP_LEAVE	4	0	0.000000	0.000000	95	1183	64	0
#89	GROUP_KICK	1	4	0.000000	0.000000	4	39	16	0
#90	OLD_SECURITY	43	344	0.000002	0.000000	52	3283	0	0
#92	GET_POSN	199	796	0.000011	0.000000	199	0	5174	0
#94	GET_HOUSE	51	620	0.000004	0.000000	51	0	0	816
#95	GET_ENTRY_INFO	471	1884	0.000022	0.000000	471	0	12958	848
#98	LOGIN_UPDATE	0	0	0	0	277	3047	0	0
#102	SHOP_GET_RECHARGE_PRICE	1	8	0.000000	0.000000	1	0	16	0
#103	SET_TITLE	14	332	0.000008	0.000001	14	0	192	32
#104	TREE_GET	1	4	0.000000	0.000000	1	0	201	0
#105	TREE_CHOOSE_TOPIC	2	8	0.000000	0.000000	2	0	473	0
#110	GET_QUEST_LIST	4	0	0.000000	0.000000	4	0	76	0
#112	COMBAT_ACTION	4883	67884	0.000150	0.000000	0	0	0	0
#114	WHATS_NEW	10	0	0.000001	0.000000	10	473172	0	0
#115	SET_ENGRAVE_NAME	42	676	0.000001	0.000000	0	0	0	0
#116	GET_LOOK_INFO	315	1260	0.000059	0.000000	315	0	93242	0
#126	MASS_SELL	35	1632	0.000021	0.000001	35	0	3151	0
#127	MASS_BUY	189	6028	0.000067	0.000000	189	0	34069	0
#128	GET_SELL_PRICES	41	164	0.000004	0.000000	41	0	5265	0
#130	PLAYER_CHARACTER_LOGIN	199	796	0.000253	0.000001	199	0	15659	0
#131	GET_REPAIR_PRICES	15	60	0.000001	0.000000	15	0	830	16
#132	MASS_REPAIR	14	408	0.000001	0.000000	14	0	224	0
#135	MAIL_LIST_GET	2	0	0.000000	0.000000	201	0	10352	1760
#136	MAIL_MESSAGE_GET	24	96	0.000001	0.000000	24	0	19992	0
#138	MAIL_MESSAGE_SEND	2	2660	0.000000	0.000000	2	0	34	0
#145		7320	230904	0.000197	0.000000	0	0	0	0
#150	VERB_GET	1635	24176	0.001085	0.000001	1635	0	25440	720
#151	VERB_DROP	456	5532	0.000067	0.000000	456	0	7216	80
#152	VERB_PUT_IN	500	6180	0.000076	0.000000	500	0	7952	48
#153	VERB_PUT_ON	519	6252	0.000083	0.000000	519	0	7520	784
#154	VERB_TAKE_OFF	490	5892	0.000079	0.000000	490	0	7840	0
#155	VERB_OPEN	308	5712	0.000055	0.000000	308	0	4480	448
#156	VERB_CLOSE	39	632	0.000003	0.000000	39	0	608	16
#158	VERB_UNLOCK	61	1492	0.000021	0.000000	61	0	976	0
#160	VERB_ENGAGE	832	13440	0.000142	0.000000	832	0	12992	320
#161	VERB_CONSUME	46	552	0.000011	0.000000	46	0	736	0
#162	VERB_SIT	11	132	0.000001	0.000000	11	0	176	0
#163	VERB_STAND	3	36	0.000000	0.000000	3	0	48	0
#164	VERB_GIVE	190	3012	0.000193	0.000001	190	0	2704	336
#165	VERB_MEMORIZE	546	6580	0.000090	0.000000	546	0	6528	2208
#166	VERB_ROB	6	96	0.000001	0.000000	6	0	96	0
#167	VERB_USE	5	60	0.000002	0.000000	5	0	80	0
#169	VERB_DYE	125	1536	0.000025	0.000000	125	0	2000	0
#180	NPC_PULSE	159676	0	2.034542	0.000013	0	0	0	0
#182	COMBAT_PULSE	159676	0	0.002855	0.000000	0	0	0	0
#184	PROCESS_AFFECT_PULSE	2661	0	0.250450	0.000094	0	0	0	0
#185	CHAR_DOIT_PULSE	177	0	0.000005	0.000000	0	0	0	0
#186	HEAL_PULSE	1330	0	0.000092	0.000000	0	0	0	0
#188	MONSTER_PULSE	1330	0	0.000956	0.000001	0	0	0	0
#189	MAINTENANCE_PULSE	1330	0	0.000001	0.000000	0	0	0	0
#193	TOSS_DEAD_HOUSES	5322	0	0.000289	0.000000	0	0	0	0
#194	DUNGEON_QUEUE_PULSE	10645	0	0.002091	0.000000	0	0	0	0
#196	AMBUSH_PULSE	31935	0	0.002152	0.000000	0	0	0	0
#197		2661	0	0.014926	0.000006	0	0	0	0
#210	DATAMGR_LOG_PERMANENT	0	0	0	0	404	15324	0	0
#211	DATAMGR_LOGIN	277	3383748	0.002016	0.000007	277	8604	0	0
#212	DATAMGR_LOGOUT	0	0	0	0	236	1180	0	0
#213	DATAMGR_NEW_CHAR	20	400	0.000014	0.000001	20	31233	0	0
#214	DATAMGR_SAVE_CHAR	0	0	0	0	10564	65721717	0	0
#215	DATAMGR_DEL_CHAR	0	0	0	0	21	189	0	0
#221	DATAMGR_NEW_HOUSE	0	0	0	0	12	25864	0	0
#222	DATAMGR_WRITE_HOUSE	0	0	0	0	14605	150856979	0	0
#224	DATAMGR_GET_HOUSE	131	1612384	0.000877	0.000007	131	2479	0	0
#225	DATAMGR_HELLO	0	0	0	0	1	3	0	0
#228	DATAMGR_LOGINMESSAGE	0	0	0	0	1	4	0	0
#231		10	472376	0.000003	0.000000	10	50	0	0
#232		0	0	0	0	41	1289	0	0
#233		227	29904	0.000006	0.000000	227	5038	0	0
#236		202	16536	0.000013	0.000000	7526	255960	0	0
#254	CLIENT_HACKED_MSG	233	1864	0.000020	0.000000	0	0	0	0

	Total)	451816	6799440	2.319429	0.000005	373456	248869111	5649816	10576

Slowest Msg #184 took  0.000171 seconds.
Total process time = -931.309964
Total run time =         159677