Msg#	Message	Count	Inbound	Total_Time	Average_Time	Count	Outbound	Acked	Naked
#1	CLIENT_CONNECTED	77	0	0.000003	0.000000	0	0	0	0
#2	CLIENT_HUNG_UP	64	0	0.000059	0.000001	0	0	0	0
#14	PLAYER_CHECK_LOGIN	75	1732	0.000004	0.000000	75	1863	0	0
#15	SECURITY	72	0	0.000000	0.000000	0	0	0	0
#16	INN_LOGIN	72	864	0.000001	0.000000	0	0	0	0
#17	SERVER_PING	8045	32180	0.000128	0.000000	8045	0	128720	0
#18	PLAYER_QUERY_CHARACTERS	72	0	0.000012	0.000000	72	120674	0	0
#21	PLAYER_LOGIN	0	0	0	0	72	0	1152	0
#22	PLAYER_LOGOUT	11	0	0.000000	0.000000	0	0	0	0
#24	PLAYER_SYSTEM_MSG	0	0	0	0	47	6479	0	0
#25	PLAYER_ACK	0	0	0	0	31430	821863	0	0
#26	PLAYER_NAK	0	0	0	0	329	5264	0	0
#32	PLAYER_CHANGE_ROOM	702	8424	0.000191	0.000000	78	0	0	1248
#33	PLAYER_NEW_ROOM	0	0	0	0	3346	4368683	0	0
#37	PLAYER_ROOM_CHAT	678	12236	0.000092	0.000000	0	0	0	0
#38	PLAYER_TEXT	0	0	0	0	10778	570793	0	0
#41	PLAYER_MOVIE	15949	412276	0.000390	0.000000	15942	0	255072	0
#42	PLAYER_MOVIE_DATA	0	0	0	0	198929	15443409	0	0
#45	PLAYER_DESTROY_OBJECT	0	0	0	0	14502	256382	0	0
#48	PLAYER_CREATE_CHARACTER	5	120	0.000002	0.000000	5	0	1512	0
#52	PLAYER_SHIFT_ROOM	2737	10948	0.000582	0.000000	36	0	441	240
#55	PLAYER_GET_BIOGRAPHY	87	348	0.000002	0.000000	87	0	6435	0
#56	PLAYER_SET_BIOGRAPHY	5	280	0.000001	0.000000	5	0	80	0
#57	PLAYER_GET_DESCRIPTION	167	668	0.000010	0.000000	167	0	53003	0
#58	PLAYER_GET_EXTENDED_PROPS	116	464	0.000005	0.000000	116	0	40131	0
#59	PLAYER_SET_HEAD_DATA	5	100	0.000001	0.000000	5	0	80	0
#61	PLAYER_WHO	0	0	0	0	29	3477	0	0
#69	COMBAT_EXIT	1532	0	0.000048	0.000000	3283	34330	24512	0
#71	GET_SHOP_INFO	58	232	0.000010	0.000000	58	0	190395	0
#73	SHOP_EXAMINE	3	24	0.000000	0.000000	3	0	462	0
#74	SHOP_SELL	5	40	0.000004	0.000001	5	0	80	0
#75	SHOP_GET_PRICE	5	40	0.000000	0.000000	5	0	80	0
#76	MONEY_DROP	4	32	0.000001	0.000000	4	0	64	0
#77	MONEY_PUT	3	36	0.000000	0.000000	3	0	48	0
#78	MONEY_GIVE	7	84	0.000004	0.000001	7	0	48	64
#79	MONEY_TAKE	322	1288	0.000037	0.000000	322	0	4992	160
#80	CAST_SPELL	1296	20736	0.000221	0.000000	1296	0	20608	128
#81	PLAYER_INFO	0	0	0	0	269	10334	0	0
#84	FATAL_DATA	5	1536	0.000002	0.000000	5	0	80	0
#87	GROUP_JOIN	30	120	0.000001	0.000000	93	1465	1607	48
#88	GROUP_LEAVE	2	0	0.000000	0.000000	58	728	32	0
#90	OLD_SECURITY	29	232	0.000001	0.000000	29	1916	0	0
#92	GET_POSN	72	288	0.000002	0.000000	72	0	1872	0
#94	GET_HOUSE	30	372	0.000001	0.000000	30	0	0	480
#95	GET_ENTRY_INFO	173	692	0.000005	0.000000	173	0	4247	576
#98	LOGIN_UPDATE	0	0	0	0	74	814	0	0
#103	SET_TITLE	5	84	0.000002	0.000000	5	0	64	16
#104	TREE_GET	1	4	0.000000	0.000000	1	0	179	0
#105	TREE_CHOOSE_TOPIC	1	4	0.000000	0.000000	1	0	214	0
#110	GET_QUEST_LIST	1	0	0.000000	0.000000	1	0	19	0
#112	COMBAT_ACTION	4741	51580	0.000090	0.000000	0	0	0	0
#114	WHATS_NEW	3	0	0.000000	0.000000	3	13653	0	0
#115	SET_ENGRAVE_NAME	4	48	0.000000	0.000000	0	0	0	0
#116	GET_LOOK_INFO	44	176	0.000005	0.000000	44	0	12885	0
#126	MASS_SELL	21	1360	0.000009	0.000000	21	0	2633	0
#127	MASS_BUY	36	1652	0.000007	0.000000	36	0	7383	0
#128	GET_SELL_PRICES	25	100	0.000002	0.000000	25	0	4977	0
#130	PLAYER_CHARACTER_LOGIN	72	288	0.000017	0.000000	72	0	3193	0
#131	GET_REPAIR_PRICES	8	32	0.000000	0.000000	8	0	269	48
#132	MASS_REPAIR	5	132	0.000000	0.000000	5	0	80	0
#135	MAIL_LIST_GET	0	0	0	0	72	0	1654	1008
#145		4007	138920	0.000074	0.000000	0	0	0	0
#150	VERB_GET	1346	22288	0.000830	0.000001	1346	0	21328	208
#151	VERB_DROP	98	1176	0.000011	0.000000	98	0	1552	16
#152	VERB_PUT_IN	277	3500	0.000029	0.000000	277	0	4352	80
#153	VERB_PUT_ON	166	1992	0.000015	0.000000	166	0	2416	240
#154	VERB_TAKE_OFF	118	1416	0.000010	0.000000	118	0	1888	0
#155	VERB_OPEN	135	2572	0.000016	0.000000	135	0	2096	64
#156	VERB_CLOSE	14	200	0.000001	0.000000	14	0	224	0
#158	VERB_UNLOCK	25	688	0.000003	0.000000	25	0	320	80
#160	VERB_ENGAGE	812	13052	0.000074	0.000000	812	0	12832	160
#161	VERB_CONSUME	39	468	0.000006	0.000000	39	0	624	0
#162	VERB_SIT	1	12	0.000000	0.000000	1	0	16	0
#163	VERB_STAND	1	12	0.000000	0.000000	1	0	16	0
#164	VERB_GIVE	78	1128	0.000060	0.000001	78	0	1200	48
#165	VERB_MEMORIZE	207	2484	0.000024	0.000000	207	0	3008	304
#166	VERB_ROB	22	284	0.000001	0.000000	22	0	304	48
#167	VERB_USE	9	120	0.000001	0.000000	9	0	144	0
#169	VERB_DYE	15	180	0.000002	0.000000	15	0	240	0
#180	NPC_PULSE	50047	0	0.518455	0.000010	0	0	0	0
#182	COMBAT_PULSE	50047	0	0.001472	0.000000	0	0	0	0
#184	PROCESS_AFFECT_PULSE	834	0	0.069789	0.000084	0	0	0	0
#185	CHAR_DOIT_PULSE	55	0	0.000001	0.000000	0	0	0	0
#186	HEAL_PULSE	417	0	0.000018	0.000000	0	0	0	0
#188	MONSTER_PULSE	417	0	0.000396	0.000001	0	0	0	0
#189	MAINTENANCE_PULSE	417	0	0.000000	0.000000	0	0	0	0
#193	TOSS_DEAD_HOUSES	1668	0	0.000155	0.000000	0	0	0	0
#194	DUNGEON_QUEUE_PULSE	3336	0	0.000765	0.000000	0	0	0	0
#196	AMBUSH_PULSE	10009	0	0.000449	0.000000	0	0	0	0
#197		834	0	0.003353	0.000004	0	0	0	0
#210	DATAMGR_LOG_PERMANENT	0	0	0	0	45	1733	0	0
#211	DATAMGR_LOGIN	74	507432	0.000228	0.000003	74	2193	0	0
#212	DATAMGR_LOGOUT	0	0	0	0	59	295	0	0
#213	DATAMGR_NEW_CHAR	5	100	0.000003	0.000001	5	6090	0	0
#214	DATAMGR_SAVE_CHAR	0	0	0	0	9102	64822090	0	0
#221	DATAMGR_NEW_HOUSE	0	0	0	0	5	10793	0	0
#222	DATAMGR_WRITE_HOUSE	0	0	0	0	1054	12683543	0	0
#224	DATAMGR_GET_HOUSE	80	1410032	0.000531	0.000007	80	1495	0	0
#225	DATAMGR_HELLO	0	0	0	0	1	3	0	0
#231		3	13632	0.000000	0.000000	3	15	0	0
#232		0	0	0	0	4	86	0	0
#233		72	2040	0.000001	0.000000	72	720	0	0
#236		73	3224	0.000002	0.000000	4080	154050	0	0
#254	CLIENT_HACKED_MSG	1	8	0.000000	0.000000	0	0	0	0

	Total)	163241	2688812	0.598730	0.000004	308125	99345233	821863	5264

Slowest Msg #184 took  0.000132 seconds.
Total process time =  854.848043
Total run time =          50048