Msg#	Message	Count	Inbound	Total_Time	Average_Time	Count	Outbound	Acked	Naked
#1	CLIENT_CONNECTED	9	0	0.000000	0.000000	0	0	0	0
#2	CLIENT_HUNG_UP	5	0	0.000002	0.000000	0	0	0	0
#14	PLAYER_CHECK_LOGIN	9	232	0.000000	0.000000	9	189	0	0
#15	SECURITY	9	0	0.000000	0.000000	0	0	0	0
#16	INN_LOGIN	9	108	0.000000	0.000000	0	0	0	0
#17	SERVER_PING	273	1092	0.000004	0.000000	273	0	4368	0
#18	PLAYER_QUERY_CHARACTERS	9	0	0.000000	0.000000	9	727	0	0
#21	PLAYER_LOGIN	0	0	0	0	9	0	144	0
#22	PLAYER_LOGOUT	3	0	0.000000	0.000000	0	0	0	0
#24	PLAYER_SYSTEM_MSG	0	0	0	0	24	3147	0	0
#25	PLAYER_ACK	0	0	0	0	1455	143626	0	0
#26	PLAYER_NAK	0	0	0	0	21	336	0	0
#32	PLAYER_CHANGE_ROOM	89	1068	0.000008	0.000000	3	0	0	48
#33	PLAYER_NEW_ROOM	0	0	0	0	171	111200	0	0
#37	PLAYER_ROOM_CHAT	98	1952	0.000017	0.000000	0	0	0	0
#38	PLAYER_TEXT	0	0	0	0	288	17710	0	0
#41	PLAYER_MOVIE	795	19880	0.000017	0.000000	795	0	12720	0
#42	PLAYER_MOVIE_DATA	0	0	0	0	3974	216758	0	0
#45	PLAYER_DESTROY_OBJECT	0	0	0	0	484	9136	0	0
#48	PLAYER_CREATE_CHARACTER	6	144	0.000004	0.000001	6	0	1963	0
#52	PLAYER_SHIFT_ROOM	86	344	0.000008	0.000000	2	0	21	16
#56	PLAYER_SET_BIOGRAPHY	6	360	0.000001	0.000000	6	0	96	0
#57	PLAYER_GET_DESCRIPTION	1	4	0.000000	0.000000	1	0	157	0
#58	PLAYER_GET_EXTENDED_PROPS	8	32	0.000000	0.000000	8	0	2838	0
#59	PLAYER_SET_HEAD_DATA	6	120	0.000001	0.000000	6	0	96	0
#61	PLAYER_WHO	0	0	0	0	7	276	0	0
#69	COMBAT_EXIT	54	0	0.000002	0.000000	108	1008	864	0
#71	GET_SHOP_INFO	15	60	0.000003	0.000000	15	0	109175	0
#73	SHOP_EXAMINE	1	8	0.000000	0.000000	1	0	158	0
#78	MONEY_GIVE	3	36	0.000002	0.000001	3	0	48	0
#80	CAST_SPELL	25	400	0.000002	0.000000	25	0	384	16
#81	PLAYER_INFO	0	0	0	0	22	944	0	0
#87	GROUP_JOIN	5	20	0.000000	0.000000	13	176	198	16
#88	GROUP_LEAVE	0	0	0	0	8	104	0	0
#90	OLD_SECURITY	4	32	0.000000	0.000000	4	254	0	0
#92	GET_POSN	8	32	0.000000	0.000000	8	0	208	0
#95	GET_ENTRY_INFO	41	164	0.000001	0.000000	41	0	1116	80
#98	LOGIN_UPDATE	0	0	0	0	9	99	0	0
#112	COMBAT_ACTION	99	860	0.000002	0.000000	0	0	0	0
#114	WHATS_NEW	4	0	0.000000	0.000000	4	1518	0	0
#126	MASS_SELL	5	328	0.000002	0.000000	5	0	641	0
#127	MASS_BUY	13	1040	0.000004	0.000000	13	0	4395	0
#128	GET_SELL_PRICES	5	20	0.000000	0.000000	5	0	701	0
#130	PLAYER_CHARACTER_LOGIN	8	32	0.000001	0.000000	8	0	206	0
#135	MAIL_LIST_GET	0	0	0	0	8	0	98	96
#136	MAIL_MESSAGE_GET	1	4	0.000000	0.000000	1	0	295	0
#145		43	516	0.000001	0.000000	0	0	0	0
#150	VERB_GET	61	1160	0.000021	0.000000	61	0	976	0
#151	VERB_DROP	6	72	0.000000	0.000000	6	0	96	0
#152	VERB_PUT_IN	11	140	0.000001	0.000000	11	0	176	0
#153	VERB_PUT_ON	5	60	0.000000	0.000000	5	0	48	32
#154	VERB_TAKE_OFF	10	120	0.000000	0.000000	10	0	160	0
#155	VERB_OPEN	15	340	0.000001	0.000000	15	0	240	0
#160	VERB_ENGAGE	18	288	0.000002	0.000000	18	0	272	16
#161	VERB_CONSUME	24	288	0.000002	0.000000	24	0	384	0
#164	VERB_GIVE	12	144	0.000005	0.000000	12	0	192	0
#165	VERB_MEMORIZE	13	156	0.000002	0.000000	13	0	192	16
#180	NPC_PULSE	3435	0	0.029075	0.000008	0	0	0	0
#182	COMBAT_PULSE	3435	0	0.000013	0.000000	0	0	0	0
#184	PROCESS_AFFECT_PULSE	57	0	0.003923	0.000069	0	0	0	0
#185	CHAR_DOIT_PULSE	3	0	0.000000	0.000000	0	0	0	0
#186	HEAL_PULSE	28	0	0.000001	0.000000	0	0	0	0
#188	MONSTER_PULSE	28	0	0.000008	0.000000	0	0	0	0
#189	MAINTENANCE_PULSE	28	0	0.000000	0.000000	0	0	0	0
#193	TOSS_DEAD_HOUSES	114	0	0.000003	0.000000	0	0	0	0
#194	DUNGEON_QUEUE_PULSE	229	0	0.000073	0.000000	0	0	0	0
#196	AMBUSH_PULSE	687	0	0.000028	0.000000	0	0	0	0
#197		57	0	0.000032	0.000001	0	0	0	0
#210	DATAMGR_LOG_PERMANENT	0	0	0	0	39	1498	0	0
#211	DATAMGR_LOGIN	9	3528	0.000002	0.000000	9	282	0	0
#212	DATAMGR_LOGOUT	0	0	0	0	5	25	0	0
#213	DATAMGR_NEW_CHAR	6	120	0.000004	0.000001	6	8118	0	0
#214	DATAMGR_SAVE_CHAR	0	0	0	0	309	633483	0	0
#221	DATAMGR_NEW_HOUSE	0	0	0	0	6	12934	0	0
#222	DATAMGR_WRITE_HOUSE	0	0	0	0	33	82110	0	0
#224	DATAMGR_GET_HOUSE	7	15188	0.000002	0.000000	7	120	0	0
#225	DATAMGR_HELLO	0	0	0	0	1	3	0	0
#231		4	1508	0.000000	0.000000	4	20	0	0
#233		9	404	0.000000	0.000000	9	94	0	0
#236		8	196	0.000000	0.000000	51	738	0	0

	Total)	10074	52600	0.033282	0.000003	8506	1246633	143626	336

Slowest Msg #184 took  0.000096 seconds.
Total process time =  45.581077
Total run time =           3436