Msg#	Message	Count	Inbound	Total_Time	Average_Time	Count	Outbound	Acked	Naked
#1	CLIENT_CONNECTED	126	0	0.000005	0.000000	0	0	0	0
#2	CLIENT_HUNG_UP	110	0	0.000113	0.000001	0	0	0	0
#14	PLAYER_CHECK_LOGIN	133	3052	0.000005	0.000000	133	3983	0	0
#15	SECURITY	121	0	0.000000	0.000000	0	0	0	0
#16	INN_LOGIN	121	1452	0.000002	0.000000	0	0	0	0
#17	SERVER_PING	18578	74312	0.000279	0.000000	18578	0	297248	0
#18	PLAYER_QUERY_CHARACTERS	121	0	0.000026	0.000000	121	274247	0	0
#21	PLAYER_LOGIN	0	0	0	0	121	0	1936	0
#22	PLAYER_LOGOUT	22	0	0.000000	0.000000	0	0	0	0
#24	PLAYER_SYSTEM_MSG	0	0	0	0	70	11059	0	0
#25	PLAYER_ACK	0	0	0	0	71625	2614820	0	0
#26	PLAYER_NAK	0	0	0	0	470	7520	0	0
#32	PLAYER_CHANGE_ROOM	1283	15396	0.000380	0.000000	68	0	0	1088
#33	PLAYER_NEW_ROOM	0	0	0	0	6964	9207196	0	0
#37	PLAYER_ROOM_CHAT	1175	24868	0.000209	0.000000	0	0	0	0
#38	PLAYER_TEXT	0	0	0	0	15352	882035	0	0
#41	PLAYER_MOVIE	35658	927656	0.000815	0.000000	35645	0	570320	0
#42	PLAYER_MOVIE_DATA	0	0	0	0	506878	37463498	0	0
#45	PLAYER_DESTROY_OBJECT	0	0	0	0	25181	447313	0	0
#48	PLAYER_CREATE_CHARACTER	2	52	0.000001	0.000000	2	0	567	0
#52	PLAYER_SHIFT_ROOM	5755	23020	0.001301	0.000000	27	0	441	96
#55	PLAYER_GET_BIOGRAPHY	294	1176	0.000006	0.000000	294	0	22662	0
#56	PLAYER_SET_BIOGRAPHY	2	120	0.000000	0.000000	2	0	32	0
#57	PLAYER_GET_DESCRIPTION	561	2244	0.000035	0.000000	561	0	230869	0
#58	PLAYER_GET_EXTENDED_PROPS	267	1068	0.000017	0.000000	267	0	86060	0
#59	PLAYER_SET_HEAD_DATA	2	40	0.000000	0.000000	2	0	32	0
#61	PLAYER_WHO	0	0	0	0	17	2590	0	0
#69	COMBAT_EXIT	2919	0	0.000089	0.000000	5982	60490	46704	0
#71	GET_SHOP_INFO	115	460	0.000032	0.000000	115	0	1055770	0
#73	SHOP_EXAMINE	24	192	0.000002	0.000000	24	0	7343	0
#74	SHOP_SELL	5	40	0.000013	0.000003	5	0	80	0
#75	SHOP_GET_PRICE	5	40	0.000001	0.000000	5	0	80	0
#78	MONEY_GIVE	10	120	0.000009	0.000001	10	0	160	0
#79	MONEY_TAKE	710	2840	0.000078	0.000000	710	0	11072	288
#80	CAST_SPELL	3345	53520	0.000541	0.000000	3345	0	53472	48
#81	PLAYER_INFO	0	0	0	0	238	10891	0	0
#84	FATAL_DATA	10	4448	0.000004	0.000000	10	0	160	0
#87	GROUP_JOIN	51	204	0.000001	0.000000	172	3046	3080	48
#88	GROUP_LEAVE	1	0	0.000000	0.000000	82	1053	16	0
#89	GROUP_KICK	1	4	0.000000	0.000000	4	39	16	0
#90	OLD_SECURITY	49	392	0.000002	0.000000	49	3315	0	0
#92	GET_POSN	119	476	0.000003	0.000000	119	0	3094	0
#94	GET_HOUSE	45	624	0.000002	0.000000	45	0	0	720
#95	GET_ENTRY_INFO	330	1320	0.000010	0.000000	330	0	9021	624
#98	LOGIN_UPDATE	0	0	0	0	133	1463	0	0
#101	SHOP_RECHARGE	2	16	0.000000	0.000000	2	0	32	0
#102	SHOP_GET_RECHARGE_PRICE	2	16	0.000000	0.000000	2	0	32	0
#103	SET_TITLE	4	64	0.000002	0.000001	4	0	64	0
#104	TREE_GET	8	32	0.000000	0.000000	8	0	2664	0
#105	TREE_CHOOSE_TOPIC	12	48	0.000000	0.000000	12	0	1882	0
#106	TREE_GET_TEXT	8	32	0.000000	0.000000	8	0	973	0
#107	TREE_BACK	6	0	0.000000	0.000000	6	0	2004	0
#108	QUEST_ACCEPT	2	8	0.000000	0.000000	2	0	108	0
#109	QUEST_DECLINE	1	4	0.000000	0.000000	1	0	31	0
#110	GET_QUEST_LIST	1	0	0.000000	0.000000	1	0	19	0
#112	COMBAT_ACTION	6361	72536	0.000109	0.000000	0	0	0	0
#114	WHATS_NEW	2	0	0.000000	0.000000	2	22984	0	0
#115	SET_ENGRAVE_NAME	24	380	0.000000	0.000000	0	0	0	0
#116	GET_LOOK_INFO	147	588	0.000020	0.000000	147	0	44626	0
#126	MASS_SELL	50	2116	0.000023	0.000000	50	0	4082	0
#127	MASS_BUY	78	3720	0.000015	0.000000	78	0	15948	0
#128	GET_SELL_PRICES	56	224	0.000003	0.000000	56	0	6424	0
#130	PLAYER_CHARACTER_LOGIN	119	476	0.000039	0.000000	119	0	5895	0
#131	GET_REPAIR_PRICES	23	92	0.000001	0.000000	23	0	1068	48
#132	MASS_REPAIR	20	524	0.000001	0.000000	20	0	320	0
#135	MAIL_LIST_GET	0	0	0	0	119	0	269	1824
#145		7161	219176	0.000128	0.000000	0	0	0	0
#150	VERB_GET	3322	54148	0.001668	0.000001	3322	0	52480	672
#151	VERB_DROP	126	1532	0.000017	0.000000	126	0	2016	0
#152	VERB_PUT_IN	1180	15516	0.000139	0.000000	1180	0	18528	352
#153	VERB_PUT_ON	535	6440	0.000056	0.000000	535	0	7904	656
#154	VERB_TAKE_OFF	432	5204	0.000042	0.000000	432	0	6912	0
#155	VERB_OPEN	356	6936	0.000081	0.000000	356	0	5472	224
#156	VERB_CLOSE	14	240	0.000001	0.000000	14	0	224	0
#157	VERB_LOCK	1	24	0.000000	0.000000	1	0	16	0
#158	VERB_UNLOCK	80	2128	0.000010	0.000000	80	0	1280	0
#160	VERB_ENGAGE	1276	20580	0.000123	0.000000	1276	0	20336	80
#161	VERB_CONSUME	67	804	0.000009	0.000000	67	0	1072	0
#162	VERB_SIT	4	48	0.000000	0.000000	4	0	64	0
#164	VERB_GIVE	273	3852	0.000203	0.000001	273	0	4288	80
#165	VERB_MEMORIZE	482	5792	0.000047	0.000000	482	0	7040	672
#167	VERB_USE	18	224	0.000004	0.000000	18	0	288	0
#169	VERB_DYE	14	168	0.000002	0.000000	14	0	224	0
#180	NPC_PULSE	81135	0	0.749683	0.000009	0	0	0	0
#182	COMBAT_PULSE	81135	0	0.003393	0.000000	0	0	0	0
#184	PROCESS_AFFECT_PULSE	1352	0	0.103101	0.000076	0	0	0	0
#185	CHAR_DOIT_PULSE	90	0	0.000003	0.000000	0	0	0	0
#186	HEAL_PULSE	676	0	0.000047	0.000000	0	0	0	0
#188	MONSTER_PULSE	676	0	0.000515	0.000001	0	0	0	0
#189	MAINTENANCE_PULSE	676	0	0.000000	0.000000	0	0	0	0
#193	TOSS_DEAD_HOUSES	2704	0	0.000346	0.000000	0	0	0	0
#194	DUNGEON_QUEUE_PULSE	5409	0	0.001053	0.000000	0	0	0	0
#196	AMBUSH_PULSE	16227	0	0.000650	0.000000	0	0	0	0
#197		1352	0	0.008324	0.000006	0	0	0	0
#210	DATAMGR_LOG_PERMANENT	0	0	0	0	51	1819	0	0
#211	DATAMGR_LOGIN	133	1215492	0.000519	0.000004	133	3926	0	0
#212	DATAMGR_LOGOUT	0	0	0	0	105	525	0	0
#213	DATAMGR_NEW_CHAR	2	40	0.000001	0.000001	2	2196	0	0
#214	DATAMGR_SAVE_CHAR	0	0	0	0	21183	149847549	0	0
#221	DATAMGR_NEW_HOUSE	0	0	0	0	2	4338	0	0
#222	DATAMGR_WRITE_HOUSE	0	0	0	0	6899	64760999	0	0
#224	DATAMGR_GET_HOUSE	144	3220436	0.001161	0.000008	144	3062	0	0
#225	DATAMGR_HELLO	0	0	0	0	1	3	0	0
#231		2	22952	0.000000	0.000000	2	10	0	0
#232		0	0	0	0	22	820	0	0
#233		119	1120	0.000001	0.000000	119	1190	0	0
#236		119	6524	0.000009	0.000000	11036	372768	0	0

	Total)	286288	6029388	0.875534	0.000003	742295	266016747	2614820	7520

Slowest Msg #184 took  0.000127 seconds.
Total process time =  1284.348195
Total run time =          81136