Msg#	Message	Count	Inbound	Total_Time	Average_Time	Count	Outbound	Acked	Naked
#1	CLIENT_CONNECTED	12	0	0.000001	0.000000	0	0	0	0
#2	CLIENT_HUNG_UP	6	0	0.000008	0.000001	0	0	0	0
#14	PLAYER_CHECK_LOGIN	12	276	0.000001	0.000000	12	252	0	0
#15	SECURITY	12	0	0.000000	0.000000	0	0	0	0
#16	INN_LOGIN	12	144	0.000000	0.000000	0	0	0	0
#17	SERVER_PING	939	3756	0.000017	0.000000	939	0	15024	0
#18	PLAYER_QUERY_CHARACTERS	12	0	0.000003	0.000000	12	28319	0	0
#21	PLAYER_LOGIN	0	0	0	0	12	0	192	0
#22	PLAYER_LOGOUT	2	0	0.000000	0.000000	0	0	0	0
#24	PLAYER_SYSTEM_MSG	0	0	0	0	2	325	0	0
#25	PLAYER_ACK	0	0	0	0	4235	83984	0	0
#26	PLAYER_NAK	0	0	0	0	28	448	0	0
#32	PLAYER_CHANGE_ROOM	60	720	0.000016	0.000000	2	0	0	32
#33	PLAYER_NEW_ROOM	0	0	0	0	440	456461	0	0
#37	PLAYER_ROOM_CHAT	96	1752	0.000015	0.000000	0	0	0	0
#38	PLAYER_TEXT	0	0	0	0	1261	61221	0	0
#41	PLAYER_MOVIE	2366	59168	0.000068	0.000000	2362	0	37792	0
#42	PLAYER_MOVIE_DATA	0	0	0	0	16749	2549865	0	0
#45	PLAYER_DESTROY_OBJECT	0	0	0	0	1588	28496	0	0
#52	PLAYER_SHIFT_ROOM	382	1528	0.000090	0.000000	0	0	0	0
#55	PLAYER_GET_BIOGRAPHY	8	32	0.000000	0.000000	8	0	584	0
#57	PLAYER_GET_DESCRIPTION	11	44	0.000001	0.000000	11	0	5215	0
#58	PLAYER_GET_EXTENDED_PROPS	16	64	0.000001	0.000000	16	0	5647	0
#61	PLAYER_WHO	0	0	0	0	9	554	0	0
#69	COMBAT_EXIT	317	0	0.000012	0.000000	650	6102	5072	0
#71	GET_SHOP_INFO	1	4	0.000000	0.000000	1	0	2080	0
#79	MONEY_TAKE	61	244	0.000006	0.000000	61	0	976	0
#80	CAST_SPELL	81	1296	0.000018	0.000000	81	0	1296	0
#81	PLAYER_INFO	0	0	0	0	76	2744	0	0
#87	GROUP_JOIN	4	16	0.000000	0.000000	13	214	232	0
#88	GROUP_LEAVE	0	0	0	0	4	52	0	0
#90	OLD_SECURITY	4	32	0.000000	0.000000	4	263	0	0
#92	GET_POSN	12	48	0.000000	0.000000	12	0	312	0
#94	GET_HOUSE	1	16	0.000000	0.000000	1	0	0	16
#95	GET_ENTRY_INFO	13	52	0.000000	0.000000	13	0	372	16
#98	LOGIN_UPDATE	0	0	0	0	12	132	0	0
#104	TREE_GET	10	40	0.000002	0.000000	10	0	0	160
#112	COMBAT_ACTION	251	2592	0.000006	0.000000	0	0	0	0
#116	GET_LOOK_INFO	4	16	0.000000	0.000000	4	0	1240	0
#126	MASS_SELL	3	196	0.000002	0.000001	3	0	383	0
#127	MASS_BUY	1	32	0.000000	0.000000	1	0	122	0
#128	GET_SELL_PRICES	3	12	0.000000	0.000000	3	0	403	0
#130	PLAYER_CHARACTER_LOGIN	12	48	0.000004	0.000000	12	0	903	0
#131	GET_REPAIR_PRICES	3	12	0.000000	0.000000	3	0	171	0
#132	MASS_REPAIR	3	84	0.000000	0.000000	3	0	48	0
#135	MAIL_LIST_GET	0	0	0	0	12	0	0	192
#145		177	4888	0.000004	0.000000	0	0	0	0
#150	VERB_GET	105	1672	0.000046	0.000000	105	0	1680	0
#151	VERB_DROP	3	36	0.000000	0.000000	3	0	48	0
#152	VERB_PUT_IN	3	44	0.000000	0.000000	3	0	48	0
#153	VERB_PUT_ON	2	24	0.000000	0.000000	2	0	32	0
#154	VERB_TAKE_OFF	2	24	0.000000	0.000000	2	0	32	0
#155	VERB_OPEN	9	148	0.000001	0.000000	9	0	144	0
#158	VERB_UNLOCK	3	88	0.000000	0.000000	3	0	48	0
#160	VERB_ENGAGE	241	3856	0.000024	0.000000	241	0	3824	32
#165	VERB_MEMORIZE	4	48	0.000001	0.000000	4	0	64	0
#180	NPC_PULSE	12652	0	0.157981	0.000012	0	0	0	0
#182	COMBAT_PULSE	12652	0	0.000277	0.000000	0	0	0	0
#184	PROCESS_AFFECT_PULSE	210	0	0.019727	0.000094	0	0	0	0
#185	CHAR_DOIT_PULSE	14	0	0.000000	0.000000	0	0	0	0
#186	HEAL_PULSE	105	0	0.000004	0.000000	0	0	0	0
#188	MONSTER_PULSE	105	0	0.000067	0.000001	0	0	0	0
#189	MAINTENANCE_PULSE	105	0	0.000000	0.000000	0	0	0	0
#193	TOSS_DEAD_HOUSES	421	0	0.000015	0.000000	0	0	0	0
#194	DUNGEON_QUEUE_PULSE	843	0	0.000069	0.000000	0	0	0	0
#196	AMBUSH_PULSE	2530	0	0.000146	0.000000	0	0	0	0
#197		210	0	0.000778	0.000004	0	0	0	0
#210	DATAMGR_LOG_PERMANENT	0	0	0	0	3	119	0	0
#211	DATAMGR_LOGIN	12	125520	0.000057	0.000005	12	360	0	0
#212	DATAMGR_LOGOUT	0	0	0	0	6	30	0	0
#214	DATAMGR_SAVE_CHAR	0	0	0	0	1025	8381077	0	0
#222	DATAMGR_WRITE_HOUSE	0	0	0	0	603	6251979	0	0
#224	DATAMGR_GET_HOUSE	8	135764	0.000065	0.000008	8	171	0	0
#225	DATAMGR_HELLO	0	0	0	0	1	3	0	0
#233		12	96	0.000000	0.000000	12	120	0	0
#236		12	980	0.000001	0.000000	303	8974	0	0

	Total)	35170	345412	0.179540	0.000005	31010	17862265	83984	448

Slowest Msg #184 took  0.000147 seconds.
Total process time =  270.682305
Total run time =          12653