Msg#	Message	Count	Inbound	Total_Time	Average_Time	Count	Outbound	Acked	Naked
#1	CLIENT_CONNECTED	46	0	0.000002	0.000000	0	0	0	0
#2	CLIENT_HUNG_UP	34	0	0.000084	0.000002	0	0	0	0
#14	PLAYER_CHECK_LOGIN	47	1204	0.000003	0.000000	47	1465	0	0
#15	SECURITY	42	0	0.000000	0.000000	0	0	0	0
#16	INN_LOGIN	42	504	0.000001	0.000000	0	0	0	0
#17	SERVER_PING	4276	17104	0.000100	0.000000	4276	0	68416	0
#18	PLAYER_QUERY_CHARACTERS	42	0	0.000013	0.000000	42	162645	0	0
#21	PLAYER_LOGIN	0	0	0	0	42	0	672	0
#22	PLAYER_LOGOUT	2	0	0.000000	0.000000	0	0	0	0
#24	PLAYER_SYSTEM_MSG	0	0	0	0	52	7471	0	0
#25	PLAYER_ACK	0	0	0	0	26672	639972	0	0
#26	PLAYER_NAK	0	0	0	0	411	6576	0	0
#32	PLAYER_CHANGE_ROOM	795	9540	0.000321	0.000000	44	0	0	704
#33	PLAYER_NEW_ROOM	0	0	0	0	2757	3164533	0	0
#37	PLAYER_ROOM_CHAT	799	22976	0.000195	0.000000	0	0	0	0
#38	PLAYER_TEXT	0	0	0	0	4093	226728	0	0
#41	PLAYER_MOVIE	15093	375924	0.000474	0.000000	15079	0	241264	0
#42	PLAYER_MOVIE_DATA	0	0	0	0	88324	9524169	0	0
#45	PLAYER_DESTROY_OBJECT	0	0	0	0	8367	152003	0	0
#52	PLAYER_SHIFT_ROOM	2025	8100	0.000689	0.000000	37	0	378	304
#55	PLAYER_GET_BIOGRAPHY	153	612	0.000004	0.000000	153	0	11849	0
#57	PLAYER_GET_DESCRIPTION	229	916	0.000021	0.000000	229	0	91870	0
#58	PLAYER_GET_EXTENDED_PROPS	117	468	0.000010	0.000000	117	0	39680	0
#61	PLAYER_WHO	0	0	0	0	6	449	0	0
#69	COMBAT_EXIT	1206	0	0.000051	0.000000	2538	30272	19296	0
#71	GET_SHOP_INFO	23	92	0.000004	0.000000	23	0	39140	0
#73	SHOP_EXAMINE	1	8	0.000000	0.000000	1	0	144	0
#74	SHOP_SELL	4	32	0.000067	0.000017	4	0	64	0
#75	SHOP_GET_PRICE	4	32	0.000002	0.000000	4	0	64	0
#76	MONEY_DROP	2	16	0.000000	0.000000	2	0	32	0
#78	MONEY_GIVE	1	12	0.000002	0.000002	1	0	16	0
#79	MONEY_TAKE	416	1664	0.000118	0.000000	416	0	6608	48
#80	CAST_SPELL	716	11456	0.000211	0.000000	716	0	11408	48
#81	PLAYER_INFO	0	0	0	0	789	26935	0	0
#84	FATAL_DATA	4	1656	0.000002	0.000000	4	0	64	0
#87	GROUP_JOIN	9	36	0.000000	0.000000	31	523	526	16
#88	GROUP_LEAVE	0	0	0	0	7	91	0	0
#90	OLD_SECURITY	9	72	0.000000	0.000000	9	587	0	0
#92	GET_POSN	40	160	0.000002	0.000000	40	0	1040	0
#94	GET_HOUSE	29	352	0.000002	0.000000	29	0	0	464
#95	GET_ENTRY_INFO	510	2040	0.000025	0.000000	510	0	8835	3600
#98	LOGIN_UPDATE	0	0	0	0	46	506	0	0
#104	TREE_GET	6	24	0.000000	0.000000	6	0	1227	0
#105	TREE_CHOOSE_TOPIC	8	32	0.000000	0.000000	8	0	1904	0
#107	TREE_BACK	2	0	0.000000	0.000000	2	0	469	0
#108	QUEST_ACCEPT	2	8	0.000000	0.000000	2	0	157	0
#112	COMBAT_ACTION	1367	9816	0.000037	0.000000	0	0	0	0
#114	WHATS_NEW	8	0	0.000000	0.000000	8	125036	0	0
#116	GET_LOOK_INFO	77	308	0.000014	0.000000	77	0	24030	0
#126	MASS_SELL	4	136	0.000002	0.000001	4	0	260	0
#127	MASS_BUY	13	336	0.000005	0.000000	13	0	4723	0
#128	GET_SELL_PRICES	5	20	0.000001	0.000000	5	0	789	0
#130	PLAYER_CHARACTER_LOGIN	40	160	0.000012	0.000000	40	0	2001	0
#131	GET_REPAIR_PRICES	10	40	0.000001	0.000000	10	0	529	16
#132	MASS_REPAIR	9	260	0.000000	0.000000	9	0	144	0
#135	MAIL_LIST_GET	0	0	0	0	40	0	453	496
#145		1276	37476	0.000035	0.000000	0	0	0	0
#150	VERB_GET	1753	30312	0.003171	0.000002	1753	0	27952	96
#151	VERB_DROP	85	1036	0.000019	0.000000	85	0	1360	0
#152	VERB_PUT_IN	254	3164	0.000071	0.000000	254	0	4064	0
#153	VERB_PUT_ON	244	2952	0.000036	0.000000	244	0	3488	416
#154	VERB_TAKE_OFF	195	2348	0.000030	0.000000	195	0	3056	64
#155	VERB_OPEN	184	3312	0.000040	0.000000	184	0	2800	144
#156	VERB_CLOSE	7	100	0.000001	0.000000	7	0	112	0
#158	VERB_UNLOCK	54	1316	0.000012	0.000000	54	0	848	16
#160	VERB_ENGAGE	1057	17400	0.000179	0.000000	1057	0	16816	96
#161	VERB_CONSUME	8	96	0.000002	0.000000	8	0	128	0
#164	VERB_GIVE	34	492	0.000040	0.000001	34	0	544	0
#165	VERB_MEMORIZE	30	360	0.000007	0.000000	30	0	432	48
#167	VERB_USE	14	168	0.000009	0.000001	14	0	224	0
#169	VERB_DYE	6	72	0.000002	0.000000	6	0	96	0
#180	NPC_PULSE	30852	0	0.459507	0.000015	0	0	0	0
#182	COMBAT_PULSE	30852	0	0.002536	0.000000	0	0	0	0
#184	PROCESS_AFFECT_PULSE	514	0	0.061253	0.000119	0	0	0	0
#185	CHAR_DOIT_PULSE	34	0	0.000002	0.000000	0	0	0	0
#186	HEAL_PULSE	257	0	0.000034	0.000000	0	0	0	0
#188	MONSTER_PULSE	257	0	0.000444	0.000002	0	0	0	0
#189	MAINTENANCE_PULSE	257	0	0.000000	0.000000	0	0	0	0
#193	TOSS_DEAD_HOUSES	1028	0	0.000217	0.000000	0	0	0	0
#194	DUNGEON_QUEUE_PULSE	2056	0	0.006368	0.000003	0	0	0	0
#196	AMBUSH_PULSE	6170	0	0.000434	0.000000	0	0	0	0
#197		514	0	0.003972	0.000008	0	0	0	0
#210	DATAMGR_LOG_PERMANENT	0	0	0	0	9	361	0	0
#211	DATAMGR_LOGIN	46	724224	0.000348	0.000008	46	1458	0	0
#212	DATAMGR_LOGOUT	0	0	0	0	30	150	0	0
#214	DATAMGR_SAVE_CHAR	0	0	0	0	5881	105448935	0	0
#222	DATAMGR_WRITE_HOUSE	0	0	0	0	602	15339092	0	0
#224	DATAMGR_GET_HOUSE	55	1732128	0.000784	0.000014	55	1015	0	0
#225	DATAMGR_HELLO	0	0	0	0	1	3	0	0
#228	DATAMGR_LOGINMESSAGE	0	0	0	0	1	4	0	0
#231		8	124852	0.000001	0.000000	8	40	0	0
#233		40	576	0.000001	0.000000	40	400	0	0
#236		41	2500	0.000003	0.000000	3120	95722	0	0
#254	CLIENT_HACKED_MSG	1	8	0.000000	0.000000	0	0	0	0

	Total)	106450	3151008	0.542034	0.000005	169860	134957141	639972	6576

Slowest Msg #184 took  0.000178 seconds.
Total process time =  739.077015
Total run time =          30853