Msg#	Message	Count	Inbound	Total_Time	Average_Time	Count	Outbound	Acked	Naked
#1	CLIENT_CONNECTED	27	0	0.000001	0.000000	0	0	0	0
#2	CLIENT_HUNG_UP	26	0	0.000023	0.000001	0	0	0	0
#14	PLAYER_CHECK_LOGIN	26	416	0.000001	0.000000	26	546	0	0
#15	SECURITY	26	0	0.000000	0.000000	0	0	0	0
#16	INN_LOGIN	26	312	0.000001	0.000000	0	0	0	0
#17	SERVER_PING	154	616	0.000003	0.000000	154	0	2464	0
#18	PLAYER_QUERY_CHARACTERS	26	0	0.000003	0.000000	26	36256	0	0
#21	PLAYER_LOGIN	0	0	0	0	26	0	416	0
#22	PLAYER_LOGOUT	2	0	0.000000	0.000000	0	0	0	0
#24	PLAYER_SYSTEM_MSG	0	0	0	0	22	3695	0	0
#25	PLAYER_ACK	0	0	0	0	535	21771	0	0
#26	PLAYER_NAK	0	0	0	0	18	288	0	0
#32	PLAYER_CHANGE_ROOM	17	204	0.000003	0.000000	0	0	0	0
#33	PLAYER_NEW_ROOM	0	0	0	0	21	13556	0	0
#37	PLAYER_ROOM_CHAT	55	752	0.000007	0.000000	0	0	0	0
#38	PLAYER_TEXT	0	0	0	0	47	2633	0	0
#41	PLAYER_MOVIE	156	3684	0.000004	0.000000	156	0	2496	0
#42	PLAYER_MOVIE_DATA	0	0	0	0	343	143533	0	0
#45	PLAYER_DESTROY_OBJECT	0	0	0	0	40	840	0	0
#48	PLAYER_CREATE_CHARACTER	14	292	0.000009	0.000001	14	0	4408	64
#49	PLAYER_DESTROY_CHARACTER	10	40	0.000003	0.000000	10	0	160	0
#52	PLAYER_SHIFT_ROOM	4	16	0.000000	0.000000	0	0	0	0
#55	PLAYER_GET_BIOGRAPHY	7	28	0.000000	0.000000	7	0	511	0
#56	PLAYER_SET_BIOGRAPHY	10	600	0.000002	0.000000	10	0	160	0
#57	PLAYER_GET_DESCRIPTION	1	4	0.000000	0.000000	1	0	342	0
#58	PLAYER_GET_EXTENDED_PROPS	18	72	0.000001	0.000000	18	0	6444	0
#59	PLAYER_SET_HEAD_DATA	10	200	0.000002	0.000000	10	0	160	0
#81	PLAYER_INFO	0	0	0	0	70	2898	0	0
#84	FATAL_DATA	2	552	0.000001	0.000000	2	0	32	0
#92	GET_POSN	14	56	0.000000	0.000000	14	0	364	0
#95	GET_ENTRY_INFO	2	8	0.000000	0.000000	2	0	62	0
#98	LOGIN_UPDATE	0	0	0	0	26	286	0	0
#116	GET_LOOK_INFO	4	16	0.000000	0.000000	4	0	1188	0
#126	MASS_SELL	2	144	0.000001	0.000000	2	0	282	0
#128	GET_SELL_PRICES	2	8	0.000000	0.000000	2	0	306	0
#130	PLAYER_CHARACTER_LOGIN	14	56	0.000009	0.000001	14	0	488	0
#135	MAIL_LIST_GET	0	0	0	0	14	0	0	224
#150	VERB_GET	25	300	0.000008	0.000000	25	0	400	0
#153	VERB_PUT_ON	18	216	0.000001	0.000000	18	0	288	0
#154	VERB_TAKE_OFF	37	452	0.000002	0.000000	37	0	592	0
#155	VERB_OPEN	2	40	0.000000	0.000000	2	0	32	0
#161	VERB_CONSUME	1	12	0.000000	0.000000	1	0	16	0
#169	VERB_DYE	10	120	0.000001	0.000000	10	0	160	0
#180	NPC_PULSE	11571	0	0.101670	0.000009	0	0	0	0
#182	COMBAT_PULSE	11571	0	0.000012	0.000000	0	0	0	0
#184	PROCESS_AFFECT_PULSE	192	0	0.012216	0.000064	0	0	0	0
#185	CHAR_DOIT_PULSE	12	0	0.000000	0.000000	0	0	0	0
#186	HEAL_PULSE	96	0	0.000003	0.000000	0	0	0	0
#188	MONSTER_PULSE	96	0	0.000041	0.000000	0	0	0	0
#189	MAINTENANCE_PULSE	96	0	0.000000	0.000000	0	0	0	0
#193	TOSS_DEAD_HOUSES	385	0	0.000006	0.000000	0	0	0	0
#194	DUNGEON_QUEUE_PULSE	771	0	0.000026	0.000000	0	0	0	0
#196	AMBUSH_PULSE	2314	0	0.000085	0.000000	0	0	0	0
#197		192	0	0.000023	0.000000	0	0	0	0
#210	DATAMGR_LOG_PERMANENT	0	0	0	0	44	1304	0	0
#211	DATAMGR_LOGIN	26	159160	0.000086	0.000003	26	624	0	0
#212	DATAMGR_LOGOUT	0	0	0	0	25	125	0	0
#213	DATAMGR_NEW_CHAR	10	200	0.000009	0.000001	10	18759	0	0
#214	DATAMGR_SAVE_CHAR	0	0	0	0	93	201423	0	0
#215	DATAMGR_DEL_CHAR	0	0	0	0	10	90	0	0
#221	DATAMGR_NEW_HOUSE	0	0	0	0	10	31980	0	0
#222	DATAMGR_WRITE_HOUSE	0	0	0	0	42	134146	0	0
#224	DATAMGR_GET_HOUSE	9	28904	0.000003	0.000000	9	149	0	0
#225	DATAMGR_HELLO	0	0	0	0	1	3	0	0
#233		14	112	0.000000	0.000000	14	140	0	0
#236		14	468	0.000000	0.000000	14	140	0	0

	Total)	28117	198060	0.114267	0.000004	2025	615185	21771	288

Slowest Msg #184 took  0.000090 seconds.
Total process time =  182.837023
Total run time =          11572