Msg#	Message	Count	Inbound	Total_Time	Average_Time	Count	Outbound	Acked	Naked
#1	CLIENT_CONNECTED	154	0	0.000008	0.000000	0	0	0	0
#2	CLIENT_HUNG_UP	143	0	0.000154	0.000001	0	0	0	0
#14	PLAYER_CHECK_LOGIN	160	4164	0.000008	0.000000	160	4406	0	0
#15	SECURITY	149	0	0.000000	0.000000	0	0	0	0
#16	INN_LOGIN	149	1788	0.000003	0.000000	0	0	0	0
#17	SERVER_PING	40313	161252	0.000689	0.000000	40313	0	645008	0
#18	PLAYER_QUERY_CHARACTERS	149	0	0.000028	0.000000	149	244740	0	0
#21	PLAYER_LOGIN	0	0	0	0	149	0	2384	0
#22	PLAYER_LOGOUT	48	0	0.000000	0.000000	0	0	0	0
#24	PLAYER_SYSTEM_MSG	0	0	0	0	64	12023	0	0
#25	PLAYER_ACK	0	0	0	0	103242	2427693	0	0
#26	PLAYER_NAK	0	0	0	0	834	13344	0	0
#32	PLAYER_CHANGE_ROOM	3286	39432	0.000861	0.000000	139	0	0	2224
#33	PLAYER_NEW_ROOM	0	0	0	0	8070	10769006	0	0
#37	PLAYER_ROOM_CHAT	1661	36748	0.000382	0.000000	0	0	0	0
#38	PLAYER_TEXT	0	0	0	0	31848	1787258	0	0
#41	PLAYER_MOVIE	42311	1027096	0.001156	0.000000	42288	0	676608	0
#42	PLAYER_MOVIE_DATA	0	0	0	0	603018	40303092	0	0
#45	PLAYER_DESTROY_OBJECT	0	0	0	0	48763	864031	0	0
#48	PLAYER_CREATE_CHARACTER	5	124	0.000002	0.000000	5	0	1467	0
#52	PLAYER_SHIFT_ROOM	4943	19772	0.001120	0.000000	61	0	861	320
#55	PLAYER_GET_BIOGRAPHY	267	1068	0.000006	0.000000	267	0	18015	0
#56	PLAYER_SET_BIOGRAPHY	6	276	0.000002	0.000000	6	0	96	0
#57	PLAYER_GET_DESCRIPTION	460	1840	0.000035	0.000000	460	0	144484	0
#58	PLAYER_GET_EXTENDED_PROPS	282	1128	0.000015	0.000000	282	0	92634	0
#59	PLAYER_SET_HEAD_DATA	5	100	0.000001	0.000000	5	0	80	0
#61	PLAYER_WHO	0	0	0	0	44	6825	0	0
#69	COMBAT_EXIT	3699	0	0.000148	0.000000	7824	85606	59184	0
#71	GET_SHOP_INFO	149	596	0.000023	0.000000	149	0	438728	0
#73	SHOP_EXAMINE	23	184	0.000002	0.000000	23	0	5608	0
#74	SHOP_SELL	32	256	0.000070	0.000002	32	0	512	0
#75	SHOP_GET_PRICE	32	256	0.000003	0.000000	32	0	512	0
#76	MONEY_DROP	6	48	0.000001	0.000000	6	0	96	0
#77	MONEY_PUT	1	12	0.000000	0.000000	1	0	16	0
#78	MONEY_GIVE	6	72	0.000005	0.000001	6	0	64	32
#79	MONEY_TAKE	259	1036	0.000041	0.000000	259	0	4144	0
#80	CAST_SPELL	4616	73856	0.000870	0.000000	4615	0	73568	272
#81	PLAYER_INFO	0	0	0	0	296	13385	0	0
#84	FATAL_DATA	3	1200	0.000002	0.000001	3	0	48	0
#87	GROUP_JOIN	76	304	0.000003	0.000000	248	3930	4009	48
#88	GROUP_LEAVE	6	0	0.000000	0.000000	161	2015	96	0
#90	OLD_SECURITY	73	584	0.000003	0.000000	74	4750	0	0
#92	GET_POSN	148	592	0.000005	0.000000	148	0	3848	0
#94	GET_HOUSE	30	368	0.000002	0.000000	30	0	0	480
#95	GET_ENTRY_INFO	912	3648	0.000032	0.000000	912	0	19313	4624
#98	LOGIN_UPDATE	0	0	0	0	158	1738	0	0
#101	SHOP_RECHARGE	3	24	0.000000	0.000000	3	0	48	0
#102	SHOP_GET_RECHARGE_PRICE	3	24	0.000000	0.000000	3	0	48	0
#104	TREE_GET	1	4	0.000000	0.000000	1	0	145	0
#105	TREE_CHOOSE_TOPIC	1	4	0.000000	0.000000	1	0	117	0
#110	GET_QUEST_LIST	1	0	0.000000	0.000000	1	0	19	0
#112	COMBAT_ACTION	9536	127400	0.000206	0.000000	0	0	0	0
#114	WHATS_NEW	1	0	0.000000	0.000000	1	4551	0	0
#115	SET_ENGRAVE_NAME	28	648	0.000001	0.000000	0	0	0	0
#116	GET_LOOK_INFO	134	536	0.000016	0.000000	134	0	39310	0
#126	MASS_SELL	61	3740	0.000049	0.000001	61	0	7297	0
#127	MASS_BUY	96	3120	0.000017	0.000000	96	0	15025	0
#128	GET_SELL_PRICES	68	272	0.000006	0.000000	68	0	12852	0
#130	PLAYER_CHARACTER_LOGIN	148	592	0.000029	0.000000	148	0	6632	0
#131	GET_REPAIR_PRICES	39	156	0.000002	0.000000	39	0	2017	96
#132	MASS_REPAIR	32	964	0.000001	0.000000	32	0	512	0
#135	MAIL_LIST_GET	0	0	0	0	148	0	4111	1920
#136	MAIL_MESSAGE_GET	7	28	0.000000	0.000000	7	0	1681	0
#145		11927	398124	0.000240	0.000000	0	0	0	0
#150	VERB_GET	5313	95948	0.004469	0.000001	5313	0	84192	816
#151	VERB_DROP	221	2660	0.000028	0.000000	221	0	3536	0
#152	VERB_PUT_IN	321	4300	0.000058	0.000000	321	0	5024	112
#153	VERB_PUT_ON	327	3932	0.000034	0.000000	327	0	4816	416
#154	VERB_TAKE_OFF	204	2460	0.000021	0.000000	204	0	3264	0
#155	VERB_OPEN	391	7388	0.000052	0.000000	391	0	6000	256
#156	VERB_CLOSE	25	404	0.000001	0.000000	25	0	400	0
#158	VERB_UNLOCK	68	1784	0.000014	0.000000	68	0	1024	64
#160	VERB_ENGAGE	1918	30808	0.000244	0.000000	1918	0	29904	784
#161	VERB_CONSUME	130	1560	0.000021	0.000000	130	0	2080	0
#162	VERB_SIT	6	72	0.000000	0.000000	6	0	96	0
#163	VERB_STAND	2	24	0.000000	0.000000	2	0	32	0
#164	VERB_GIVE	46	724	0.000036	0.000001	46	0	704	32
#165	VERB_MEMORIZE	350	4200	0.000042	0.000000	350	0	4752	848
#167	VERB_USE	27	324	0.000006	0.000000	27	0	432	0
#169	VERB_DYE	15	180	0.000002	0.000000	15	0	240	0
#180	NPC_PULSE	171906	0	1.862782	0.000011	0	0	0	0
#182	COMBAT_PULSE	171906	0	0.003838	0.000000	0	0	0	0
#184	PROCESS_AFFECT_PULSE	2865	0	0.248131	0.000087	0	0	0	0
#185	CHAR_DOIT_PULSE	191	0	0.000006	0.000000	0	0	0	0
#186	HEAL_PULSE	1432	0	0.000088	0.000000	0	0	0	0
#188	MONSTER_PULSE	1432	0	0.001219	0.000001	0	0	0	0
#189	MAINTENANCE_PULSE	1432	0	0.000001	0.000000	0	0	0	0
#193	TOSS_DEAD_HOUSES	5730	0	0.000301	0.000000	0	0	0	0
#194	DUNGEON_QUEUE_PULSE	11460	0	0.005360	0.000000	0	0	0	0
#196	AMBUSH_PULSE	34381	0	0.001617	0.000000	0	0	0	0
#197		2865	0	0.014716	0.000005	0	0	0	0
#210	DATAMGR_LOG_PERMANENT	0	0	0	0	25	1000	0	0
#211	DATAMGR_LOGIN	158	1048240	0.000485	0.000003	158	5114	0	0
#212	DATAMGR_LOGOUT	0	0	0	0	138	690	0	0
#213	DATAMGR_NEW_CHAR	5	100	0.000004	0.000001	5	5863	0	0
#214	DATAMGR_SAVE_CHAR	0	0	0	0	46627	257481109	0	0
#221	DATAMGR_NEW_HOUSE	0	0	0	0	5	10809	0	0
#222	DATAMGR_WRITE_HOUSE	0	0	0	0	14747	75057478	0	0
#224	DATAMGR_GET_HOUSE	151	2381404	0.000907	0.000006	151	2733	0	0
#225	DATAMGR_HELLO	0	0	0	0	1	3	0	0
#231		1	4544	0.000000	0.000000	1	5	0	0
#232		0	0	0	0	28	1146	0	0
#233		155	6312	0.000002	0.000000	155	1578	0	0
#236		152	6808	0.000005	0.000000	12079	439072	0	0

	Total)	542234	5517612	2.150734	0.000004	979371	389554993	2427693	13344

Slowest Msg #184 took  0.000160 seconds.
Total process time = -1213.317522
Total run time =         171907