Msg#	Message	Count	Inbound	Total_Time	Average_Time	Count	Outbound	Acked	Naked
#1	CLIENT_CONNECTED	26	0	0.000001	0.000000	0	0	0	0
#2	CLIENT_HUNG_UP	24	0	0.000009	0.000000	0	0	0	0
#14	PLAYER_CHECK_LOGIN	27	480	0.000001	0.000000	27	657	0	0
#15	SECURITY	26	0	0.000000	0.000000	0	0	0	0
#16	INN_LOGIN	26	312	0.000000	0.000000	0	0	0	0
#17	SERVER_PING	408	1632	0.000006	0.000000	408	0	6528	0
#18	PLAYER_QUERY_CHARACTERS	26	0	0.000002	0.000000	26	19649	0	0
#21	PLAYER_LOGIN	0	0	0	0	26	0	416	0
#22	PLAYER_LOGOUT	1	0	0.000000	0.000000	0	0	0	0
#24	PLAYER_SYSTEM_MSG	0	0	0	0	2	212	0	0
#25	PLAYER_ACK	0	0	0	0	1182	157388	0	0
#26	PLAYER_NAK	0	0	0	0	25	400	0	0
#32	PLAYER_CHANGE_ROOM	31	372	0.000004	0.000000	0	0	0	0
#33	PLAYER_NEW_ROOM	0	0	0	0	59	53198	0	0
#37	PLAYER_ROOM_CHAT	128	2300	0.000015	0.000000	0	0	0	0
#38	PLAYER_TEXT	0	0	0	0	212	10854	0	0
#41	PLAYER_MOVIE	417	9880	0.000009	0.000000	417	0	6672	0
#42	PLAYER_MOVIE_DATA	0	0	0	0	2153	83468	0	0
#45	PLAYER_DESTROY_OBJECT	0	0	0	0	78	1422	0	0
#48	PLAYER_CREATE_CHARACTER	4	96	0.000002	0.000000	4	0	1519	0
#52	PLAYER_SHIFT_ROOM	28	112	0.000003	0.000000	0	0	0	0
#55	PLAYER_GET_BIOGRAPHY	38	152	0.000001	0.000000	38	0	2774	0
#56	PLAYER_SET_BIOGRAPHY	4	240	0.000001	0.000000	4	0	64	0
#57	PLAYER_GET_DESCRIPTION	7	28	0.000001	0.000000	7	0	1584	0
#58	PLAYER_GET_EXTENDED_PROPS	42	168	0.000001	0.000000	42	0	14144	0
#59	PLAYER_SET_HEAD_DATA	4	80	0.000001	0.000000	4	0	64	0
#69	COMBAT_EXIT	3	0	0.000000	0.000000	7	72	48	0
#71	GET_SHOP_INFO	3	12	0.000004	0.000001	3	0	112683	0
#74	SHOP_SELL	7	56	0.000000	0.000000	7	0	112	0
#75	SHOP_GET_PRICE	8	64	0.000000	0.000000	8	0	112	16
#80	CAST_SPELL	3	48	0.000001	0.000000	3	0	48	0
#81	PLAYER_INFO	0	0	0	0	135	4695	0	0
#92	GET_POSN	22	88	0.000001	0.000000	22	0	572	0
#95	GET_ENTRY_INFO	7	28	0.000000	0.000000	7	0	217	0
#98	LOGIN_UPDATE	0	0	0	0	27	297	0	0
#104	TREE_GET	1	4	0.000000	0.000000	1	0	187	0
#105	TREE_CHOOSE_TOPIC	2	8	0.000000	0.000000	2	0	522	0
#112	COMBAT_ACTION	6	44	0.000000	0.000000	0	0	0	0
#116	GET_LOOK_INFO	20	80	0.000001	0.000000	20	0	5817	0
#126	MASS_SELL	1	32	0.000000	0.000000	1	0	61	0
#127	MASS_BUY	3	132	0.000000	0.000000	1	0	349	0
#128	GET_SELL_PRICES	1	4	0.000000	0.000000	1	0	233	0
#130	PLAYER_CHARACTER_LOGIN	22	88	0.000005	0.000000	22	0	550	0
#135	MAIL_LIST_GET	0	0	0	0	22	0	0	352
#150	VERB_GET	33	524	0.000010	0.000000	33	0	528	0
#151	VERB_DROP	6	72	0.000000	0.000000	6	0	96	0
#153	VERB_PUT_ON	33	396	0.000002	0.000000	33	0	528	0
#154	VERB_TAKE_OFF	26	312	0.000001	0.000000	26	0	416	0
#155	VERB_OPEN	6	124	0.000000	0.000000	6	0	96	0
#156	VERB_CLOSE	1	12	0.000000	0.000000	1	0	16	0
#160	VERB_ENGAGE	4	64	0.000000	0.000000	4	0	64	0
#161	VERB_CONSUME	4	48	0.000000	0.000000	4	0	64	0
#162	VERB_SIT	4	48	0.000000	0.000000	4	0	64	0
#163	VERB_STAND	2	24	0.000000	0.000000	2	0	32	0
#164	VERB_GIVE	13	176	0.000003	0.000000	13	0	176	32
#169	VERB_DYE	2	24	0.000000	0.000000	2	0	32	0
#180	NPC_PULSE	17371	0	0.011749	0.000001	0	0	0	0
#182	COMBAT_PULSE	17371	0	0.000017	0.000000	0	0	0	0
#184	PROCESS_AFFECT_PULSE	289	0	0.001340	0.000005	0	0	0	0
#185	CHAR_DOIT_PULSE	19	0	0.000000	0.000000	0	0	0	0
#186	HEAL_PULSE	144	0	0.000001	0.000000	0	0	0	0
#188	MONSTER_PULSE	144	0	0.000004	0.000000	0	0	0	0
#189	MAINTENANCE_PULSE	144	0	0.000000	0.000000	0	0	0	0
#193	TOSS_DEAD_HOUSES	579	0	0.000005	0.000000	0	0	0	0
#194	DUNGEON_QUEUE_PULSE	1158	0	0.000011	0.000000	0	0	0	0
#196	AMBUSH_PULSE	3474	0	0.000022	0.000000	0	0	0	0
#197		289	0	0.000078	0.000000	0	0	0	0
#210	DATAMGR_LOG_PERMANENT	0	0	0	0	36	1470	0	0
#211	DATAMGR_LOGIN	27	81636	0.000025	0.000001	27	664	0	0
#212	DATAMGR_LOGOUT	0	0	0	0	24	120	0	0
#213	DATAMGR_NEW_CHAR	4	80	0.000002	0.000001	4	6038	0	0
#214	DATAMGR_SAVE_CHAR	0	0	0	0	465	924826	0	0
#221	DATAMGR_NEW_HOUSE	0	0	0	0	4	8596	0	0
#222	DATAMGR_WRITE_HOUSE	0	0	0	0	55	117775	0	0
#224	DATAMGR_GET_HOUSE	10	21608	0.000003	0.000000	10	172	0	0
#225	DATAMGR_HELLO	0	0	0	0	1	3	0	0
#233		22	176	0.000000	0.000000	22	220	0	0
#236		22	528	0.000000	0.000000	22	220	0	0

	Total)	42577	122392	0.013341	0.000000	5807	1392416	157388	400

Slowest Msg #184 took  0.000009 seconds.
Total process time =  87.737846
Total run time =          17372