Msg#	Message	Count	Inbound	Total_Time	Average_Time	Count	Outbound	Acked	Naked
#1	CLIENT_CONNECTED	71	0	0.000003	0.000000	0	0	0	0
#2	CLIENT_HUNG_UP	60	0	0.000052	0.000001	0	0	0	0
#14	PLAYER_CHECK_LOGIN	71	1784	0.000003	0.000000	71	1979	0	0
#15	SECURITY	66	0	0.000000	0.000000	0	0	0	0
#16	INN_LOGIN	66	792	0.000001	0.000000	0	0	0	0
#17	SERVER_PING	12339	49356	0.000184	0.000000	12339	0	197424	0
#18	PLAYER_QUERY_CHARACTERS	66	0	0.000010	0.000000	66	99744	0	0
#21	PLAYER_LOGIN	0	0	0	0	66	0	1056	0
#22	PLAYER_LOGOUT	21	0	0.000000	0.000000	0	0	0	0
#24	PLAYER_SYSTEM_MSG	0	0	0	0	33	6145	0	0
#25	PLAYER_ACK	0	0	0	0	41481	966652	0	0
#26	PLAYER_NAK	0	0	0	0	301	4816	0	0
#32	PLAYER_CHANGE_ROOM	1786	21432	0.000457	0.000000	66	0	0	1056
#33	PLAYER_NEW_ROOM	0	0	0	0	3974	6060909	0	0
#37	PLAYER_ROOM_CHAT	982	25760	0.000177	0.000000	0	0	0	0
#38	PLAYER_TEXT	0	0	0	0	13230	709222	0	0
#41	PLAYER_MOVIE	19205	468820	0.000477	0.000000	19186	0	306976	0
#42	PLAYER_MOVIE_DATA	0	0	0	0	428230	24126507	0	0
#45	PLAYER_DESTROY_OBJECT	0	0	0	0	35686	624786	0	0
#48	PLAYER_CREATE_CHARACTER	3	80	0.000001	0.000000	3	0	890	0
#52	PLAYER_SHIFT_ROOM	2284	9136	0.000557	0.000000	53	0	483	480
#55	PLAYER_GET_BIOGRAPHY	106	424	0.000002	0.000000	106	0	6736	0
#56	PLAYER_SET_BIOGRAPHY	3	180	0.000000	0.000000	3	0	48	0
#57	PLAYER_GET_DESCRIPTION	242	968	0.000016	0.000000	242	0	91096	0
#58	PLAYER_GET_EXTENDED_PROPS	114	456	0.000006	0.000000	114	0	37325	0
#59	PLAYER_SET_HEAD_DATA	3	60	0.000000	0.000000	3	0	48	0
#61	PLAYER_WHO	0	0	0	0	14	1210	0	0
#69	COMBAT_EXIT	1151	0	0.000036	0.000000	2805	35140	18416	0
#71	GET_SHOP_INFO	48	192	0.000008	0.000000	48	0	133606	0
#73	SHOP_EXAMINE	3	24	0.000000	0.000000	3	0	1535	0
#74	SHOP_SELL	20	160	0.000046	0.000002	20	0	320	0
#75	SHOP_GET_PRICE	21	168	0.000002	0.000000	21	0	336	0
#77	MONEY_PUT	4	48	0.000000	0.000000	4	0	64	0
#78	MONEY_GIVE	9	108	0.000007	0.000001	9	0	112	32
#79	MONEY_TAKE	277	1108	0.000039	0.000000	277	0	4416	16
#80	CAST_SPELL	1910	30560	0.000323	0.000000	1910	0	30368	192
#81	PLAYER_INFO	0	0	0	0	122	5573	0	0
#84	FATAL_DATA	2	780	0.000001	0.000000	2	0	32	0
#87	GROUP_JOIN	27	108	0.000001	0.000000	83	1228	1288	32
#88	GROUP_LEAVE	2	0	0.000000	0.000000	56	702	32	0
#90	OLD_SECURITY	26	208	0.000001	0.000000	26	1647	0	0
#92	GET_POSN	61	244	0.000002	0.000000	61	0	1586	0
#94	GET_HOUSE	18	216	0.000001	0.000000	18	0	0	288
#95	GET_ENTRY_INFO	325	1300	0.000009	0.000000	325	0	9114	496
#98	LOGIN_UPDATE	0	0	0	0	70	770	0	0
#101	SHOP_RECHARGE	6	48	0.000000	0.000000	6	0	96	0
#102	SHOP_GET_RECHARGE_PRICE	6	48	0.000000	0.000000	6	0	96	0
#110	GET_QUEST_LIST	1	0	0.000000	0.000000	1	0	19	0
#112	COMBAT_ACTION	4611	62008	0.000087	0.000000	0	0	0	0
#114	WHATS_NEW	2	0	0.000000	0.000000	2	9102	0	0
#115	SET_ENGRAVE_NAME	38	868	0.000001	0.000000	0	0	0	0
#116	GET_LOOK_INFO	53	212	0.000007	0.000000	53	0	16410	0
#126	MASS_SELL	20	2552	0.000020	0.000001	20	0	5044	0
#127	MASS_BUY	30	772	0.000005	0.000000	30	0	3682	0
#128	GET_SELL_PRICES	20	80	0.000002	0.000000	20	0	7772	0
#130	PLAYER_CHARACTER_LOGIN	61	244	0.000010	0.000000	61	0	2690	0
#131	GET_REPAIR_PRICES	20	80	0.000001	0.000000	20	0	742	96
#132	MASS_REPAIR	14	364	0.000000	0.000000	14	0	224	0
#135	MAIL_LIST_GET	0	0	0	0	61	0	986	816
#145		5585	168936	0.000107	0.000000	0	0	0	0
#150	VERB_GET	3666	69304	0.003033	0.000001	3666	0	58448	208
#151	VERB_DROP	138	1664	0.000014	0.000000	138	0	2176	32
#152	VERB_PUT_IN	151	2188	0.000018	0.000000	151	0	2416	0
#153	VERB_PUT_ON	196	2380	0.000019	0.000000	196	0	2800	336
#154	VERB_TAKE_OFF	134	1608	0.000015	0.000000	134	0	2144	0
#155	VERB_OPEN	226	4136	0.000020	0.000000	226	0	3552	64
#156	VERB_CLOSE	26	480	0.000001	0.000000	26	0	416	0
#158	VERB_UNLOCK	21	556	0.000003	0.000000	21	0	336	0
#160	VERB_ENGAGE	654	10628	0.000074	0.000000	654	0	9968	496
#161	VERB_CONSUME	22	264	0.000003	0.000000	22	0	352	0
#162	VERB_SIT	2	24	0.000000	0.000000	2	0	32	0
#164	VERB_GIVE	79	1196	0.000065	0.000001	79	0	1216	48
#165	VERB_MEMORIZE	83	996	0.000010	0.000000	83	0	1200	128
#167	VERB_USE	29	348	0.000005	0.000000	29	0	464	0
#169	VERB_DYE	4	48	0.000001	0.000000	4	0	64	0
#180	NPC_PULSE	98403	0	0.985194	0.000010	0	0	0	0
#182	COMBAT_PULSE	98403	0	0.001555	0.000000	0	0	0	0
#184	PROCESS_AFFECT_PULSE	1640	0	0.132809	0.000081	0	0	0	0
#185	CHAR_DOIT_PULSE	109	0	0.000003	0.000000	0	0	0	0
#186	HEAL_PULSE	820	0	0.000037	0.000000	0	0	0	0
#188	MONSTER_PULSE	820	0	0.000819	0.000001	0	0	0	0
#189	MAINTENANCE_PULSE	820	0	0.000000	0.000000	0	0	0	0
#193	TOSS_DEAD_HOUSES	3280	0	0.000173	0.000000	0	0	0	0
#194	DUNGEON_QUEUE_PULSE	6560	0	0.000751	0.000000	0	0	0	0
#196	AMBUSH_PULSE	19680	0	0.000814	0.000000	0	0	0	0
#197		1640	0	0.006350	0.000004	0	0	0	0
#210	DATAMGR_LOG_PERMANENT	0	0	0	0	9	335	0	0
#211	DATAMGR_LOGIN	70	461472	0.000203	0.000003	70	2235	0	0
#212	DATAMGR_LOGOUT	0	0	0	0	55	275	0	0
#213	DATAMGR_NEW_CHAR	3	60	0.000002	0.000001	3	3529	0	0
#214	DATAMGR_SAVE_CHAR	0	0	0	0	15906	161807248	0	0
#221	DATAMGR_NEW_HOUSE	0	0	0	0	3	6491	0	0
#222	DATAMGR_WRITE_HOUSE	0	0	0	0	2334	19468228	0	0
#224	DATAMGR_GET_HOUSE	127	1212120	0.000486	0.000004	127	2213	0	0
#225	DATAMGR_HELLO	0	0	0	0	1	3	0	0
#231		2	9088	0.000000	0.000000	2	10	0	0
#232		0	0	0	0	38	1549	0	0
#233		61	1260	0.000001	0.000000	61	610	0	0
#236		62	2708	0.000002	0.000000	5647	184177	0	0

	Total)	289790	2633212	1.135144	0.000004	591108	214133035	966652	4816

Slowest Msg #184 took  0.000134 seconds.
Total process time =  1512.604957
Total run time =          98404