Msg#	Message	Count	Inbound	Total_Time	Average_Time	Count	Outbound	Acked	Naked
#1	CLIENT_CONNECTED	175	0	0.000008	0.000000	0	0	0	0
#2	CLIENT_HUNG_UP	151	0	0.000162	0.000001	0	0	0	0
#14	PLAYER_CHECK_LOGIN	183	4244	0.000009	0.000000	183	4891	0	0
#15	SECURITY	172	0	0.000000	0.000000	0	0	0	0
#16	INN_LOGIN	172	2064	0.000003	0.000000	0	0	0	0
#17	SERVER_PING	24776	99104	0.000371	0.000000	24776	0	396416	0
#18	PLAYER_QUERY_CHARACTERS	172	0	0.000031	0.000000	172	266722	0	0
#21	PLAYER_LOGIN	0	0	0	0	172	0	2752	0
#22	PLAYER_LOGOUT	28	0	0.000000	0.000000	0	0	0	0
#24	PLAYER_SYSTEM_MSG	0	0	0	0	60	8853	0	0
#25	PLAYER_ACK	0	0	0	0	86708	2020449	0	0
#26	PLAYER_NAK	0	0	0	0	940	15040	0	0
#32	PLAYER_CHANGE_ROOM	2787	33444	0.000753	0.000000	180	0	0	2880
#33	PLAYER_NEW_ROOM	0	0	0	0	8900	12226025	0	0
#37	PLAYER_ROOM_CHAT	2234	52836	0.000498	0.000000	0	0	0	0
#38	PLAYER_TEXT	0	0	0	0	42122	2314458	0	0
#41	PLAYER_MOVIE	43710	1121832	0.001041	0.000000	43685	0	698960	0
#42	PLAYER_MOVIE_DATA	0	0	0	0	570515	56685724	0	0
#45	PLAYER_DESTROY_OBJECT	0	0	0	0	49748	870532	0	0
#48	PLAYER_CREATE_CHARACTER	3	84	0.000001	0.000000	3	0	930	0
#52	PLAYER_SHIFT_ROOM	6314	25256	0.001552	0.000000	107	0	1806	336
#55	PLAYER_GET_BIOGRAPHY	222	888	0.000005	0.000000	222	0	15736	0
#56	PLAYER_SET_BIOGRAPHY	8	436	0.000003	0.000000	8	0	128	0
#57	PLAYER_GET_DESCRIPTION	599	2396	0.000049	0.000000	599	0	243156	0
#58	PLAYER_GET_EXTENDED_PROPS	282	1128	0.000016	0.000000	282	0	94071	0
#59	PLAYER_SET_HEAD_DATA	3	60	0.000000	0.000000	3	0	48	0
#61	PLAYER_WHO	0	0	0	0	24	3365	0	0
#69	COMBAT_EXIT	3814	0	0.000126	0.000000	7825	79358	61024	0
#71	GET_SHOP_INFO	71	284	0.000009	0.000000	71	0	146220	0
#73	SHOP_EXAMINE	1	8	0.000000	0.000000	1	0	452	0
#74	SHOP_SELL	15	120	0.000017	0.000001	15	0	240	0
#75	SHOP_GET_PRICE	19	152	0.000001	0.000000	19	0	304	0
#78	MONEY_GIVE	10	120	0.000009	0.000001	10	0	160	0
#79	MONEY_TAKE	648	2592	0.000077	0.000000	648	0	10288	80
#80	CAST_SPELL	3132	50112	0.000629	0.000000	3132	0	49952	160
#81	PLAYER_INFO	0	0	0	0	340	15478	0	0
#84	FATAL_DATA	9	4024	0.000005	0.000001	9	0	144	0
#87	GROUP_JOIN	85	340	0.000003	0.000000	270	4567	4845	64
#88	GROUP_LEAVE	5	0	0.000000	0.000000	161	2028	80	0
#89	GROUP_KICK	1	4	0.000000	0.000000	4	39	16	0
#90	OLD_SECURITY	82	656	0.000003	0.000000	82	5624	0	0
#92	GET_POSN	170	680	0.000005	0.000000	170	0	4420	0
#94	GET_HOUSE	23	316	0.000001	0.000000	23	0	0	368
#95	GET_ENTRY_INFO	1231	4924	0.000037	0.000000	1231	0	26567	5984
#98	LOGIN_UPDATE	0	0	0	0	182	2002	0	0
#101	SHOP_RECHARGE	2	16	0.000000	0.000000	2	0	32	0
#102	SHOP_GET_RECHARGE_PRICE	2	16	0.000000	0.000000	2	0	32	0
#104	TREE_GET	212	848	0.000021	0.000000	212	0	40992	0
#105	TREE_CHOOSE_TOPIC	141	564	0.000003	0.000000	141	0	17545	0
#106	TREE_GET_TEXT	2	8	0.000000	0.000000	2	0	168	0
#107	TREE_BACK	47	0	0.000001	0.000000	47	0	9414	0
#108	QUEST_ACCEPT	18	72	0.000001	0.000000	18	0	1986	0
#110	GET_QUEST_LIST	1	0	0.000000	0.000000	1	0	79	0
#112	COMBAT_ACTION	9004	108756	0.000177	0.000000	0	0	0	0
#114	WHATS_NEW	12	0	0.000000	0.000000	12	100572	0	0
#115	SET_ENGRAVE_NAME	9	180	0.000000	0.000000	0	0	0	0
#116	GET_LOOK_INFO	112	448	0.000014	0.000000	112	0	33444	0
#126	MASS_SELL	51	4176	0.000037	0.000001	51	0	8191	0
#127	MASS_BUY	41	1732	0.000008	0.000000	41	0	8619	0
#128	GET_SELL_PRICES	61	244	0.000005	0.000000	61	0	14781	0
#130	PLAYER_CHARACTER_LOGIN	170	680	0.000048	0.000000	170	0	8500	0
#131	GET_REPAIR_PRICES	38	152	0.000003	0.000000	38	0	2032	96
#132	MASS_REPAIR	31	940	0.000001	0.000000	31	0	496	0
#135	MAIL_LIST_GET	0	0	0	0	170	0	1567	2480
#145		9194	301076	0.000175	0.000000	0	0	0	0
#150	VERB_GET	2913	48268	0.001928	0.000001	2913	0	46304	304
#151	VERB_DROP	179	2156	0.000022	0.000000	179	0	2848	16
#152	VERB_PUT_IN	375	4764	0.000050	0.000000	375	0	5904	96
#153	VERB_PUT_ON	485	5840	0.000056	0.000000	485	0	6784	976
#154	VERB_TAKE_OFF	295	3540	0.000031	0.000000	295	0	4720	0
#155	VERB_OPEN	463	9300	0.000057	0.000000	463	0	7168	240
#156	VERB_CLOSE	22	400	0.000001	0.000000	22	0	336	16
#158	VERB_UNLOCK	103	2728	0.000017	0.000000	103	0	1568	80
#160	VERB_ENGAGE	1880	30176	0.000171	0.000000	1880	0	29792	288
#161	VERB_CONSUME	50	600	0.000007	0.000000	50	0	800	0
#162	VERB_SIT	13	156	0.000001	0.000000	13	0	208	0
#163	VERB_STAND	3	36	0.000000	0.000000	3	0	48	0
#164	VERB_GIVE	239	3532	0.000206	0.000001	239	0	3616	208
#165	VERB_MEMORIZE	225	2700	0.000025	0.000000	225	0	3232	368
#167	VERB_USE	21	264	0.000002	0.000000	21	0	336	0
#169	VERB_DYE	12	144	0.000002	0.000000	12	0	192	0
#180	NPC_PULSE	109711	0	1.149706	0.000010	0	0	0	0
#182	COMBAT_PULSE	109711	0	0.003737	0.000000	0	0	0	0
#184	PROCESS_AFFECT_PULSE	1828	0	0.156760	0.000086	0	0	0	0
#185	CHAR_DOIT_PULSE	121	0	0.000004	0.000000	0	0	0	0
#186	HEAL_PULSE	914	0	0.000054	0.000000	0	0	0	0
#188	MONSTER_PULSE	914	0	0.000834	0.000001	0	0	0	0
#189	MAINTENANCE_PULSE	914	0	0.000000	0.000000	0	0	0	0
#193	TOSS_DEAD_HOUSES	3657	0	0.000323	0.000000	0	0	0	0
#194	DUNGEON_QUEUE_PULSE	7314	0	0.006281	0.000001	0	0	0	0
#196	AMBUSH_PULSE	21942	0	0.001108	0.000000	0	0	0	0
#197		1828	0	0.011242	0.000006	0	0	0	0
#210	DATAMGR_LOG_PERMANENT	0	0	0	0	30	1271	0	0
#211	DATAMGR_LOGIN	182	1238652	0.000586	0.000003	182	5466	0	0
#212	DATAMGR_LOGOUT	0	0	0	0	148	740	0	0
#213	DATAMGR_NEW_CHAR	3	60	0.000003	0.000001	3	3796	0	0
#214	DATAMGR_SAVE_CHAR	0	0	0	0	27775	194271141	0	0
#218	DATAMGR_REVOKE	0	0	0	0	2	12	0	0
#219	DATAMGR_GAG	0	0	0	0	1	6	0	0
#221	DATAMGR_NEW_HOUSE	0	0	0	0	3	6499	0	0
#222	DATAMGR_WRITE_HOUSE	0	0	0	0	6416	55774623	0	0
#224	DATAMGR_GET_HOUSE	159	2345280	0.001022	0.000006	159	3208	0	0
#225	DATAMGR_HELLO	0	0	0	0	1	3	0	0
#231		12	100416	0.000001	0.000000	12	60	0	0
#232		0	0	0	0	9	332	0	0
#233		170	2624	0.000002	0.000000	170	1700	0	0
#236		174	9588	0.000008	0.000000	15274	580033	0	0

	Total)	377287	5639236	1.340166	0.000004	902176	325274617	2020449	15040

Slowest Msg #184 took  0.000131 seconds.
Total process time =  1808.092363
Total run time =         109712