Msg#	Message	Count	Inbound	Total_Time	Average_Time	Count	Outbound	Acked	Naked
#1	CLIENT_CONNECTED	8	0	0.000001	0.000000	0	0	0	0
#2	CLIENT_HUNG_UP	3	0	0.000006	0.000002	0	0	0	0
#14	PLAYER_CHECK_LOGIN	8	200	0.000001	0.000000	8	168	0	0
#15	SECURITY	8	0	0.000000	0.000000	0	0	0	0
#16	INN_LOGIN	8	96	0.000000	0.000000	0	0	0	0
#17	SERVER_PING	144	576	0.000006	0.000000	144	0	2304	0
#18	PLAYER_QUERY_CHARACTERS	8	0	0.000005	0.000001	8	36465	0	0
#21	PLAYER_LOGIN	0	0	0	0	8	0	128	0
#22	PLAYER_LOGOUT	2	0	0.000000	0.000000	0	0	0	0
#24	PLAYER_SYSTEM_MSG	0	0	0	0	12	1297	0	0
#25	PLAYER_ACK	0	0	0	0	1382	32958	0	0
#26	PLAYER_NAK	0	0	0	0	29	464	0	0
#32	PLAYER_CHANGE_ROOM	93	1116	0.000050	0.000001	0	0	0	0
#33	PLAYER_NEW_ROOM	0	0	0	0	225	319183	0	0
#37	PLAYER_ROOM_CHAT	80	1352	0.000027	0.000000	0	0	0	0
#38	PLAYER_TEXT	0	0	0	0	306	16793	0	0
#41	PLAYER_MOVIE	949	24656	0.000054	0.000000	949	0	15184	0
#42	PLAYER_MOVIE_DATA	0	0	0	0	3334	563126	0	0
#45	PLAYER_DESTROY_OBJECT	0	0	0	0	521	9105	0	0
#52	PLAYER_SHIFT_ROOM	133	532	0.000041	0.000000	2	0	21	16
#55	PLAYER_GET_BIOGRAPHY	4	16	0.000000	0.000000	4	0	292	0
#57	PLAYER_GET_DESCRIPTION	9	36	0.000002	0.000000	9	0	2215	0
#58	PLAYER_GET_EXTENDED_PROPS	10	40	0.000001	0.000000	10	0	3255	0
#61	PLAYER_WHO	0	0	0	0	5	352	0	0
#69	COMBAT_EXIT	58	0	0.000004	0.000000	116	1084	928	0
#79	MONEY_TAKE	4	16	0.000000	0.000000	4	0	64	0
#80	CAST_SPELL	77	1232	0.000028	0.000000	77	0	1200	32
#81	PLAYER_INFO	0	0	0	0	16	720	0	0
#87	GROUP_JOIN	5	20	0.000001	0.000000	13	182	210	16
#88	GROUP_LEAVE	2	0	0.000000	0.000000	10	104	32	0
#90	OLD_SECURITY	4	32	0.000000	0.000000	4	275	0	0
#92	GET_POSN	8	32	0.000001	0.000000	8	0	208	0
#95	GET_ENTRY_INFO	43	172	0.000003	0.000000	43	0	682	336
#98	LOGIN_UPDATE	0	0	0	0	8	88	0	0
#112	COMBAT_ACTION	120	1108	0.000005	0.000000	0	0	0	0
#114	WHATS_NEW	3	0	0.000000	0.000000	3	140628	0	0
#116	GET_LOOK_INFO	2	8	0.000000	0.000000	2	0	646	0
#130	PLAYER_CHARACTER_LOGIN	8	32	0.000010	0.000001	8	0	2148	0
#135	MAIL_LIST_GET	0	0	0	0	8	0	2369	16
#145		123	3284	0.000007	0.000000	0	0	0	0
#150	VERB_GET	20	304	0.000039	0.000002	20	0	320	0
#152	VERB_PUT_IN	16	204	0.000003	0.000000	16	0	256	0
#153	VERB_PUT_ON	11	132	0.000002	0.000000	11	0	176	0
#154	VERB_TAKE_OFF	11	132	0.000002	0.000000	11	0	176	0
#155	VERB_OPEN	5	124	0.000000	0.000000	5	0	32	48
#160	VERB_ENGAGE	1	16	0.000000	0.000000	1	0	16	0
#161	VERB_CONSUME	1	12	0.000002	0.000002	1	0	16	0
#162	VERB_SIT	1	12	0.000000	0.000000	1	0	16	0
#169	VERB_DYE	4	48	0.000001	0.000000	4	0	64	0
#180	NPC_PULSE	1560	0	0.035257	0.000023	0	0	0	0
#182	COMBAT_PULSE	1560	0	0.000224	0.000000	0	0	0	0
#184	PROCESS_AFFECT_PULSE	26	0	0.005404	0.000208	0	0	0	0
#185	CHAR_DOIT_PULSE	1	0	0.000000	0.000000	0	0	0	0
#186	HEAL_PULSE	13	0	0.000001	0.000000	0	0	0	0
#188	MONSTER_PULSE	13	0	0.000006	0.000000	0	0	0	0
#189	MAINTENANCE_PULSE	13	0	0.000000	0.000000	0	0	0	0
#193	TOSS_DEAD_HOUSES	52	0	0.000011	0.000000	0	0	0	0
#194	DUNGEON_QUEUE_PULSE	104	0	0.001054	0.000010	0	0	0	0
#196	AMBUSH_PULSE	312	0	0.000013	0.000000	0	0	0	0
#197		26	0	0.000267	0.000010	0	0	0	0
#210	DATAMGR_LOG_PERMANENT	0	0	0	0	6	275	0	0
#211	DATAMGR_LOGIN	8	156864	0.000294	0.000037	8	251	0	0
#212	DATAMGR_LOGOUT	0	0	0	0	3	15	0	0
#214	DATAMGR_SAVE_CHAR	0	0	0	0	168	1496739	0	0
#222	DATAMGR_WRITE_HOUSE	0	0	0	0	21	281241	0	0
#224	DATAMGR_GET_HOUSE	5	60544	0.000118	0.000024	5	103	0	0
#225	DATAMGR_HELLO	0	0	0	0	1	3	0	0
#228	DATAMGR_LOGINMESSAGE	0	0	0	0	1	21	0	0
#231		3	140400	0.000004	0.000001	3	15	0	0
#233		8	2292	0.000001	0.000000	8	80	0	0
#236		8	2244	0.000005	0.000001	131	3792	0	0

	Total)	5706	397884	0.042964	0.000008	7701	2905527	32958	464

Slowest Msg #180 took  0.000227 seconds.
Total process time =  89.668897
Total run time =           1561