Msg#	Message	Count	Inbound	Total_Time	Average_Time	Count	Outbound	Acked	Naked
#1	CLIENT_CONNECTED	6	0	0.000000	0.000000	0	0	0	0
#2	CLIENT_HUNG_UP	4	0	0.000002	0.000000	0	0	0	0
#14	PLAYER_CHECK_LOGIN	6	104	0.000000	0.000000	6	126	0	0
#15	SECURITY	6	0	0.000000	0.000000	0	0	0	0
#16	INN_LOGIN	6	72	0.000000	0.000000	0	0	0	0
#17	SERVER_PING	219	876	0.000003	0.000000	219	0	3504	0
#18	PLAYER_QUERY_CHARACTERS	6	0	0.000000	0.000000	6	4201	0	0
#21	PLAYER_LOGIN	0	0	0	0	6	0	96	0
#22	PLAYER_LOGOUT	1	0	0.000000	0.000000	0	0	0	0
#25	PLAYER_ACK	0	0	0	0	878	345049	0	0
#26	PLAYER_NAK	0	0	0	0	14	224	0	0
#32	PLAYER_CHANGE_ROOM	21	252	0.000002	0.000000	1	0	0	16
#33	PLAYER_NEW_ROOM	0	0	0	0	73	50227	0	0
#37	PLAYER_ROOM_CHAT	30	320	0.000003	0.000000	0	0	0	0
#38	PLAYER_TEXT	0	0	0	0	56	3424	0	0
#41	PLAYER_MOVIE	457	10668	0.000009	0.000000	457	0	7312	0
#42	PLAYER_MOVIE_DATA	0	0	0	0	2047	65369	0	0
#45	PLAYER_DESTROY_OBJECT	0	0	0	0	64	1200	0	0
#48	PLAYER_CREATE_CHARACTER	1	24	0.000001	0.000001	1	0	321	0
#49	PLAYER_DESTROY_CHARACTER	1	4	0.000000	0.000000	1	0	16	0
#52	PLAYER_SHIFT_ROOM	53	212	0.000005	0.000000	1	0	21	0
#55	PLAYER_GET_BIOGRAPHY	18	72	0.000000	0.000000	18	0	1314	0
#56	PLAYER_SET_BIOGRAPHY	1	60	0.000000	0.000000	1	0	16	0
#57	PLAYER_GET_DESCRIPTION	6	24	0.000000	0.000000	6	0	1302	0
#58	PLAYER_GET_EXTENDED_PROPS	15	60	0.000000	0.000000	15	0	5280	0
#59	PLAYER_SET_HEAD_DATA	1	20	0.000000	0.000000	1	0	16	0
#61	PLAYER_WHO	0	0	0	0	2	114	0	0
#69	COMBAT_EXIT	10	0	0.000000	0.000000	20	188	160	0
#71	GET_SHOP_INFO	14	56	0.000009	0.000001	14	0	316254	0
#73	SHOP_EXAMINE	8	64	0.000001	0.000000	8	0	1686	0
#80	CAST_SPELL	7	112	0.000001	0.000000	7	0	112	0
#81	PLAYER_INFO	0	0	0	0	41	1443	0	0
#92	GET_POSN	6	24	0.000000	0.000000	6	0	156	0
#94	GET_HOUSE	1	12	0.000000	0.000000	1	0	0	16
#95	GET_ENTRY_INFO	8	32	0.000000	0.000000	8	0	248	0
#98	LOGIN_UPDATE	0	0	0	0	6	66	0	0
#104	TREE_GET	1	4	0.000000	0.000000	1	0	201	0
#105	TREE_CHOOSE_TOPIC	2	8	0.000000	0.000000	2	0	669	0
#112	COMBAT_ACTION	19	148	0.000000	0.000000	0	0	0	0
#116	GET_LOOK_INFO	9	36	0.000001	0.000000	9	0	3181	0
#126	MASS_SELL	3	108	0.000001	0.000000	3	0	207	0
#127	MASS_BUY	6	248	0.000001	0.000000	4	0	1441	0
#128	GET_SELL_PRICES	3	12	0.000000	0.000000	3	0	235	0
#130	PLAYER_CHARACTER_LOGIN	6	24	0.000001	0.000000	6	0	165	0
#135	MAIL_LIST_GET	0	0	0	0	6	0	0	96
#150	VERB_GET	6	88	0.000002	0.000000	6	0	96	0
#151	VERB_DROP	5	60	0.000000	0.000000	5	0	80	0
#153	VERB_PUT_ON	16	192	0.000001	0.000000	16	0	240	16
#154	VERB_TAKE_OFF	17	204	0.000001	0.000000	17	0	272	0
#155	VERB_OPEN	6	108	0.000000	0.000000	6	0	96	0
#160	VERB_ENGAGE	12	192	0.000001	0.000000	12	0	160	32
#161	VERB_CONSUME	5	60	0.000001	0.000000	5	0	80	0
#164	VERB_GIVE	7	92	0.000002	0.000000	7	0	96	16
#165	VERB_MEMORIZE	3	36	0.000000	0.000000	3	0	16	32
#180	NPC_PULSE	9323	0	0.006390	0.000001	0	0	0	0
#182	COMBAT_PULSE	9323	0	0.000012	0.000000	0	0	0	0
#184	PROCESS_AFFECT_PULSE	155	0	0.000759	0.000005	0	0	0	0
#185	CHAR_DOIT_PULSE	10	0	0.000000	0.000000	0	0	0	0
#186	HEAL_PULSE	77	0	0.000000	0.000000	0	0	0	0
#188	MONSTER_PULSE	77	0	0.000004	0.000000	0	0	0	0
#189	MAINTENANCE_PULSE	77	0	0.000000	0.000000	0	0	0	0
#193	TOSS_DEAD_HOUSES	310	0	0.000001	0.000000	0	0	0	0
#194	DUNGEON_QUEUE_PULSE	621	0	0.000006	0.000000	0	0	0	0
#196	AMBUSH_PULSE	1864	0	0.000012	0.000000	0	0	0	0
#197		155	0	0.000050	0.000000	0	0	0	0
#210	DATAMGR_LOG_PERMANENT	0	0	0	0	22	1269	0	0
#211	DATAMGR_LOGIN	6	17968	0.000005	0.000001	6	144	0	0
#212	DATAMGR_LOGOUT	0	0	0	0	4	20	0	0
#213	DATAMGR_NEW_CHAR	1	20	0.000001	0.000001	1	1244	0	0
#214	DATAMGR_SAVE_CHAR	0	0	0	0	256	557359	0	0
#215	DATAMGR_DEL_CHAR	0	0	0	0	1	9	0	0
#221	DATAMGR_NEW_HOUSE	0	0	0	0	1	2149	0	0
#222	DATAMGR_WRITE_HOUSE	0	0	0	0	6	12852	0	0
#224	DATAMGR_GET_HOUSE	2	4320	0.000001	0.000000	2	34	0	0
#225	DATAMGR_HELLO	0	0	0	0	1	3	0	0
#233		6	48	0.000000	0.000000	6	60	0	0
#236		6	220	0.000000	0.000000	202	5940	0	0

	Total)	23051	37264	0.007290	0.000000	4603	1052714	345049	224

Slowest Msg #180 took  0.000013 seconds.
Total process time =  44.777422
Total run time =           9324