Msg#	Message	Count	Inbound	Total_Time	Average_Time	Count	Outbound	Acked	Naked
#1	CLIENT_CONNECTED	6	0	0.000000	0.000000	0	0	0	0
#2	CLIENT_HUNG_UP	1	0	0.000001	0.000001	0	0	0	0
#14	PLAYER_CHECK_LOGIN	6	156	0.000000	0.000000	6	126	0	0
#15	SECURITY	6	0	0.000000	0.000000	0	0	0	0
#16	INN_LOGIN	6	72	0.000000	0.000000	0	0	0	0
#17	SERVER_PING	146	584	0.000002	0.000000	146	0	2336	0
#18	PLAYER_QUERY_CHARACTERS	6	0	0.000001	0.000000	6	9079	0	0
#21	PLAYER_LOGIN	0	0	0	0	6	0	96	0
#24	PLAYER_SYSTEM_MSG	0	0	0	0	3	581	0	0
#25	PLAYER_ACK	0	0	0	0	1263	31609	0	0
#26	PLAYER_NAK	0	0	0	0	8	128	0	0
#32	PLAYER_CHANGE_ROOM	43	516	0.000008	0.000000	1	0	0	16
#33	PLAYER_NEW_ROOM	0	0	0	0	174	154387	0	0
#37	PLAYER_ROOM_CHAT	99	1804	0.000016	0.000000	0	0	0	0
#38	PLAYER_TEXT	0	0	0	0	419	22559	0	0
#41	PLAYER_MOVIE	829	21028	0.000019	0.000000	828	0	13248	0
#42	PLAYER_MOVIE_DATA	0	0	0	0	4336	260374	0	0
#45	PLAYER_DESTROY_OBJECT	0	0	0	0	414	7438	0	0
#52	PLAYER_SHIFT_ROOM	133	532	0.000020	0.000000	3	0	42	16
#55	PLAYER_GET_BIOGRAPHY	4	16	0.000000	0.000000	4	0	292	0
#57	PLAYER_GET_DESCRIPTION	3	12	0.000000	0.000000	3	0	842	0
#58	PLAYER_GET_EXTENDED_PROPS	8	32	0.000000	0.000000	8	0	2830	0
#61	PLAYER_WHO	0	0	0	0	9	330	0	0
#69	COMBAT_EXIT	60	0	0.000002	0.000000	125	1246	960	0
#71	GET_SHOP_INFO	4	16	0.000000	0.000000	4	0	5600	0
#79	MONEY_TAKE	17	68	0.000002	0.000000	17	0	272	0
#80	CAST_SPELL	32	512	0.000004	0.000000	32	0	512	0
#81	PLAYER_INFO	0	0	0	0	12	560	0	0
#87	GROUP_JOIN	1	4	0.000000	0.000000	3	45	46	0
#90	OLD_SECURITY	1	8	0.000000	0.000000	1	65	0	0
#92	GET_POSN	6	24	0.000000	0.000000	6	0	156	0
#95	GET_ENTRY_INFO	16	64	0.000000	0.000000	16	0	465	16
#98	LOGIN_UPDATE	0	0	0	0	6	66	0	0
#112	COMBAT_ACTION	153	1788	0.000003	0.000000	0	0	0	0
#114	WHATS_NEW	1	0	0.000000	0.000000	1	2054	0	0
#116	GET_LOOK_INFO	2	8	0.000000	0.000000	2	0	502	0
#126	MASS_SELL	2	156	0.000002	0.000001	2	0	306	0
#127	MASS_BUY	4	112	0.000001	0.000000	4	0	384	0
#128	GET_SELL_PRICES	2	8	0.000000	0.000000	2	0	418	0
#130	PLAYER_CHARACTER_LOGIN	6	24	0.000000	0.000000	6	0	282	0
#135	MAIL_LIST_GET	0	0	0	0	6	0	212	64
#145		132	3924	0.000003	0.000000	0	0	0	0
#150	VERB_GET	42	804	0.000018	0.000000	42	0	672	0
#151	VERB_DROP	3	36	0.000000	0.000000	3	0	48	0
#153	VERB_PUT_ON	1	12	0.000000	0.000000	1	0	16	0
#154	VERB_TAKE_OFF	2	24	0.000000	0.000000	2	0	32	0
#155	VERB_OPEN	13	288	0.000001	0.000000	13	0	208	0
#160	VERB_ENGAGE	40	648	0.000004	0.000000	40	0	640	0
#162	VERB_SIT	1	12	0.000000	0.000000	1	0	16	0
#165	VERB_MEMORIZE	12	144	0.000001	0.000000	12	0	176	16
#180	NPC_PULSE	2806	0	0.027735	0.000010	0	0	0	0
#182	COMBAT_PULSE	2806	0	0.000037	0.000000	0	0	0	0
#184	PROCESS_AFFECT_PULSE	46	0	0.003487	0.000076	0	0	0	0
#185	CHAR_DOIT_PULSE	3	0	0.000000	0.000000	0	0	0	0
#186	HEAL_PULSE	23	0	0.000001	0.000000	0	0	0	0
#188	MONSTER_PULSE	23	0	0.000014	0.000001	0	0	0	0
#189	MAINTENANCE_PULSE	23	0	0.000000	0.000000	0	0	0	0
#193	TOSS_DEAD_HOUSES	93	0	0.000003	0.000000	0	0	0	0
#194	DUNGEON_QUEUE_PULSE	187	0	0.000029	0.000000	0	0	0	0
#196	AMBUSH_PULSE	561	0	0.000029	0.000000	0	0	0	0
#197		46	0	0.000072	0.000002	0	0	0	0
#210	DATAMGR_LOG_PERMANENT	0	0	0	0	8	273	0	0
#211	DATAMGR_LOGIN	6	40972	0.000019	0.000003	6	201	0	0
#212	DATAMGR_LOGOUT	0	0	0	0	1	5	0	0
#214	DATAMGR_SAVE_CHAR	0	0	0	0	184	1254546	0	0
#222	DATAMGR_WRITE_HOUSE	0	0	0	0	9	56843	0	0
#224	DATAMGR_GET_HOUSE	2	14884	0.000006	0.000003	2	34	0	0
#225	DATAMGR_HELLO	0	0	0	0	1	3	0	0
#231		1	2048	0.000000	0.000000	1	5	0	0
#233		6	216	0.000000	0.000000	6	60	0	0
#236		6	312	0.000000	0.000000	180	5658	0	0

	Total)	8487	91868	0.031542	0.000004	8394	1808275	31609	128

Slowest Msg #184 took  0.000105 seconds.
Total process time =  42.890666
Total run time =           2807