Msg#	Message	Count	Inbound	Total_Time	Average_Time	Count	Outbound	Acked	Naked
#1	CLIENT_CONNECTED	213	0	0.000009	0.000000	0	0	0	0
#2	CLIENT_HUNG_UP	202	0	0.000388	0.000002	0	0	0	0
#14	PLAYER_CHECK_LOGIN	227	5656	0.000015	0.000000	227	7601	0	0
#15	SECURITY	198	0	0.000000	0.000000	0	0	0	0
#16	INN_LOGIN	198	2376	0.000004	0.000000	0	0	0	0
#17	SERVER_PING	33053	132212	0.000642	0.000000	33053	0	528848	0
#18	PLAYER_QUERY_CHARACTERS	198	0	0.000079	0.000000	198	741542	0	0
#21	PLAYER_LOGIN	0	0	0	0	198	0	3168	0
#22	PLAYER_LOGOUT	38	0	0.000000	0.000000	0	0	0	0
#24	PLAYER_SYSTEM_MSG	0	0	0	0	135	20059	0	0
#25	PLAYER_ACK	0	0	0	0	124639	3002540	0	0
#26	PLAYER_NAK	0	0	0	0	1153	18448	0	0
#32	PLAYER_CHANGE_ROOM	2749	32988	0.001197	0.000000	95	0	0	1520
#33	PLAYER_NEW_ROOM	0	0	0	0	13275	17211732	0	0
#37	PLAYER_ROOM_CHAT	1742	35336	0.000335	0.000000	0	0	0	0
#38	PLAYER_TEXT	0	0	0	0	14658	761575	0	0
#41	PLAYER_MOVIE	67317	1713604	0.001867	0.000000	67292	0	1076672	0
#42	PLAYER_MOVIE_DATA	0	0	0	0	449417	57296563	0	0
#45	PLAYER_DESTROY_OBJECT	0	0	0	0	41137	730593	0	0
#48	PLAYER_CREATE_CHARACTER	5	112	0.000003	0.000001	5	0	1655	0
#52	PLAYER_SHIFT_ROOM	10715	42860	0.003497	0.000000	134	0	840	1504
#55	PLAYER_GET_BIOGRAPHY	569	2276	0.000014	0.000000	569	0	42557	0
#56	PLAYER_SET_BIOGRAPHY	5	300	0.000001	0.000000	5	0	80	0
#57	PLAYER_GET_DESCRIPTION	793	3172	0.000059	0.000000	793	0	288505	0
#58	PLAYER_GET_EXTENDED_PROPS	477	1908	0.000042	0.000000	477	0	158039	0
#59	PLAYER_SET_HEAD_DATA	5	100	0.000001	0.000000	5	0	80	0
#61	PLAYER_WHO	0	0	0	0	40	5122	0	0
#69	COMBAT_EXIT	5026	0	0.000191	0.000000	10316	155872	80416	0
#71	GET_SHOP_INFO	103	412	0.000021	0.000000	103	0	404076	0
#73	SHOP_EXAMINE	10	80	0.000001	0.000000	10	0	4049	0
#74	SHOP_SELL	8	64	0.000019	0.000002	8	0	128	0
#75	SHOP_GET_PRICE	9	72	0.000001	0.000000	9	0	128	16
#76	MONEY_DROP	8	64	0.000001	0.000000	8	0	128	0
#77	MONEY_PUT	17	204	0.000002	0.000000	17	0	272	0
#78	MONEY_GIVE	12	144	0.000017	0.000001	12	0	176	16
#79	MONEY_TAKE	1440	5760	0.000279	0.000000	1440	0	23008	32
#80	CAST_SPELL	3330	53280	0.000919	0.000000	3330	0	53232	48
#81	PLAYER_INFO	0	0	0	0	4128	144792	0	0
#84	FATAL_DATA	28	11152	0.000015	0.000001	28	0	448	0
#87	GROUP_JOIN	39	156	0.000002	0.000000	145	2453	2416	32
#88	GROUP_LEAVE	2	0	0.000000	0.000000	77	975	32	0
#90	OLD_SECURITY	37	296	0.000002	0.000000	37	2585	0	0
#92	GET_POSN	190	760	0.000006	0.000000	190	0	4940	0
#94	GET_HOUSE	75	916	0.000005	0.000000	75	0	0	1200
#95	GET_ENTRY_INFO	1268	5072	0.000049	0.000000	1268	0	25854	6944
#98	LOGIN_UPDATE	0	0	0	0	219	2409	0	0
#101	SHOP_RECHARGE	6	48	0.000000	0.000000	6	0	96	0
#102	SHOP_GET_RECHARGE_PRICE	8	64	0.000000	0.000000	8	0	128	0
#103	SET_TITLE	12	224	0.000008	0.000001	12	0	96	96
#104	TREE_GET	15	60	0.000001	0.000000	15	0	3184	0
#105	TREE_CHOOSE_TOPIC	18	72	0.000001	0.000000	18	0	2744	0
#106	TREE_GET_TEXT	13	52	0.000000	0.000000	13	0	1283	0
#107	TREE_BACK	12	0	0.000000	0.000000	12	0	2125	0
#108	QUEST_ACCEPT	8	32	0.000000	0.000000	8	0	749	0
#110	GET_QUEST_LIST	2	0	0.000000	0.000000	2	0	38	0
#112	COMBAT_ACTION	7037	53852	0.000151	0.000000	0	0	0	0
#114	WHATS_NEW	6	0	0.000000	0.000000	6	90756	0	0
#115	SET_ENGRAVE_NAME	9	204	0.000000	0.000000	0	0	0	0
#116	GET_LOOK_INFO	287	1148	0.000051	0.000000	287	0	87270	0
#123	GET_REPAIR_PRICE	1	8	0.000000	0.000000	1	0	0	16
#126	MASS_SELL	39	1248	0.000037	0.000001	39	0	2339	0
#127	MASS_BUY	67	4068	0.000019	0.000000	67	0	16274	0
#128	GET_SELL_PRICES	42	168	0.000004	0.000000	42	0	5906	0
#130	PLAYER_CHARACTER_LOGIN	190	760	0.000054	0.000000	190	0	9526	0
#131	GET_REPAIR_PRICES	100	400	0.000008	0.000000	100	0	5302	224
#132	MASS_REPAIR	82	2488	0.000003	0.000000	82	0	1312	0
#135	MAIL_LIST_GET	2	0	0.000000	0.000000	192	0	53	3056
#145		5321	136128	0.000120	0.000000	0	0	0	0
#150	VERB_GET	3534	57276	0.003320	0.000001	3534	0	55632	912
#151	VERB_DROP	170	2040	0.000022	0.000000	170	0	2704	16
#152	VERB_PUT_IN	671	9344	0.000111	0.000000	671	0	10688	48
#153	VERB_PUT_ON	558	6696	0.000086	0.000000	558	0	8272	656
#154	VERB_TAKE_OFF	442	5332	0.000072	0.000000	442	0	7072	0
#155	VERB_OPEN	712	13804	0.000127	0.000000	712	0	10976	416
#156	VERB_CLOSE	49	632	0.000002	0.000000	49	0	752	32
#158	VERB_UNLOCK	215	4696	0.000059	0.000000	215	0	2800	640
#160	VERB_ENGAGE	3166	52596	0.000481	0.000000	3166	0	50176	480
#161	VERB_CONSUME	56	672	0.000009	0.000000	56	0	896	0
#162	VERB_SIT	12	144	0.000000	0.000000	12	0	192	0
#163	VERB_STAND	6	72	0.000000	0.000000	6	0	96	0
#164	VERB_GIVE	225	3432	0.000320	0.000001	225	0	3520	80
#165	VERB_MEMORIZE	599	7188	0.000075	0.000000	599	0	9120	464
#167	VERB_USE	39	468	0.000004	0.000000	39	0	624	0
#169	VERB_DYE	53	636	0.000011	0.000000	53	0	848	0
#180	NPC_PULSE	204382	0	-2.085787	-0.000010	0	0	0	0
#182	COMBAT_PULSE	204382	0	0.011492	0.000000	0	0	0	0
#184	PROCESS_AFFECT_PULSE	3406	0	0.296679	0.000087	0	0	0	0
#185	CHAR_DOIT_PULSE	227	0	0.000007	0.000000	0	0	0	0
#186	HEAL_PULSE	1703	0	0.000163	0.000000	0	0	0	0
#188	MONSTER_PULSE	1703	0	0.001971	0.000001	0	0	0	0
#189	MAINTENANCE_PULSE	1703	0	0.000001	0.000000	0	0	0	0
#193	TOSS_DEAD_HOUSES	6812	0	0.000710	0.000000	0	0	0	0
#194	DUNGEON_QUEUE_PULSE	13625	0	0.013884	0.000001	0	0	0	0
#196	AMBUSH_PULSE	40876	0	0.001974	0.000000	0	0	0	0
#197		3406	0	0.022003	0.000006	0	0	0	0
#210	DATAMGR_LOG_PERMANENT	0	0	0	0	102	3873	0	0
#211	DATAMGR_LOGIN	219	3017356	0.001393	0.000006	219	6858	0	0
#212	DATAMGR_LOGOUT	0	0	0	0	187	935	0	0
#213	DATAMGR_NEW_CHAR	5	100	0.000004	0.000001	5	6873	0	0
#214	DATAMGR_SAVE_CHAR	0	0	0	0	34034	305751814	0	0
#221	DATAMGR_NEW_HOUSE	0	0	0	0	5	10761	0	0
#222	DATAMGR_WRITE_HOUSE	0	0	0	0	10325	169022757	0	0
#224	DATAMGR_GET_HOUSE	170	5233584	0.002245	0.000013	170	3088	0	0
#225	DATAMGR_HELLO	0	0	0	0	1	3	0	0
#228	DATAMGR_LOGINMESSAGE	0	0	0	0	1	4	0	0
#231		6	90624	0.000001	0.000000	6	30	0	0
#232		0	0	0	0	9	372	0	0
#233		192	1568	0.000003	0.000000	192	1920	0	0
#236		192	11824	0.000013	0.000000	15507	463326	0	0
#254	CLIENT_HACKED_MSG	2	16	0.000000	0.000000	0	0	0	0

	Total)	637101	10772456	-1.718402	-0.000003	841295	555468231	3002540	18448

Slowest Msg #184 took  0.000146 seconds.
Total process time = -871.804673
Total run time =         204383