Msg#	Message	Count	Inbound	Total_Time	Average_Time	Count	Outbound	Acked	Naked
#1	CLIENT_CONNECTED	192	0	0.000009	0.000000	0	0	0	0
#2	CLIENT_HUNG_UP	185	0	0.000148	0.000001	0	0	0	0
#14	PLAYER_CHECK_LOGIN	200	5336	0.000009	0.000000	200	6320	0	0
#15	SECURITY	178	0	0.000000	0.000000	0	0	0	0
#16	INN_LOGIN	178	2136	0.000003	0.000000	0	0	0	0
#17	SERVER_PING	25178	100712	0.000404	0.000000	25178	0	402848	0
#18	PLAYER_QUERY_CHARACTERS	178	0	0.000018	0.000000	178	136958	0	0
#21	PLAYER_LOGIN	0	0	0	0	178	0	2848	0
#22	PLAYER_LOGOUT	57	0	0.000000	0.000000	0	0	0	0
#24	PLAYER_SYSTEM_MSG	0	0	0	0	95	15766	0	0
#25	PLAYER_ACK	0	0	0	0	107936	3366394	0	0
#26	PLAYER_NAK	0	0	0	0	1001	16016	0	0
#32	PLAYER_CHANGE_ROOM	2943	35316	0.000539	0.000000	161	0	0	2576
#33	PLAYER_NEW_ROOM	0	0	0	0	13842	12420189	0	0
#37	PLAYER_ROOM_CHAT	2002	44124	0.000379	0.000000	0	0	0	0
#38	PLAYER_TEXT	0	0	0	0	27919	1446705	0	0
#41	PLAYER_MOVIE	60252	1602816	0.001464	0.000000	60222	0	963552	0
#42	PLAYER_MOVIE_DATA	0	0	0	0	495306	27370762	0	0
#45	PLAYER_DESTROY_OBJECT	0	0	0	0	34583	620359	0	0
#48	PLAYER_CREATE_CHARACTER	28	712	0.000015	0.000001	28	0	8322	16
#49	PLAYER_DESTROY_CHARACTER	6	24	0.000003	0.000000	6	0	96	0
#52	PLAYER_SHIFT_ROOM	11141	44564	0.002187	0.000000	157	0	1596	1296
#55	PLAYER_GET_BIOGRAPHY	365	1460	0.000008	0.000000	365	0	24789	0
#56	PLAYER_SET_BIOGRAPHY	27	1620	0.000004	0.000000	27	0	432	0
#57	PLAYER_GET_DESCRIPTION	607	2428	0.000040	0.000000	607	0	152868	0
#58	PLAYER_GET_EXTENDED_PROPS	349	1396	0.000014	0.000000	349	0	119017	0
#59	PLAYER_SET_HEAD_DATA	27	540	0.000004	0.000000	27	0	432	0
#61	PLAYER_WHO	0	0	0	0	81	5605	0	0
#69	COMBAT_EXIT	4029	0	0.000136	0.000000	8402	83298	64464	0
#71	GET_SHOP_INFO	301	1204	0.000055	0.000000	301	0	1193127	0
#73	SHOP_EXAMINE	61	488	0.000005	0.000000	61	0	15389	0
#74	SHOP_SELL	34	272	0.000036	0.000001	34	0	544	0
#75	SHOP_GET_PRICE	35	280	0.000002	0.000000	35	0	544	16
#76	MONEY_DROP	11	88	0.000001	0.000000	11	0	176	0
#77	MONEY_PUT	5	60	0.000000	0.000000	5	0	80	0
#78	MONEY_GIVE	36	432	0.000028	0.000001	36	0	496	80
#79	MONEY_TAKE	765	3060	0.000087	0.000000	765	0	12160	80
#80	CAST_SPELL	3508	56128	0.000507	0.000000	3508	0	55984	144
#81	PLAYER_INFO	0	0	0	0	339	15120	0	0
#84	FATAL_DATA	2	848	0.000001	0.000001	2	0	32	0
#87	GROUP_JOIN	72	288	0.000003	0.000000	220	3395	3694	48
#88	GROUP_LEAVE	8	0	0.000000	0.000000	169	2093	128	0
#90	OLD_SECURITY	70	560	0.000002	0.000000	70	4687	0	0
#92	GET_POSN	166	664	0.000005	0.000000	166	0	4316	0
#94	GET_HOUSE	71	880	0.000003	0.000000	71	0	0	1136
#95	GET_ENTRY_INFO	1314	5256	0.000043	0.000000	1314	0	33480	3744
#98	LOGIN_UPDATE	0	0	0	0	200	2200	0	0
#101	SHOP_RECHARGE	3	24	0.000000	0.000000	3	0	48	0
#102	SHOP_GET_RECHARGE_PRICE	3	24	0.000000	0.000000	3	0	48	0
#104	TREE_GET	5	20	0.000000	0.000000	5	0	831	0
#105	TREE_CHOOSE_TOPIC	6	24	0.000000	0.000000	6	0	905	0
#106	TREE_GET_TEXT	2	8	0.000000	0.000000	2	0	213	0
#107	TREE_BACK	2	0	0.000000	0.000000	2	0	292	0
#108	QUEST_ACCEPT	2	8	0.000000	0.000000	2	0	220	0
#110	GET_QUEST_LIST	1	0	0.000000	0.000000	1	0	19	0
#112	COMBAT_ACTION	12992	146848	0.000250	0.000000	0	0	0	0
#114	WHATS_NEW	9	0	0.000000	0.000000	9	16122	0	0
#115	SET_ENGRAVE_NAME	70	1496	0.000002	0.000000	0	0	0	0
#116	GET_LOOK_INFO	183	732	0.000018	0.000000	183	0	52732	0
#126	MASS_SELL	81	8464	0.000061	0.000001	81	0	16661	0
#127	MASS_BUY	224	7412	0.000041	0.000000	224	0	34447	0
#128	GET_SELL_PRICES	94	376	0.000006	0.000000	94	0	23708	32
#130	PLAYER_CHARACTER_LOGIN	166	664	0.000017	0.000000	166	0	6078	0
#131	GET_REPAIR_PRICES	18	72	0.000001	0.000000	18	0	614	64
#132	MASS_REPAIR	14	300	0.000000	0.000000	14	0	224	0
#133	ROCKING	0	0	0	0	6	0	102	0
#135	MAIL_LIST_GET	6	0	0.000000	0.000000	172	0	2902	2128
#136	MAIL_MESSAGE_GET	23	92	0.000000	0.000000	23	0	6236	0
#137	MAIL_MESSAGE_DELETE	1	4	0.000000	0.000000	1	0	21	0
#138	MAIL_MESSAGE_SEND	7	5376	0.000000	0.000000	7	0	119	0
#145		11161	314480	0.000211	0.000000	0	0	0	0
#150	VERB_GET	4249	68276	0.002706	0.000001	4249	0	66720	1264
#151	VERB_DROP	363	4408	0.000037	0.000000	363	0	5808	0
#152	VERB_PUT_IN	282	3556	0.000032	0.000000	282	0	4464	48
#153	VERB_PUT_ON	441	5292	0.000039	0.000000	441	0	6192	864
#154	VERB_TAKE_OFF	285	3448	0.000024	0.000000	285	0	4544	16
#155	VERB_OPEN	833	17056	0.000049	0.000000	833	0	12800	528
#156	VERB_CLOSE	50	792	0.000002	0.000000	50	0	800	0
#158	VERB_UNLOCK	26	692	0.000004	0.000000	26	0	352	64
#160	VERB_ENGAGE	2446	39244	0.000268	0.000000	2446	0	38720	416
#161	VERB_CONSUME	161	1932	0.000022	0.000000	161	0	2576	0
#162	VERB_SIT	22	264	0.000001	0.000000	22	0	352	0
#163	VERB_STAND	13	156	0.000000	0.000000	13	0	208	0
#164	VERB_GIVE	149	2268	0.000101	0.000001	149	0	2160	224
#165	VERB_MEMORIZE	812	9788	0.000090	0.000000	812	0	11760	1232
#166	VERB_ROB	2	40	0.000000	0.000000	2	0	32	0
#167	VERB_USE	30	372	0.000003	0.000000	30	0	480	0
#169	VERB_DYE	37	444	0.000005	0.000000	37	0	592	0
#180	NPC_PULSE	252206	0	-2.034012	-0.000008	0	0	0	0
#182	COMBAT_PULSE	252206	0	0.003326	0.000000	0	0	0	0
#184	PROCESS_AFFECT_PULSE	4203	0	0.312876	0.000074	0	0	0	0
#185	CHAR_DOIT_PULSE	280	0	0.000005	0.000000	0	0	0	0
#186	HEAL_PULSE	2101	0	0.000084	0.000000	0	0	0	0
#188	MONSTER_PULSE	2101	0	0.001215	0.000001	0	0	0	0
#189	MAINTENANCE_PULSE	2101	0	0.000001	0.000000	0	0	0	0
#193	TOSS_DEAD_HOUSES	8406	0	0.000238	0.000000	0	0	0	0
#194	DUNGEON_QUEUE_PULSE	16813	0	0.004055	0.000000	0	0	0	0
#196	AMBUSH_PULSE	50441	0	0.002194	0.000000	0	0	0	0
#197		4203	0	0.008214	0.000002	0	0	0	0
#210	DATAMGR_LOG_PERMANENT	0	0	0	0	149	6083	0	0
#211	DATAMGR_LOGIN	200	651264	0.000304	0.000002	200	6595	0	0
#212	DATAMGR_LOGOUT	0	0	0	0	171	855	0	0
#213	DATAMGR_NEW_CHAR	28	560	0.000022	0.000001	28	35212	0	0
#214	DATAMGR_SAVE_CHAR	0	0	0	0	29108	135183549	0	0
#215	DATAMGR_DEL_CHAR	0	0	0	0	6	54	0	0
#221	DATAMGR_NEW_HOUSE	0	0	0	0	27	58427	0	0
#222	DATAMGR_WRITE_HOUSE	0	0	0	0	4619	22218693	0	0
#224	DATAMGR_GET_HOUSE	224	1160700	0.000510	0.000002	224	4139	0	0
#225	DATAMGR_HELLO	0	0	0	0	1	3	0	0
#231		9	16080	0.000000	0.000000	9	45	0	0
#232		0	0	0	0	70	2781	0	0
#233		203	9568	0.000003	0.000000	203	7544	0	0
#234		0	0	0	0	1	9	0	0
#236		169	6536	0.000005	0.000000	15418	471684	0	0

	Total)	745749	4402852	-1.690806	-0.000002	845612	203527662	3366394	16016

Slowest Msg #184 took  0.000133 seconds.
Total process time = -788.443901
Total run time =         252207