Msg#	Message	Count	Inbound	Total_Time	Average_Time	Count	Outbound	Acked	Naked
#1	CLIENT_CONNECTED	9	0	0.000000	0.000000	0	0	0	0
#2	CLIENT_HUNG_UP	4	0	0.000002	0.000001	0	0	0	0
#14	PLAYER_CHECK_LOGIN	9	212	0.000000	0.000000	9	189	0	0
#15	SECURITY	9	0	0.000000	0.000000	0	0	0	0
#16	INN_LOGIN	9	108	0.000000	0.000000	0	0	0	0
#17	SERVER_PING	478	1912	0.000009	0.000000	478	0	7648	0
#18	PLAYER_QUERY_CHARACTERS	9	0	0.000001	0.000000	9	18655	0	0
#21	PLAYER_LOGIN	0	0	0	0	9	0	144	0
#22	PLAYER_LOGOUT	1	0	0.000000	0.000000	0	0	0	0
#24	PLAYER_SYSTEM_MSG	0	0	0	0	9	765	0	0
#25	PLAYER_ACK	0	0	0	0	1657	122966	0	0
#26	PLAYER_NAK	0	0	0	0	17	272	0	0
#32	PLAYER_CHANGE_ROOM	27	324	0.000006	0.000000	1	0	0	16
#33	PLAYER_NEW_ROOM	0	0	0	0	93	124623	0	0
#37	PLAYER_ROOM_CHAT	330	8324	0.000050	0.000000	0	0	0	0
#38	PLAYER_TEXT	0	0	0	0	788	36637	0	0
#41	PLAYER_MOVIE	663	16304	0.000016	0.000000	663	0	10608	0
#42	PLAYER_MOVIE_DATA	0	0	0	0	8929	778663	0	0
#45	PLAYER_DESTROY_OBJECT	0	0	0	0	899	16515	0	0
#48	PLAYER_CREATE_CHARACTER	1	20	0.000000	0.000000	1	0	0	16
#52	PLAYER_SHIFT_ROOM	70	280	0.000014	0.000000	7	0	84	48
#55	PLAYER_GET_BIOGRAPHY	6	24	0.000000	0.000000	6	0	438	0
#57	PLAYER_GET_DESCRIPTION	19	76	0.000001	0.000000	19	0	4841	0
#58	PLAYER_GET_EXTENDED_PROPS	11	44	0.000000	0.000000	11	0	3885	0
#61	PLAYER_WHO	0	0	0	0	9	382	0	0
#69	COMBAT_EXIT	59	0	0.000002	0.000000	204	2614	944	0
#71	GET_SHOP_INFO	11	44	0.000001	0.000000	11	0	85391	0
#73	SHOP_EXAMINE	3	24	0.000000	0.000000	3	0	352	0
#74	SHOP_SELL	1	8	0.000002	0.000002	1	0	16	0
#75	SHOP_GET_PRICE	1	8	0.000000	0.000000	1	0	16	0
#79	MONEY_TAKE	50	200	0.000004	0.000000	50	0	800	0
#80	CAST_SPELL	38	608	0.000005	0.000000	38	0	608	0
#81	PLAYER_INFO	0	0	0	0	16	740	0	0
#87	GROUP_JOIN	1	4	0.000000	0.000000	3	40	41	0
#90	OLD_SECURITY	1	8	0.000000	0.000000	1	63	0	0
#92	GET_POSN	8	32	0.000000	0.000000	8	0	208	0
#94	GET_HOUSE	1	12	0.000000	0.000000	1	0	0	16
#95	GET_ENTRY_INFO	2	8	0.000000	0.000000	2	0	62	0
#98	LOGIN_UPDATE	0	0	0	0	9	99	0	0
#112	COMBAT_ACTION	436	4588	0.000008	0.000000	0	0	0	0
#116	GET_LOOK_INFO	3	12	0.000000	0.000000	3	0	1040	0
#127	MASS_BUY	1	16	0.000000	0.000000	1	0	44	0
#128	GET_SELL_PRICES	4	16	0.000000	0.000000	4	0	876	0
#130	PLAYER_CHARACTER_LOGIN	8	32	0.000002	0.000000	8	0	428	0
#135	MAIL_LIST_GET	0	0	0	0	8	0	92	96
#145		247	6260	0.000005	0.000000	0	0	0	0
#150	VERB_GET	136	1772	0.000103	0.000001	136	0	2176	0
#151	VERB_DROP	29	348	0.000003	0.000000	29	0	464	0
#153	VERB_PUT_ON	33	396	0.000003	0.000000	33	0	512	16
#154	VERB_TAKE_OFF	34	408	0.000002	0.000000	34	0	528	16
#155	VERB_OPEN	3	72	0.000000	0.000000	3	0	48	0
#160	VERB_ENGAGE	34	548	0.000003	0.000000	34	0	496	48
#162	VERB_SIT	1	12	0.000000	0.000000	1	0	16	0
#169	VERB_DYE	10	120	0.000001	0.000000	10	0	160	0
#180	NPC_PULSE	7143	0	0.083562	0.000012	0	0	0	0
#182	COMBAT_PULSE	7143	0	0.000112	0.000000	0	0	0	0
#184	PROCESS_AFFECT_PULSE	119	0	0.009098	0.000076	0	0	0	0
#185	CHAR_DOIT_PULSE	7	0	0.000000	0.000000	0	0	0	0
#186	HEAL_PULSE	59	0	0.000002	0.000000	0	0	0	0
#188	MONSTER_PULSE	59	0	0.000011	0.000000	0	0	0	0
#189	MAINTENANCE_PULSE	59	0	0.000000	0.000000	0	0	0	0
#193	TOSS_DEAD_HOUSES	238	0	0.000005	0.000000	0	0	0	0
#194	DUNGEON_QUEUE_PULSE	476	0	0.000009	0.000000	0	0	0	0
#196	AMBUSH_PULSE	1428	0	0.000046	0.000000	0	0	0	0
#197		119	0	0.000209	0.000002	0	0	0	0
#210	DATAMGR_LOG_PERMANENT	0	0	0	0	45	1917	0	0
#211	DATAMGR_LOGIN	9	83612	0.000048	0.000005	9	266	0	0
#212	DATAMGR_LOGOUT	0	0	0	0	4	20	0	0
#213	DATAMGR_NEW_CHAR	1	20	0.000000	0.000000	1	1216	0	0
#214	DATAMGR_SAVE_CHAR	0	0	0	0	571	4816071	0	0
#222	DATAMGR_WRITE_HOUSE	0	0	0	0	13	129623	0	0
#224	DATAMGR_GET_HOUSE	3	32752	0.000020	0.000007	3	47	0	0
#225	DATAMGR_HELLO	0	0	0	0	1	3	0	0
#233		8	116	0.000000	0.000000	8	80	0	0
#236		9	580	0.000000	0.000000	277	7480	0	0

	Total)	19690	160264	0.093367	0.000005	15198	6059946	122966	272

Slowest Msg #180 took  0.000104 seconds.
Total process time =  130.029574
Total run time =           7144