Msg#	Message	Count	Inbound	Total_Time	Average_Time	Count	Outbound	Acked	Naked
#1	CLIENT_CONNECTED	16	0	0.000001	0.000000	0	0	0	0
#2	CLIENT_HUNG_UP	14	0	0.000026	0.000002	0	0	0	0
#14	PLAYER_CHECK_LOGIN	16	364	0.000001	0.000000	16	336	0	0
#15	SECURITY	16	0	0.000000	0.000000	0	0	0	0
#16	INN_LOGIN	16	192	0.000000	0.000000	0	0	0	0
#17	SERVER_PING	921	3684	0.000022	0.000000	921	0	14736	0
#18	PLAYER_QUERY_CHARACTERS	16	0	0.000006	0.000000	16	53946	0	0
#21	PLAYER_LOGIN	0	0	0	0	16	0	256	0
#22	PLAYER_LOGOUT	4	0	0.000000	0.000000	0	0	0	0
#24	PLAYER_SYSTEM_MSG	0	0	0	0	23	3251	0	0
#25	PLAYER_ACK	0	0	0	0	5271	1132251	0	0
#26	PLAYER_NAK	0	0	0	0	66	1056	0	0
#32	PLAYER_CHANGE_ROOM	180	2160	0.000059	0.000000	0	0	0	0
#33	PLAYER_NEW_ROOM	0	0	0	0	443	537242	0	0
#37	PLAYER_ROOM_CHAT	546	13520	0.000125	0.000000	0	0	0	0
#38	PLAYER_TEXT	0	0	0	0	1203	60441	0	0
#41	PLAYER_MOVIE	2585	66188	0.000090	0.000000	2585	0	41360	0
#42	PLAYER_MOVIE_DATA	0	0	0	0	19500	1028079	0	0
#45	PLAYER_DESTROY_OBJECT	0	0	0	0	548	10236	0	0
#48	PLAYER_CREATE_CHARACTER	1	32	0.000001	0.000001	1	0	369	0
#52	PLAYER_SHIFT_ROOM	264	1056	0.000065	0.000000	3	0	42	16
#55	PLAYER_GET_BIOGRAPHY	39	156	0.000001	0.000000	39	0	2487	0
#56	PLAYER_SET_BIOGRAPHY	1	60	0.000000	0.000000	1	0	16	0
#57	PLAYER_GET_DESCRIPTION	92	368	0.000009	0.000000	92	0	41137	0
#58	PLAYER_GET_EXTENDED_PROPS	36	144	0.000003	0.000000	36	0	10958	0
#59	PLAYER_SET_HEAD_DATA	1	20	0.000000	0.000000	1	0	16	0
#61	PLAYER_WHO	0	0	0	0	8	334	0	0
#69	COMBAT_EXIT	125	0	0.000006	0.000000	264	2578	2000	0
#71	GET_SHOP_INFO	67	268	0.000048	0.000001	67	0	972470	0
#73	SHOP_EXAMINE	11	88	0.000002	0.000000	11	0	1760	0
#77	MONEY_PUT	3	36	0.000000	0.000000	3	0	48	0
#79	MONEY_TAKE	38	152	0.000006	0.000000	38	0	608	0
#80	CAST_SPELL	301	4816	0.000063	0.000000	301	0	4800	16
#81	PLAYER_INFO	0	0	0	0	32	1460	0	0
#87	GROUP_JOIN	3	12	0.000000	0.000000	9	141	144	0
#88	GROUP_LEAVE	2	0	0.000000	0.000000	8	78	32	0
#90	OLD_SECURITY	3	24	0.000000	0.000000	3	196	0	0
#92	GET_POSN	16	64	0.000001	0.000000	16	0	416	0
#94	GET_HOUSE	11	132	0.000001	0.000000	11	0	0	176
#95	GET_ENTRY_INFO	82	328	0.000004	0.000000	82	0	2511	16
#98	LOGIN_UPDATE	0	0	0	0	16	176	0	0
#101	SHOP_RECHARGE	1	8	0.000000	0.000000	1	0	16	0
#102	SHOP_GET_RECHARGE_PRICE	2	16	0.000000	0.000000	2	0	32	0
#112	COMBAT_ACTION	361	3440	0.000010	0.000000	0	0	0	0
#114	WHATS_NEW	2	0	0.000000	0.000000	2	97036	0	0
#115	SET_ENGRAVE_NAME	5	68	0.000000	0.000000	0	0	0	0
#116	GET_LOOK_INFO	20	80	0.000004	0.000000	20	0	5846	0
#126	MASS_SELL	7	180	0.000002	0.000000	7	0	339	0
#127	MASS_BUY	38	1720	0.000014	0.000000	37	0	8804	0
#128	GET_SELL_PRICES	9	36	0.000001	0.000000	9	0	799	32
#130	PLAYER_CHARACTER_LOGIN	16	64	0.000013	0.000001	16	0	1899	0
#131	GET_REPAIR_PRICES	1	4	0.000000	0.000000	1	0	0	16
#135	MAIL_LIST_GET	1	0	0.000000	0.000000	17	0	985	128
#136	MAIL_MESSAGE_GET	3	12	0.000000	0.000000	3	0	4100	0
#138	MAIL_MESSAGE_SEND	1	1368	0.000000	0.000000	1	0	17	0
#145		462	17080	0.000013	0.000000	0	0	0	0
#150	VERB_GET	141	2128	0.000089	0.000001	141	0	2256	0
#151	VERB_DROP	46	552	0.000005	0.000000	46	0	736	0
#152	VERB_PUT_IN	101	1244	0.000012	0.000000	101	0	1616	0
#153	VERB_PUT_ON	78	936	0.000010	0.000000	78	0	1072	176
#154	VERB_TAKE_OFF	61	740	0.000009	0.000000	61	0	976	0
#155	VERB_OPEN	70	1424	0.000006	0.000000	70	0	1072	48
#156	VERB_CLOSE	25	348	0.000002	0.000000	25	0	400	0
#160	VERB_ENGAGE	76	1228	0.000011	0.000000	76	0	1184	32
#161	VERB_CONSUME	13	156	0.000003	0.000000	13	0	208	0
#162	VERB_SIT	2	24	0.000000	0.000000	2	0	32	0
#163	VERB_STAND	2	24	0.000000	0.000000	2	0	32	0
#164	VERB_GIVE	37	532	0.000049	0.000001	37	0	592	0
#165	VERB_MEMORIZE	186	2232	0.000026	0.000000	186	0	2576	400
#167	VERB_USE	1	12	0.000000	0.000000	1	0	16	0
#169	VERB_DYE	30	372	0.000008	0.000000	30	0	480	0
#180	NPC_PULSE	11653	0	0.158128	0.000014	0	0	0	0
#182	COMBAT_PULSE	11653	0	0.000133	0.000000	0	0	0	0
#184	PROCESS_AFFECT_PULSE	194	0	0.018773	0.000097	0	0	0	0
#185	CHAR_DOIT_PULSE	12	0	0.000000	0.000000	0	0	0	0
#186	HEAL_PULSE	97	0	0.000005	0.000000	0	0	0	0
#188	MONSTER_PULSE	97	0	0.000071	0.000001	0	0	0	0
#189	MAINTENANCE_PULSE	97	0	0.000000	0.000000	0	0	0	0
#193	TOSS_DEAD_HOUSES	388	0	0.000019	0.000000	0	0	0	0
#194	DUNGEON_QUEUE_PULSE	776	0	0.000076	0.000000	0	0	0	0
#196	AMBUSH_PULSE	2330	0	0.000177	0.000000	0	0	0	0
#197		194	0	0.001031	0.000005	0	0	0	0
#210	DATAMGR_LOG_PERMANENT	0	0	0	0	137	6718	0	0
#211	DATAMGR_LOGIN	16	235552	0.000121	0.000008	16	477	0	0
#212	DATAMGR_LOGOUT	0	0	0	0	14	70	0	0
#213	DATAMGR_NEW_CHAR	1	20	0.000001	0.000001	1	1578	0	0
#214	DATAMGR_SAVE_CHAR	0	0	0	0	966	6621927	0	0
#221	DATAMGR_NEW_HOUSE	0	0	0	0	1	2149	0	0
#222	DATAMGR_WRITE_HOUSE	0	0	0	0	788	10200957	0	0
#224	DATAMGR_GET_HOUSE	19	135168	0.000051	0.000003	19	345	0	0
#225	DATAMGR_HELLO	0	0	0	0	1	3	0	0
#231		2	96872	0.000001	0.000000	2	10	0	0
#232		0	0	0	0	5	133	0	0
#233		21	5020	0.000001	0.000000	21	1596	0	0
#236		16	2004	0.000001	0.000000	478	18654	0	0

	Total)	34790	604528	0.179417	0.000005	35084	19783454	1132251	1056

Slowest Msg #184 took  0.000167 seconds.
Total process time =  320.176776
Total run time =          11654