Msg#	Message	Count	Inbound	Total_Time	Average_Time	Count	Outbound	Acked	Naked
#1	CLIENT_CONNECTED	26	0	0.000001	0.000000	0	0	0	0
#2	CLIENT_HUNG_UP	16	0	0.000013	0.000001	0	0	0	0
#14	PLAYER_CHECK_LOGIN	26	624	0.000001	0.000000	26	646	0	0
#15	SECURITY	25	0	0.000000	0.000000	0	0	0	0
#16	INN_LOGIN	25	300	0.000000	0.000000	0	0	0	0
#17	SERVER_PING	1825	7300	0.000028	0.000000	1825	0	29200	0
#18	PLAYER_QUERY_CHARACTERS	25	0	0.000003	0.000000	25	35831	0	0
#21	PLAYER_LOGIN	0	0	0	0	25	0	400	0
#22	PLAYER_LOGOUT	2	0	0.000000	0.000000	0	0	0	0
#24	PLAYER_SYSTEM_MSG	0	0	0	0	44	5206	0	0
#25	PLAYER_ACK	0	0	0	0	15270	322047	0	0
#26	PLAYER_NAK	0	0	0	0	103	1648	0	0
#32	PLAYER_CHANGE_ROOM	430	5160	0.000083	0.000000	17	0	0	272
#33	PLAYER_NEW_ROOM	0	0	0	0	1825	1876012	0	0
#37	PLAYER_ROOM_CHAT	302	6364	0.000046	0.000000	0	0	0	0
#38	PLAYER_TEXT	0	0	0	0	2791	159434	0	0
#41	PLAYER_MOVIE	9733	246328	0.000233	0.000000	9728	0	155648	0
#42	PLAYER_MOVIE_DATA	0	0	0	0	58958	5020788	0	0
#45	PLAYER_DESTROY_OBJECT	0	0	0	0	5071	91131	0	0
#48	PLAYER_CREATE_CHARACTER	1	24	0.000000	0.000000	1	0	303	0
#52	PLAYER_SHIFT_ROOM	1416	5664	0.000279	0.000000	12	0	168	64
#55	PLAYER_GET_BIOGRAPHY	16	64	0.000000	0.000000	16	0	1110	0
#56	PLAYER_SET_BIOGRAPHY	1	60	0.000000	0.000000	1	0	16	0
#57	PLAYER_GET_DESCRIPTION	148	592	0.000010	0.000000	148	0	48443	0
#58	PLAYER_GET_EXTENDED_PROPS	33	132	0.000001	0.000000	33	0	11424	0
#59	PLAYER_SET_HEAD_DATA	1	20	0.000000	0.000000	1	0	16	0
#61	PLAYER_WHO	0	0	0	0	5	791	0	0
#69	COMBAT_EXIT	923	0	0.000031	0.000000	1925	19852	14768	0
#71	GET_SHOP_INFO	5	20	0.000001	0.000000	5	0	9490	0
#74	SHOP_SELL	1	8	0.000000	0.000000	1	0	16	0
#75	SHOP_GET_PRICE	1	8	0.000000	0.000000	1	0	16	0
#76	MONEY_DROP	1	8	0.000000	0.000000	1	0	16	0
#79	MONEY_TAKE	207	828	0.000027	0.000000	207	0	3312	0
#80	CAST_SPELL	570	9120	0.000087	0.000000	570	0	9072	48
#81	PLAYER_INFO	0	0	0	0	60	2565	0	0
#87	GROUP_JOIN	12	48	0.000000	0.000000	38	608	688	0
#88	GROUP_LEAVE	1	0	0.000000	0.000000	15	182	16	0
#89	GROUP_KICK	1	4	0.000000	0.000000	5	52	16	0
#90	OLD_SECURITY	12	96	0.000000	0.000000	12	780	0	0
#92	GET_POSN	25	100	0.000001	0.000000	25	0	650	0
#94	GET_HOUSE	3	44	0.000000	0.000000	3	0	0	48
#95	GET_ENTRY_INFO	224	896	0.000007	0.000000	224	0	6076	448
#98	LOGIN_UPDATE	0	0	0	0	26	286	0	0
#112	COMBAT_ACTION	2319	25444	0.000045	0.000000	0	0	0	0
#114	WHATS_NEW	3	0	0.000000	0.000000	3	10344	0	0
#115	SET_ENGRAVE_NAME	1	20	0.000000	0.000000	0	0	0	0
#116	GET_LOOK_INFO	8	32	0.000001	0.000000	8	0	2355	0
#126	MASS_SELL	11	380	0.000007	0.000001	11	0	727	0
#127	MASS_BUY	3	156	0.000001	0.000000	3	0	952	0
#128	GET_SELL_PRICES	15	60	0.000001	0.000000	15	0	1951	0
#130	PLAYER_CHARACTER_LOGIN	25	100	0.000005	0.000000	25	0	1116	0
#131	GET_REPAIR_PRICES	1	4	0.000000	0.000000	1	0	49	0
#132	MASS_REPAIR	1	24	0.000000	0.000000	1	0	16	0
#135	MAIL_LIST_GET	0	0	0	0	25	0	401	336
#145		1936	62280	0.000036	0.000000	0	0	0	0
#150	VERB_GET	630	10120	0.000300	0.000000	630	0	9840	240
#151	VERB_DROP	48	576	0.000005	0.000000	48	0	768	0
#152	VERB_PUT_IN	33	500	0.000004	0.000000	33	0	512	16
#153	VERB_PUT_ON	42	504	0.000004	0.000000	42	0	640	32
#154	VERB_TAKE_OFF	24	288	0.000002	0.000000	24	0	384	0
#155	VERB_OPEN	161	2996	0.000010	0.000000	161	0	2576	0
#156	VERB_CLOSE	2	40	0.000000	0.000000	2	0	32	0
#158	VERB_UNLOCK	30	668	0.000005	0.000000	30	0	480	0
#160	VERB_ENGAGE	460	7448	0.000046	0.000000	460	0	7264	96
#161	VERB_CONSUME	8	96	0.000001	0.000000	8	0	128	0
#162	VERB_SIT	1	12	0.000000	0.000000	1	0	16	0
#164	VERB_GIVE	29	416	0.000022	0.000001	29	0	464	0
#165	VERB_MEMORIZE	32	384	0.000004	0.000000	32	0	464	48
#167	VERB_USE	3	36	0.000001	0.000000	3	0	48	0
#180	NPC_PULSE	8514	0	0.098154	0.000012	0	0	0	0
#182	COMBAT_PULSE	8514	0	0.000569	0.000000	0	0	0	0
#184	PROCESS_AFFECT_PULSE	141	0	0.012666	0.000090	0	0	0	0
#185	CHAR_DOIT_PULSE	9	0	0.000000	0.000000	0	0	0	0
#186	HEAL_PULSE	70	0	0.000004	0.000000	0	0	0	0
#188	MONSTER_PULSE	70	0	0.000155	0.000002	0	0	0	0
#189	MAINTENANCE_PULSE	70	0	0.000000	0.000000	0	0	0	0
#193	TOSS_DEAD_HOUSES	283	0	0.000049	0.000000	0	0	0	0
#194	DUNGEON_QUEUE_PULSE	567	0	0.000310	0.000001	0	0	0	0
#196	AMBUSH_PULSE	1702	0	0.000096	0.000000	0	0	0	0
#197		141	0	0.000599	0.000004	0	0	0	0
#210	DATAMGR_LOG_PERMANENT	0	0	0	0	47	1826	0	0
#211	DATAMGR_LOGIN	26	166760	0.000063	0.000002	26	802	0	0
#212	DATAMGR_LOGOUT	0	0	0	0	15	75	0	0
#213	DATAMGR_NEW_CHAR	1	20	0.000001	0.000001	1	1222	0	0
#214	DATAMGR_SAVE_CHAR	0	0	0	0	2304	12858460	0	0
#221	DATAMGR_NEW_HOUSE	0	0	0	0	1	2165	0	0
#222	DATAMGR_WRITE_HOUSE	0	0	0	0	111	2813164	0	0
#224	DATAMGR_GET_HOUSE	23	417664	0.000163	0.000007	23	440	0	0
#225	DATAMGR_HELLO	0	0	0	0	1	3	0	0
#231		3	10320	0.000000	0.000000	3	15	0	0
#232		0	0	0	0	1	37	0	0
#233		25	516	0.000000	0.000000	25	250	0	0
#236		25	1120	0.000001	0.000000	2144	74460	0	0

	Total)	42047	992796	0.114182	0.000003	105340	23301122	322047	1648

Slowest Msg #184 took  0.000169 seconds.
Total process time =  158.487050
Total run time =           8515