Msg#	Message	Count	Inbound	Total_Time	Average_Time	Count	Outbound	Acked	Naked
#1	CLIENT_CONNECTED	50	0	0.000002	0.000000	0	0	0	0
#2	CLIENT_HUNG_UP	35	0	0.000028	0.000001	0	0	0	0
#14	PLAYER_CHECK_LOGIN	53	1216	0.000003	0.000000	53	1401	0	0
#15	SECURITY	50	0	0.000000	0.000000	0	0	0	0
#16	INN_LOGIN	50	600	0.000001	0.000000	0	0	0	0
#17	SERVER_PING	2187	8748	0.000032	0.000000	2187	0	34992	0
#18	PLAYER_QUERY_CHARACTERS	50	0	0.000007	0.000000	50	71358	0	0
#21	PLAYER_LOGIN	0	0	0	0	50	0	800	0
#22	PLAYER_LOGOUT	14	0	0.000000	0.000000	0	0	0	0
#24	PLAYER_SYSTEM_MSG	0	0	0	0	31	5056	0	0
#25	PLAYER_ACK	0	0	0	0	7334	357140	0	0
#26	PLAYER_NAK	0	0	0	0	83	1328	0	0
#32	PLAYER_CHANGE_ROOM	220	2640	0.000068	0.000000	9	0	0	144
#33	PLAYER_NEW_ROOM	0	0	0	0	636	1178290	0	0
#37	PLAYER_ROOM_CHAT	470	7956	0.000079	0.000000	0	0	0	0
#38	PLAYER_TEXT	0	0	0	0	4160	230119	0	0
#41	PLAYER_MOVIE	3411	89988	0.000091	0.000000	3410	0	54560	0
#42	PLAYER_MOVIE_DATA	0	0	0	0	30052	7161098	0	0
#45	PLAYER_DESTROY_OBJECT	0	0	0	0	2303	41411	0	0
#48	PLAYER_CREATE_CHARACTER	1	20	0.000001	0.000001	1	0	367	0
#52	PLAYER_SHIFT_ROOM	425	1700	0.000103	0.000000	3	0	63	0
#55	PLAYER_GET_BIOGRAPHY	98	392	0.000002	0.000000	98	0	8060	0
#56	PLAYER_SET_BIOGRAPHY	1	60	0.000000	0.000000	1	0	16	0
#57	PLAYER_GET_DESCRIPTION	65	260	0.000004	0.000000	65	0	27547	0
#58	PLAYER_GET_EXTENDED_PROPS	99	396	0.000006	0.000000	99	0	31025	0
#59	PLAYER_SET_HEAD_DATA	1	20	0.000000	0.000000	1	0	16	0
#61	PLAYER_WHO	0	0	0	0	5	842	0	0
#69	COMBAT_EXIT	206	0	0.000007	0.000000	423	4262	3296	0
#71	GET_SHOP_INFO	10	40	0.000005	0.000000	10	0	157287	0
#74	SHOP_SELL	1	8	0.000001	0.000001	1	0	16	0
#75	SHOP_GET_PRICE	1	8	0.000000	0.000000	1	0	16	0
#78	MONEY_GIVE	1	12	0.000001	0.000001	1	0	16	0
#79	MONEY_TAKE	21	84	0.000002	0.000000	21	0	336	0
#80	CAST_SPELL	436	6976	0.000074	0.000000	436	0	6960	16
#81	PLAYER_INFO	0	0	0	0	100	4563	0	0
#84	FATAL_DATA	4	1448	0.000001	0.000000	4	0	64	0
#87	GROUP_JOIN	26	104	0.000001	0.000000	81	1417	1479	64
#88	GROUP_LEAVE	0	0	0	0	48	624	0	0
#90	OLD_SECURITY	22	176	0.000001	0.000000	23	1683	0	0
#92	GET_POSN	50	200	0.000002	0.000000	50	0	1300	0
#94	GET_HOUSE	3	36	0.000000	0.000000	3	0	0	48
#95	GET_ENTRY_INFO	31	124	0.000001	0.000000	31	0	558	208
#98	LOGIN_UPDATE	0	0	0	0	52	572	0	0
#101	SHOP_RECHARGE	1	8	0.000000	0.000000	1	0	16	0
#102	SHOP_GET_RECHARGE_PRICE	1	8	0.000000	0.000000	1	0	16	0
#112	COMBAT_ACTION	949	11956	0.000020	0.000000	0	0	0	0
#114	WHATS_NEW	4	0	0.000000	0.000000	4	40088	0	0
#116	GET_LOOK_INFO	49	196	0.000006	0.000000	49	0	14959	0
#126	MASS_SELL	9	212	0.000004	0.000000	9	0	397	0
#127	MASS_BUY	8	156	0.000001	0.000000	8	0	665	0
#128	GET_SELL_PRICES	10	40	0.000001	0.000000	10	0	906	0
#130	PLAYER_CHARACTER_LOGIN	50	200	0.000009	0.000000	50	0	2594	0
#131	GET_REPAIR_PRICES	4	16	0.000000	0.000000	4	0	300	0
#132	MASS_REPAIR	4	148	0.000000	0.000000	4	0	64	0
#135	MAIL_LIST_GET	0	0	0	0	50	0	273	720
#145		1100	38032	0.000020	0.000000	0	0	0	0
#150	VERB_GET	251	3848	0.000102	0.000000	251	0	3984	32
#151	VERB_DROP	37	444	0.000004	0.000000	37	0	592	0
#152	VERB_PUT_IN	25	308	0.000002	0.000000	25	0	384	16
#153	VERB_PUT_ON	54	648	0.000007	0.000000	54	0	816	48
#154	VERB_TAKE_OFF	49	596	0.000005	0.000000	49	0	784	0
#155	VERB_OPEN	26	468	0.000003	0.000000	26	0	400	16
#156	VERB_CLOSE	1	12	0.000000	0.000000	1	0	16	0
#158	VERB_UNLOCK	9	212	0.000001	0.000000	9	0	144	0
#160	VERB_ENGAGE	27	440	0.000003	0.000000	27	0	432	0
#161	VERB_CONSUME	12	144	0.000002	0.000000	12	0	192	0
#164	VERB_GIVE	14	272	0.000012	0.000001	14	0	224	0
#165	VERB_MEMORIZE	6	72	0.000001	0.000000	6	0	80	16
#167	VERB_USE	5	72	0.000001	0.000000	5	0	80	0
#169	VERB_DYE	3	36	0.000000	0.000000	3	0	48	0
#180	NPC_PULSE	7390	0	0.080875	0.000011	0	0	0	0
#182	COMBAT_PULSE	7390	0	0.000472	0.000000	0	0	0	0
#184	PROCESS_AFFECT_PULSE	123	0	0.010616	0.000086	0	0	0	0
#185	CHAR_DOIT_PULSE	8	0	0.000000	0.000000	0	0	0	0
#186	HEAL_PULSE	61	0	0.000006	0.000000	0	0	0	0
#188	MONSTER_PULSE	61	0	0.000026	0.000000	0	0	0	0
#189	MAINTENANCE_PULSE	61	0	0.000000	0.000000	0	0	0	0
#193	TOSS_DEAD_HOUSES	246	0	0.000034	0.000000	0	0	0	0
#194	DUNGEON_QUEUE_PULSE	492	0	0.000251	0.000001	0	0	0	0
#196	AMBUSH_PULSE	1478	0	0.000072	0.000000	0	0	0	0
#197		123	0	0.000779	0.000006	0	0	0	0
#210	DATAMGR_LOG_PERMANENT	0	0	0	0	20	753	0	0
#211	DATAMGR_LOGIN	52	337708	0.000140	0.000003	52	1554	0	0
#212	DATAMGR_LOGOUT	0	0	0	0	35	175	0	0
#213	DATAMGR_NEW_CHAR	1	20	0.000001	0.000001	1	1558	0	0
#214	DATAMGR_SAVE_CHAR	0	0	0	0	2407	13021935	0	0
#221	DATAMGR_NEW_HOUSE	0	0	0	0	1	2149	0	0
#222	DATAMGR_WRITE_HOUSE	0	0	0	0	924	5535524	0	0
#224	DATAMGR_GET_HOUSE	33	571172	0.000190	0.000006	33	618	0	0
#225	DATAMGR_HELLO	0	0	0	0	1	3	0	0
#231		4	40032	0.000000	0.000000	4	20	0	0
#233		50	576	0.000000	0.000000	50	500	0	0
#236		50	2768	0.000002	0.000000	1621	56286	0	0

	Total)	28423	1134032	0.094190	0.000003	57774	27722327	357140	1328

Slowest Msg #184 took  0.000108 seconds.
Total process time =  131.718499
Total run time =           7391