Msg#	Message	Count	Inbound	Total_Time	Average_Time	Count	Outbound	Acked	Naked
#1	CLIENT_CONNECTED	21	0	0.000001	0.000000	0	0	0	0
#2	CLIENT_HUNG_UP	18	0	0.000014	0.000001	0	0	0	0
#14	PLAYER_CHECK_LOGIN	22	412	0.000001	0.000000	22	660	0	0
#15	SECURITY	20	0	0.000000	0.000000	0	0	0	0
#16	INN_LOGIN	20	240	0.000000	0.000000	0	0	0	0
#17	SERVER_PING	467	1868	0.000008	0.000000	467	0	7472	0
#18	PLAYER_QUERY_CHARACTERS	20	0	0.000002	0.000000	20	23347	0	0
#21	PLAYER_LOGIN	0	0	0	0	20	0	320	0
#22	PLAYER_LOGOUT	2	0	0.000000	0.000000	0	0	0	0
#24	PLAYER_SYSTEM_MSG	0	0	0	0	17	3004	0	0
#25	PLAYER_ACK	0	0	0	0	1214	837147	0	0
#26	PLAYER_NAK	0	0	0	0	25	400	0	0
#32	PLAYER_CHANGE_ROOM	25	300	0.000003	0.000000	1	0	0	16
#33	PLAYER_NEW_ROOM	0	0	0	0	45	45126	0	0
#37	PLAYER_ROOM_CHAT	167	3272	0.000028	0.000000	0	0	0	0
#38	PLAYER_TEXT	0	0	0	0	272	12321	0	0
#41	PLAYER_MOVIE	346	8236	0.000008	0.000000	346	0	5536	0
#42	PLAYER_MOVIE_DATA	0	0	0	0	6300	326470	0	0
#45	PLAYER_DESTROY_OBJECT	0	0	0	0	608	11040	0	0
#48	PLAYER_CREATE_CHARACTER	5	108	0.000017	0.000003	5	0	2291	0
#49	PLAYER_DESTROY_CHARACTER	9	36	0.000004	0.000000	9	0	144	0
#52	PLAYER_SHIFT_ROOM	21	84	0.000003	0.000000	0	0	0	0
#55	PLAYER_GET_BIOGRAPHY	18	72	0.000000	0.000000	18	0	1314	0
#56	PLAYER_SET_BIOGRAPHY	5	300	0.000001	0.000000	5	0	80	0
#57	PLAYER_GET_DESCRIPTION	8	32	0.000001	0.000000	8	0	2020	0
#58	PLAYER_GET_EXTENDED_PROPS	24	96	0.000001	0.000000	24	0	8592	0
#59	PLAYER_SET_HEAD_DATA	5	100	0.000001	0.000000	5	0	80	0
#61	PLAYER_WHO	0	0	0	0	3	129	0	0
#69	COMBAT_EXIT	14	0	0.000001	0.000000	32	328	224	0
#71	GET_SHOP_INFO	20	80	0.000027	0.000001	20	0	796540	0
#73	SHOP_EXAMINE	7	56	0.000001	0.000000	7	0	1445	0
#80	CAST_SPELL	8	128	0.000001	0.000000	8	0	128	0
#81	PLAYER_INFO	0	0	0	0	79	3053	0	0
#84	FATAL_DATA	1	148	0.000000	0.000000	1	0	16	0
#92	GET_POSN	15	60	0.000000	0.000000	15	0	390	0
#95	GET_ENTRY_INFO	3	12	0.000000	0.000000	3	0	93	0
#98	LOGIN_UPDATE	0	0	0	0	21	231	0	0
#112	COMBAT_ACTION	23	160	0.000001	0.000000	0	0	0	0
#116	GET_LOOK_INFO	9	36	0.000001	0.000000	9	0	2905	0
#126	MASS_SELL	7	464	0.000003	0.000000	7	0	907	0
#127	MASS_BUY	15	408	0.000003	0.000000	13	0	2232	0
#128	GET_SELL_PRICES	7	28	0.000000	0.000000	7	0	991	0
#130	PLAYER_CHARACTER_LOGIN	15	60	0.000009	0.000001	15	0	419	0
#135	MAIL_LIST_GET	0	0	0	0	15	0	0	240
#145		18	432	0.000000	0.000000	0	0	0	0
#150	VERB_GET	41	560	0.000016	0.000000	41	0	656	0
#151	VERB_DROP	5	60	0.000000	0.000000	5	0	80	0
#153	VERB_PUT_ON	58	696	0.000004	0.000000	58	0	800	128
#154	VERB_TAKE_OFF	56	672	0.000003	0.000000	56	0	896	0
#155	VERB_OPEN	3	60	0.000000	0.000000	3	0	48	0
#160	VERB_ENGAGE	16	256	0.000001	0.000000	16	0	240	16
#165	VERB_MEMORIZE	2	24	0.000000	0.000000	2	0	32	0
#169	VERB_DYE	16	192	0.000002	0.000000	16	0	256	0
#180	NPC_PULSE	17499	0	0.156906	0.000009	0	0	0	0
#182	COMBAT_PULSE	17499	0	0.000025	0.000000	0	0	0	0
#184	PROCESS_AFFECT_PULSE	291	0	0.019786	0.000068	0	0	0	0
#185	CHAR_DOIT_PULSE	19	0	0.000000	0.000000	0	0	0	0
#186	HEAL_PULSE	145	0	0.000004	0.000000	0	0	0	0
#188	MONSTER_PULSE	145	0	0.000073	0.000001	0	0	0	0
#189	MAINTENANCE_PULSE	145	0	0.000000	0.000000	0	0	0	0
#193	TOSS_DEAD_HOUSES	583	0	0.000004	0.000000	0	0	0	0
#194	DUNGEON_QUEUE_PULSE	1166	0	0.000047	0.000000	0	0	0	0
#196	AMBUSH_PULSE	3499	0	0.000140	0.000000	0	0	0	0
#197		291	0	0.000087	0.000000	0	0	0	0
#210	DATAMGR_LOG_PERMANENT	0	0	0	0	92	3913	0	0
#211	DATAMGR_LOGIN	21	98184	0.000068	0.000003	21	535	0	0
#212	DATAMGR_LOGOUT	0	0	0	0	17	85	0	0
#213	DATAMGR_NEW_CHAR	5	100	0.000004	0.000001	5	9059	0	0
#214	DATAMGR_SAVE_CHAR	0	0	0	0	406	880198	0	0
#215	DATAMGR_DEL_CHAR	0	0	0	0	9	81	0	0
#221	DATAMGR_NEW_HOUSE	0	0	0	0	5	16060	0	0
#222	DATAMGR_WRITE_HOUSE	0	0	0	0	40	124817	0	0
#224	DATAMGR_GET_HOUSE	7	21520	0.000002	0.000000	7	113	0	0
#225	DATAMGR_HELLO	0	0	0	0	1	3	0	0
#233		15	120	0.000000	0.000000	15	150	0	0
#236		15	400	0.000000	0.000000	33	644	0	0
#253		0	0	0	0	1	5	0	0

	Total)	42927	140072	0.177315	0.000004	10535	2298919	837147	400

Slowest Msg #184 took  0.000094 seconds.
Total process time =  278.777403
Total run time =          17499