Msg#	Message	Count	Inbound	Total_Time	Average_Time	Count	Outbound	Acked	Naked
#1	CLIENT_CONNECTED	11	0	0.000001	0.000000	0	0	0	0
#2	CLIENT_HUNG_UP	10	0	0.000005	0.000001	0	0	0	0
#14	PLAYER_CHECK_LOGIN	8	216	0.000000	0.000000	8	268	0	0
#15	SECURITY	7	0	0.000000	0.000000	0	0	0	0
#16	INN_LOGIN	7	84	0.000001	0.000000	0	0	0	0
#17	SERVER_PING	391	1564	0.000006	0.000000	391	0	6256	0
#18	PLAYER_QUERY_CHARACTERS	7	0	0.000001	0.000000	7	13627	0	0
#21	PLAYER_LOGIN	0	0	0	0	7	0	112	0
#24	PLAYER_SYSTEM_MSG	0	0	0	0	1	244	0	0
#25	PLAYER_ACK	0	0	0	0	502	12257	0	0
#26	PLAYER_NAK	0	0	0	0	3	48	0	0
#32	PLAYER_CHANGE_ROOM	9	108	0.000003	0.000000	1	0	0	16
#33	PLAYER_NEW_ROOM	0	0	0	0	20	56689	0	0
#37	PLAYER_ROOM_CHAT	16	144	0.000001	0.000000	0	0	0	0
#38	PLAYER_TEXT	0	0	0	0	47	2574	0	0
#41	PLAYER_MOVIE	62	1508	0.000002	0.000000	62	0	992	0
#42	PLAYER_MOVIE_DATA	0	0	0	0	604	17265	0	0
#45	PLAYER_DESTROY_OBJECT	0	0	0	0	23	419	0	0
#52	PLAYER_SHIFT_ROOM	12	48	0.000003	0.000000	0	0	0	0
#55	PLAYER_GET_BIOGRAPHY	2	8	0.000000	0.000000	2	0	158	0
#57	PLAYER_GET_DESCRIPTION	1	4	0.000000	0.000000	1	0	709	0
#58	PLAYER_GET_EXTENDED_PROPS	7	28	0.000000	0.000000	7	0	2490	0
#69	COMBAT_EXIT	7	0	0.000000	0.000000	14	130	112	0
#80	CAST_SPELL	4	64	0.000001	0.000000	4	0	64	0
#81	PLAYER_INFO	0	0	0	0	10	529	0	0
#92	GET_POSN	5	20	0.000000	0.000000	5	0	130	0
#98	LOGIN_UPDATE	0	0	0	0	8	88	0	0
#112	COMBAT_ACTION	8	128	0.000000	0.000000	0	0	0	0
#114	WHATS_NEW	2	0	0.000000	0.000000	2	105536	0	0
#116	GET_LOOK_INFO	2	8	0.000000	0.000000	2	0	561	0
#130	PLAYER_CHARACTER_LOGIN	5	20	0.000002	0.000000	5	0	284	0
#135	MAIL_LIST_GET	0	0	0	0	5	0	293	32
#145		15	588	0.000000	0.000000	0	0	0	0
#160	VERB_ENGAGE	6	96	0.000000	0.000000	6	0	96	0
#180	NPC_PULSE	205582	0	1.836894	0.000009	0	0	0	0
#182	COMBAT_PULSE	205582	0	0.000142	0.000000	0	0	0	0
#184	PROCESS_AFFECT_PULSE	3426	0	0.244248	0.000071	0	0	0	0
#185	CHAR_DOIT_PULSE	228	0	0.000004	0.000000	0	0	0	0
#186	HEAL_PULSE	1713	0	0.000053	0.000000	0	0	0	0
#188	MONSTER_PULSE	1713	0	0.000730	0.000000	0	0	0	0
#189	MAINTENANCE_PULSE	1713	0	0.000001	0.000000	0	0	0	0
#193	TOSS_DEAD_HOUSES	6852	0	0.000011	0.000000	0	0	0	0
#194	DUNGEON_QUEUE_PULSE	13705	0	0.000673	0.000000	0	0	0	0
#196	AMBUSH_PULSE	41116	0	0.001836	0.000000	0	0	0	0
#197		3426	0	0.000218	0.000000	0	0	0	0
#211	DATAMGR_LOGIN	8	64596	0.000030	0.000004	8	261	0	0
#212	DATAMGR_LOGOUT	0	0	0	0	6	30	0	0
#214	DATAMGR_SAVE_CHAR	0	0	0	0	393	3200936	0	0
#222	DATAMGR_WRITE_HOUSE	0	0	0	0	8	496309	0	0
#224	DATAMGR_GET_HOUSE	2	73172	0.000022	0.000011	2	36	0	0
#225	DATAMGR_HELLO	0	0	0	0	1	3	0	0
#231		2	105360	0.000000	0.000000	2	10	0	0
#233		5	272	0.000000	0.000000	5	50	0	0
#236		5	272	0.000000	0.000000	20	698	0	0
#254	CLIENT_HACKED_MSG	1	8	0.000000	0.000000	0	0	0	0

	Total)	485683	248316	2.084891	0.000004	2192	3908007	12257	48

Slowest Msg #184 took  0.000125 seconds.
Total process time = -1558.815847
Total run time =         205583