Msg#	Message	Count	Inbound	Total_Time	Average_Time	Count	Outbound	Acked	Naked
#1	CLIENT_CONNECTED	5	0	0.000000	0.000000	0	0	0	0
#2	CLIENT_HUNG_UP	4	0	0.000003	0.000001	0	0	0	0
#14	PLAYER_CHECK_LOGIN	5	100	0.000000	0.000000	5	105	0	0
#15	SECURITY	5	0	0.000000	0.000000	0	0	0	0
#16	INN_LOGIN	5	60	0.000000	0.000000	0	0	0	0
#17	SERVER_PING	228	912	0.000003	0.000000	228	0	3648	0
#18	PLAYER_QUERY_CHARACTERS	5	0	0.000001	0.000000	5	5836	0	0
#21	PLAYER_LOGIN	0	0	0	0	5	0	80	0
#22	PLAYER_LOGOUT	2	0	0.000000	0.000000	0	0	0	0
#24	PLAYER_SYSTEM_MSG	0	0	0	0	4	695	0	0
#25	PLAYER_ACK	0	0	0	0	2684	81505	0	0
#26	PLAYER_NAK	0	0	0	0	20	320	0	0
#32	PLAYER_CHANGE_ROOM	48	576	0.000007	0.000000	1	0	0	16
#33	PLAYER_NEW_ROOM	0	0	0	0	309	197637	0	0
#37	PLAYER_ROOM_CHAT	175	2472	0.000023	0.000000	0	0	0	0
#38	PLAYER_TEXT	0	0	0	0	304	15799	0	0
#41	PLAYER_MOVIE	1999	49604	0.000043	0.000000	1999	0	31984	0
#42	PLAYER_MOVIE_DATA	0	0	0	0	5098	511332	0	0
#45	PLAYER_DESTROY_OBJECT	0	0	0	0	316	5704	0	0
#52	PLAYER_SHIFT_ROOM	264	1056	0.000033	0.000000	6	0	84	32
#55	PLAYER_GET_BIOGRAPHY	6	24	0.000000	0.000000	6	0	438	0
#57	PLAYER_GET_DESCRIPTION	66	264	0.000004	0.000000	66	0	13083	0
#58	PLAYER_GET_EXTENDED_PROPS	8	32	0.000000	0.000000	8	0	2861	0
#61	PLAYER_WHO	0	0	0	0	7	276	0	0
#69	COMBAT_EXIT	80	0	0.000003	0.000000	161	1786	1280	0
#71	GET_SHOP_INFO	9	36	0.000001	0.000000	9	0	21954	0
#76	MONEY_DROP	1	8	0.000000	0.000000	1	0	16	0
#79	MONEY_TAKE	3	12	0.000000	0.000000	3	0	48	0
#80	CAST_SPELL	121	1936	0.000016	0.000000	121	0	1936	0
#81	PLAYER_INFO	0	0	0	0	10	450	0	0
#92	GET_POSN	5	20	0.000000	0.000000	5	0	130	0
#94	GET_HOUSE	4	64	0.000000	0.000000	4	0	0	64
#95	GET_ENTRY_INFO	17	68	0.000001	0.000000	17	0	465	32
#98	LOGIN_UPDATE	0	0	0	0	5	55	0	0
#112	COMBAT_ACTION	153	940	0.000003	0.000000	0	0	0	0
#114	WHATS_NEW	1	0	0.000000	0.000000	1	2817	0	0
#116	GET_LOOK_INFO	3	12	0.000000	0.000000	3	0	881	0
#126	MASS_SELL	1	20	0.000000	0.000000	1	0	37	0
#127	MASS_BUY	6	112	0.000001	0.000000	6	0	403	0
#128	GET_SELL_PRICES	1	4	0.000000	0.000000	1	0	49	0
#130	PLAYER_CHARACTER_LOGIN	5	20	0.000001	0.000000	5	0	175	0
#131	GET_REPAIR_PRICES	1	4	0.000000	0.000000	1	0	81	0
#132	MASS_REPAIR	1	40	0.000000	0.000000	1	0	16	0
#135	MAIL_LIST_GET	0	0	0	0	5	0	0	80
#145		157	2848	0.000003	0.000000	0	0	0	0
#150	VERB_GET	30	464	0.000011	0.000000	30	0	480	0
#151	VERB_DROP	6	72	0.000001	0.000000	6	0	96	0
#153	VERB_PUT_ON	14	168	0.000001	0.000000	14	0	176	48
#154	VERB_TAKE_OFF	4	48	0.000000	0.000000	4	0	64	0
#155	VERB_OPEN	12	232	0.000001	0.000000	12	0	192	0
#156	VERB_CLOSE	2	24	0.000000	0.000000	2	0	32	0
#158	VERB_UNLOCK	1	24	0.000000	0.000000	1	0	16	0
#160	VERB_ENGAGE	29	468	0.000003	0.000000	29	0	448	16
#164	VERB_GIVE	16	216	0.000006	0.000000	16	0	240	16
#165	VERB_MEMORIZE	7	84	0.000001	0.000000	7	0	96	16
#167	VERB_USE	1	12	0.000000	0.000000	1	0	16	0
#180	NPC_PULSE	9216	0	0.098461	0.000011	0	0	0	0
#182	COMBAT_PULSE	9216	0	0.000080	0.000000	0	0	0	0
#184	PROCESS_AFFECT_PULSE	153	0	0.013011	0.000085	0	0	0	0
#185	CHAR_DOIT_PULSE	10	0	0.000000	0.000000	0	0	0	0
#186	HEAL_PULSE	76	0	0.000002	0.000000	0	0	0	0
#188	MONSTER_PULSE	76	0	0.000057	0.000001	0	0	0	0
#189	MAINTENANCE_PULSE	76	0	0.000000	0.000000	0	0	0	0
#193	TOSS_DEAD_HOUSES	307	0	0.000012	0.000000	0	0	0	0
#194	DUNGEON_QUEUE_PULSE	614	0	0.000062	0.000000	0	0	0	0
#196	AMBUSH_PULSE	1843	0	0.000088	0.000000	0	0	0	0
#197		153	0	0.000096	0.000001	0	0	0	0
#210	DATAMGR_LOG_PERMANENT	0	0	0	0	59	2018	0	0
#211	DATAMGR_LOGIN	5	26852	0.000013	0.000003	5	133	0	0
#212	DATAMGR_LOGOUT	0	0	0	0	4	20	0	0
#214	DATAMGR_SAVE_CHAR	0	0	0	0	317	1302142	0	0
#222	DATAMGR_WRITE_HOUSE	0	0	0	0	57	340106	0	0
#224	DATAMGR_GET_HOUSE	7	46664	0.000018	0.000003	7	171	0	0
#225	DATAMGR_HELLO	0	0	0	0	1	3	0	0
#231		1	2812	0.000000	0.000000	1	5	0	0
#233		5	40	0.000000	0.000000	5	50	0	0
#236		5	164	0.000000	0.000000	162	3494	0	0

	Total)	25279	139588	0.112071	0.000004	12171	2472459	81505	320

Slowest Msg #184 took  0.000120 seconds.
Total process time =  140.695070
Total run time =           9217