Msg#	Message	Count	Inbound	Total_Time	Average_Time	Count	Outbound	Acked	Naked
#1	CLIENT_CONNECTED	115	0	0.000004	0.000000	0	0	0	0
#2	CLIENT_HUNG_UP	113	0	0.000090	0.000001	0	0	0	0
#14	PLAYER_CHECK_LOGIN	118	3000	0.000004	0.000000	117	3045	0	0
#15	SECURITY	111	0	0.000000	0.000000	0	0	0	0
#16	INN_LOGIN	110	1320	0.000002	0.000000	0	0	0	0
#17	SERVER_PING	8513	34052	0.000140	0.000000	8513	0	136208	0
#18	PLAYER_QUERY_CHARACTERS	110	0	0.000021	0.000000	110	220213	0	0
#21	PLAYER_LOGIN	0	0	0	0	110	0	1760	0
#22	PLAYER_LOGOUT	42	0	0.000000	0.000000	0	0	0	0
#24	PLAYER_SYSTEM_MSG	0	0	0	0	142	14623	0	0
#25	PLAYER_ACK	0	0	0	0	35296	932330	0	0
#26	PLAYER_NAK	0	0	0	0	323	5168	0	0
#32	PLAYER_CHANGE_ROOM	1314	15768	0.000399	0.000000	45	0	0	720
#33	PLAYER_NEW_ROOM	0	0	0	0	3238	7317666	0	0
#37	PLAYER_ROOM_CHAT	1061	23496	0.000138	0.000000	0	0	0	0
#38	PLAYER_TEXT	0	0	0	0	8465	503546	0	0
#41	PLAYER_MOVIE	19083	483632	0.000436	0.000000	19066	0	305056	0
#42	PLAYER_MOVIE_DATA	0	0	0	0	879862	41488985	0	0
#45	PLAYER_DESTROY_OBJECT	0	0	0	0	17919	319583	0	0
#52	PLAYER_SHIFT_ROOM	1997	7988	0.000435	0.000000	34	0	126	448
#55	PLAYER_GET_BIOGRAPHY	128	512	0.000003	0.000000	128	0	9344	0
#57	PLAYER_GET_DESCRIPTION	286	1144	0.000018	0.000000	286	0	95066	0
#58	PLAYER_GET_EXTENDED_PROPS	172	688	0.000008	0.000000	172	0	58183	0
#61	PLAYER_WHO	0	0	0	0	36	2827	0	0
#69	COMBAT_EXIT	1765	0	0.000052	0.000000	3766	39294	28240	0
#71	GET_SHOP_INFO	57	228	0.000004	0.000000	57	0	145611	0
#73	SHOP_EXAMINE	8	64	0.000000	0.000000	8	0	1620	0
#74	SHOP_SELL	17	136	0.000011	0.000001	17	0	272	0
#75	SHOP_GET_PRICE	17	136	0.000000	0.000000	17	0	272	0
#76	MONEY_DROP	11	88	0.000002	0.000000	11	0	176	0
#78	MONEY_GIVE	6	72	0.000006	0.000001	6	0	96	0
#79	MONEY_TAKE	422	1688	0.000036	0.000000	422	0	6688	64
#80	CAST_SPELL	1770	28320	0.000284	0.000000	1770	0	28080	240
#81	PLAYER_INFO	0	0	0	0	216	9814	0	0
#84	FATAL_DATA	6	2564	0.000002	0.000000	6	0	96	0
#87	GROUP_JOIN	87	348	0.000003	0.000000	298	5134	5243	144
#88	GROUP_LEAVE	4	0	0.000000	0.000000	196	2496	64	0
#90	OLD_SECURITY	78	624	0.000002	0.000000	79	5456	0	0
#92	GET_POSN	108	432	0.000003	0.000000	108	0	2808	0
#94	GET_HOUSE	24	296	0.000001	0.000000	24	0	0	384
#95	GET_ENTRY_INFO	116	464	0.000003	0.000000	116	0	2945	336
#98	LOGIN_UPDATE	0	0	0	0	116	1276	0	0
#112	COMBAT_ACTION	5681	63528	0.000089	0.000000	0	0	0	0
#114	WHATS_NEW	1	0	0.000000	0.000000	1	87	0	0
#115	SET_ENGRAVE_NAME	3	84	0.000000	0.000000	0	0	0	0
#116	GET_LOOK_INFO	64	256	0.000006	0.000000	64	0	20178	0
#126	MASS_SELL	13	340	0.000006	0.000000	13	0	641	0
#127	MASS_BUY	51	1252	0.000023	0.000000	51	0	30441	0
#128	GET_SELL_PRICES	15	60	0.000001	0.000000	15	0	7575	0
#130	PLAYER_CHARACTER_LOGIN	108	432	0.000019	0.000000	108	0	4924	0
#131	GET_REPAIR_PRICES	55	220	0.000004	0.000000	55	0	1604	432
#132	MASS_REPAIR	28	788	0.000001	0.000000	28	0	448	0
#135	MAIL_LIST_GET	0	0	0	0	108	0	1013	1440
#145		4746	127160	0.000092	0.000000	0	0	0	0
#150	VERB_GET	1084	17240	0.000762	0.000001	1084	0	17152	192
#151	VERB_DROP	216	2624	0.000022	0.000000	216	0	3408	48
#152	VERB_PUT_IN	88	1152	0.000011	0.000000	88	0	1408	0
#153	VERB_PUT_ON	241	2920	0.000022	0.000000	241	0	3536	320
#154	VERB_TAKE_OFF	204	2472	0.000015	0.000000	204	0	3264	0
#155	VERB_OPEN	134	2676	0.000018	0.000000	134	0	2080	64
#156	VERB_CLOSE	5	68	0.000000	0.000000	5	0	80	0
#158	VERB_UNLOCK	25	576	0.000004	0.000000	25	0	368	32
#160	VERB_ENGAGE	215	3460	0.000018	0.000000	215	0	3328	112
#161	VERB_CONSUME	23	276	0.000004	0.000000	23	0	368	0
#162	VERB_SIT	2	24	0.000000	0.000000	2	0	32	0
#164	VERB_GIVE	68	1132	0.000093	0.000001	68	0	1024	64
#165	VERB_MEMORIZE	91	1092	0.000007	0.000000	91	0	1328	128
#169	VERB_DYE	11	132	0.000001	0.000000	11	0	176	0
#180	NPC_PULSE	88385	0	0.931468	0.000011	0	0	0	0
#182	COMBAT_PULSE	88385	0	0.003487	0.000000	0	0	0	0
#184	PROCESS_AFFECT_PULSE	1473	0	0.113968	0.000077	0	0	0	0
#185	CHAR_DOIT_PULSE	98	0	0.000002	0.000000	0	0	0	0
#186	HEAL_PULSE	736	0	0.000024	0.000000	0	0	0	0
#188	MONSTER_PULSE	736	0	0.000189	0.000000	0	0	0	0
#189	MAINTENANCE_PULSE	736	0	0.000001	0.000000	0	0	0	0
#193	TOSS_DEAD_HOUSES	2946	0	0.000180	0.000000	0	0	0	0
#194	DUNGEON_QUEUE_PULSE	5892	0	0.000678	0.000000	0	0	0	0
#196	AMBUSH_PULSE	17677	0	0.000522	0.000000	0	0	0	0
#197		1473	0	0.005799	0.000004	0	0	0	0
#210	DATAMGR_LOG_PERMANENT	0	0	0	0	31	1223	0	0
#211	DATAMGR_LOGIN	116	1014512	0.000600	0.000005	116	3641	0	0
#212	DATAMGR_LOGOUT	0	0	0	0	109	545	0	0
#214	DATAMGR_SAVE_CHAR	0	0	0	0	9645	93904161	0	0
#222	DATAMGR_WRITE_HOUSE	0	0	0	0	3674	22310786	0	0
#224	DATAMGR_GET_HOUSE	129	2141940	0.001456	0.000011	129	2587	0	0
#225	DATAMGR_HELLO	0	0	0	0	1	3	0	0
#228	DATAMGR_LOGINMESSAGE	0	0	0	0	1	64	0	0
#231		1	84	0.000000	0.000000	1	5	0	0
#232		0	0	0	0	3	145	0	0
#233		108	1500	0.000001	0.000000	108	1080	0	0
#236		108	5392	0.000003	0.000000	5233	151876	0	0

	Total)	259940	4000452	1.061704	0.000004	1002996	167247659	932330	5168

Slowest Msg #184 took  0.000109 seconds.
Total process time =  1520.339673
Total run time =          88386