Msg#	Message	Count	Inbound	Total_Time	Average_Time	Count	Outbound	Acked	Naked
#1	CLIENT_CONNECTED	2	0	0.000000	0.000000	0	0	0	0
#2	CLIENT_HUNG_UP	1	0	0.000000	0.000000	0	0	0	0
#14	PLAYER_CHECK_LOGIN	1	16	0.000000	0.000000	1	21	0	0
#15	SECURITY	1	0	0.000000	0.000000	0	0	0	0
#16	INN_LOGIN	1	12	0.000000	0.000000	0	0	0	0
#17	SERVER_PING	489	1956	0.000007	0.000000	489	0	7824	0
#18	PLAYER_QUERY_CHARACTERS	1	0	0.000000	0.000000	1	1541	0	0
#21	PLAYER_LOGIN	0	0	0	0	1	0	16	0
#25	PLAYER_ACK	0	0	0	0	617	11313	0	0
#26	PLAYER_NAK	0	0	0	0	2	32	0	0
#32	PLAYER_CHANGE_ROOM	1	12	0.000000	0.000000	0	0	0	0
#33	PLAYER_NEW_ROOM	0	0	0	0	7	9258	0	0
#37	PLAYER_ROOM_CHAT	10	132	0.000001	0.000000	0	0	0	0
#38	PLAYER_TEXT	0	0	0	0	425	18440	0	0
#41	PLAYER_MOVIE	73	1704	0.000002	0.000000	73	0	1168	0
#42	PLAYER_MOVIE_DATA	0	0	0	0	32679	939112	0	0
#45	PLAYER_DESTROY_OBJECT	0	0	0	0	2934	50006	0	0
#52	PLAYER_SHIFT_ROOM	6	24	0.000001	0.000000	0	0	0	0
#57	PLAYER_GET_DESCRIPTION	2	8	0.000000	0.000000	2	0	759	0
#58	PLAYER_GET_EXTENDED_PROPS	1	4	0.000000	0.000000	1	0	355	0
#69	COMBAT_EXIT	10	0	0.000000	0.000000	23	234	160	0
#80	CAST_SPELL	1	16	0.000000	0.000000	1	0	16	0
#81	PLAYER_INFO	0	0	0	0	5	207	0	0
#92	GET_POSN	1	4	0.000000	0.000000	1	0	26	0
#98	LOGIN_UPDATE	0	0	0	0	1	11	0	0
#112	COMBAT_ACTION	20	272	0.000000	0.000000	0	0	0	0
#126	MASS_SELL	1	88	0.000001	0.000001	1	0	173	0
#128	GET_SELL_PRICES	1	4	0.000000	0.000000	1	0	193	0
#130	PLAYER_CHARACTER_LOGIN	1	4	0.000000	0.000000	1	0	47	0
#135	MAIL_LIST_GET	0	0	0	0	1	0	0	16
#145		23	724	0.000000	0.000000	0	0	0	0
#150	VERB_GET	2	24	0.000001	0.000000	2	0	32	0
#154	VERB_TAKE_OFF	16	192	0.000001	0.000000	16	0	256	0
#160	VERB_ENGAGE	14	224	0.000001	0.000000	14	0	208	16
#167	VERB_USE	5	60	0.000000	0.000000	5	0	80	0
#180	NPC_PULSE	29491	0	0.301900	0.000010	0	0	0	0
#182	COMBAT_PULSE	29491	0	0.000036	0.000000	0	0	0	0
#184	PROCESS_AFFECT_PULSE	491	0	0.040300	0.000082	0	0	0	0
#185	CHAR_DOIT_PULSE	32	0	0.000001	0.000000	0	0	0	0
#186	HEAL_PULSE	245	0	0.000008	0.000000	0	0	0	0
#188	MONSTER_PULSE	245	0	0.000140	0.000001	0	0	0	0
#189	MAINTENANCE_PULSE	245	0	0.000000	0.000000	0	0	0	0
#193	TOSS_DEAD_HOUSES	983	0	0.000001	0.000000	0	0	0	0
#194	DUNGEON_QUEUE_PULSE	1966	0	0.000084	0.000000	0	0	0	0
#196	AMBUSH_PULSE	5898	0	0.000251	0.000000	0	0	0	0
#197		491	0	0.000135	0.000000	0	0	0	0
#210	DATAMGR_LOG_PERMANENT	0	0	0	0	4	141	0	0
#211	DATAMGR_LOGIN	1	6956	0.000002	0.000002	1	24	0	0
#214	DATAMGR_SAVE_CHAR	0	0	0	0	494	1592498	0	0
#225	DATAMGR_HELLO	0	0	0	0	1	3	0	0
#233		1	8	0.000000	0.000000	1	10	0	0
#236		1	44	0.000000	0.000000	24	788	0	0
#254	CLIENT_HACKED_MSG	1	8	0.000000	0.000000	0	0	0	0

	Total)	70266	12496	0.342875	0.000005	37829	2623639	11313	32

Slowest Msg #180 took  0.000139 seconds.
Total process time =  499.688842
Total run time =          29492