Msg#	Message	Count	Inbound	Total_Time	Average_Time	Count	Outbound	Acked	Naked
#1	CLIENT_CONNECTED	5	0	0.000000	0.000000	0	0	0	0
#2	CLIENT_HUNG_UP	4	0	0.000002	0.000001	0	0	0	0
#14	PLAYER_CHECK_LOGIN	5	84	0.000000	0.000000	5	105	0	0
#15	SECURITY	5	0	0.000000	0.000000	0	0	0	0
#16	INN_LOGIN	5	60	0.000000	0.000000	0	0	0	0
#17	SERVER_PING	239	956	0.000004	0.000000	239	0	3824	0
#18	PLAYER_QUERY_CHARACTERS	5	0	0.000000	0.000000	5	4874	0	0
#21	PLAYER_LOGIN	0	0	0	0	5	0	80	0
#22	PLAYER_LOGOUT	4	0	0.000000	0.000000	0	0	0	0
#24	PLAYER_SYSTEM_MSG	0	0	0	0	2	691	0	0
#25	PLAYER_ACK	0	0	0	0	988	358160	0	0
#26	PLAYER_NAK	0	0	0	0	13	208	0	0
#32	PLAYER_CHANGE_ROOM	25	300	0.000002	0.000000	3	0	0	48
#33	PLAYER_NEW_ROOM	0	0	0	0	139	82389	0	0
#37	PLAYER_ROOM_CHAT	22	240	0.000002	0.000000	0	0	0	0
#38	PLAYER_TEXT	0	0	0	0	71	3439	0	0
#41	PLAYER_MOVIE	561	15344	0.000011	0.000000	561	0	8976	0
#42	PLAYER_MOVIE_DATA	0	0	0	0	3187	102508	0	0
#45	PLAYER_DESTROY_OBJECT	0	0	0	0	138	2442	0	0
#48	PLAYER_CREATE_CHARACTER	1	28	0.000000	0.000000	1	0	351	0
#49	PLAYER_DESTROY_CHARACTER	2	8	0.000000	0.000000	2	0	16	16
#52	PLAYER_SHIFT_ROOM	117	468	0.000010	0.000000	0	0	0	0
#55	PLAYER_GET_BIOGRAPHY	2	8	0.000000	0.000000	2	0	146	0
#56	PLAYER_SET_BIOGRAPHY	1	60	0.000000	0.000000	1	0	16	0
#57	PLAYER_GET_DESCRIPTION	2	8	0.000000	0.000000	2	0	456	0
#58	PLAYER_GET_EXTENDED_PROPS	6	24	0.000000	0.000000	6	0	2112	0
#59	PLAYER_SET_HEAD_DATA	1	20	0.000000	0.000000	1	0	16	0
#69	COMBAT_EXIT	24	0	0.000001	0.000000	48	444	384	0
#71	GET_SHOP_INFO	13	52	0.000010	0.000001	13	0	334086	0
#73	SHOP_EXAMINE	15	120	0.000001	0.000000	15	0	3836	0
#80	CAST_SPELL	5	80	0.000000	0.000000	5	0	80	0
#81	PLAYER_INFO	0	0	0	0	25	1015	0	0
#92	GET_POSN	5	20	0.000000	0.000000	5	0	130	0
#94	GET_HOUSE	1	16	0.000000	0.000000	1	0	0	16
#95	GET_ENTRY_INFO	12	48	0.000000	0.000000	12	0	372	0
#98	LOGIN_UPDATE	0	0	0	0	5	55	0	0
#112	COMBAT_ACTION	35	268	0.000001	0.000000	0	0	0	0
#116	GET_LOOK_INFO	1	4	0.000000	0.000000	1	0	218	0
#126	MASS_SELL	2	40	0.000000	0.000000	2	0	58	0
#127	MASS_BUY	9	188	0.000001	0.000000	9	0	1547	0
#128	GET_SELL_PRICES	3	12	0.000000	0.000000	3	0	131	0
#130	PLAYER_CHARACTER_LOGIN	5	20	0.000002	0.000000	5	0	125	0
#135	MAIL_LIST_GET	0	0	0	0	5	0	0	80
#151	VERB_DROP	8	96	0.000000	0.000000	8	0	128	0
#153	VERB_PUT_ON	15	180	0.000001	0.000000	15	0	192	48
#154	VERB_TAKE_OFF	8	96	0.000000	0.000000	8	0	128	0
#155	VERB_OPEN	6	152	0.000000	0.000000	6	0	96	0
#160	VERB_ENGAGE	24	384	0.000002	0.000000	24	0	384	0
#161	VERB_CONSUME	15	180	0.000002	0.000000	15	0	240	0
#165	VERB_MEMORIZE	2	24	0.000000	0.000000	2	0	32	0
#180	NPC_PULSE	23986	0	0.222629	0.000009	0	0	0	0
#182	COMBAT_PULSE	23986	0	0.000038	0.000000	0	0	0	0
#184	PROCESS_AFFECT_PULSE	399	0	0.029749	0.000075	0	0	0	0
#185	CHAR_DOIT_PULSE	26	0	0.000000	0.000000	0	0	0	0
#186	HEAL_PULSE	199	0	0.000006	0.000000	0	0	0	0
#188	MONSTER_PULSE	199	0	0.000113	0.000001	0	0	0	0
#189	MAINTENANCE_PULSE	199	0	0.000000	0.000000	0	0	0	0
#193	TOSS_DEAD_HOUSES	799	0	0.000002	0.000000	0	0	0	0
#194	DUNGEON_QUEUE_PULSE	1599	0	0.000062	0.000000	0	0	0	0
#196	AMBUSH_PULSE	4797	0	0.000188	0.000000	0	0	0	0
#197		399	0	0.000036	0.000000	0	0	0	0
#210	DATAMGR_LOG_PERMANENT	0	0	0	0	3	89	0	0
#211	DATAMGR_LOGIN	5	23412	0.000007	0.000001	5	121	0	0
#212	DATAMGR_LOGOUT	0	0	0	0	4	20	0	0
#213	DATAMGR_NEW_CHAR	1	20	0.000001	0.000001	1	1363	0	0
#214	DATAMGR_SAVE_CHAR	0	0	0	0	242	274136	0	0
#215	DATAMGR_DEL_CHAR	0	0	0	0	1	9	0	0
#221	DATAMGR_NEW_HOUSE	0	0	0	0	1	2169	0	0
#222	DATAMGR_WRITE_HOUSE	0	0	0	0	7	19656	0	0
#224	DATAMGR_GET_HOUSE	2	5016	0.000001	0.000000	2	46	0	0
#225	DATAMGR_HELLO	0	0	0	0	1	3	0	0
#233		5	40	0.000000	0.000000	5	50	0	0
#236		5	120	0.000000	0.000000	5	50	0	0

	Total)	57826	48196	0.252890	0.000004	5880	854042	358160	208

Slowest Msg #184 took  0.000126 seconds.
Total process time =  381.577503
Total run time =          23987