Msg#	Message	Count	Inbound	Total_Time	Average_Time	Count	Outbound	Acked	Naked
#1	CLIENT_CONNECTED	11	0	0.000000	0.000000	0	0	0	0
#2	CLIENT_HUNG_UP	8	0	0.000011	0.000001	0	0	0	0
#14	PLAYER_CHECK_LOGIN	11	244	0.000001	0.000000	11	231	0	0
#15	SECURITY	11	0	0.000000	0.000000	0	0	0	0
#16	INN_LOGIN	11	132	0.000000	0.000000	0	0	0	0
#17	SERVER_PING	555	2220	0.000010	0.000000	555	0	8880	0
#18	PLAYER_QUERY_CHARACTERS	11	0	0.000003	0.000000	11	39259	0	0
#21	PLAYER_LOGIN	0	0	0	0	11	0	176	0
#24	PLAYER_SYSTEM_MSG	0	0	0	0	6	710	0	0
#25	PLAYER_ACK	0	0	0	0	2465	103645	0	0
#26	PLAYER_NAK	0	0	0	0	67	1072	0	0
#32	PLAYER_CHANGE_ROOM	96	1152	0.000029	0.000000	0	0	0	0
#33	PLAYER_NEW_ROOM	0	0	0	0	238	290658	0	0
#37	PLAYER_ROOM_CHAT	82	1484	0.000013	0.000000	0	0	0	0
#38	PLAYER_TEXT	0	0	0	0	302	15216	0	0
#41	PLAYER_MOVIE	1024	26680	0.000026	0.000000	1024	0	16384	0
#42	PLAYER_MOVIE_DATA	0	0	0	0	6541	494137	0	0
#45	PLAYER_DESTROY_OBJECT	0	0	0	0	586	11490	0	0
#52	PLAYER_SHIFT_ROOM	142	568	0.000025	0.000000	4	0	84	0
#55	PLAYER_GET_BIOGRAPHY	14	56	0.000000	0.000000	14	0	1022	0
#57	PLAYER_GET_DESCRIPTION	71	284	0.000005	0.000000	71	0	21617	0
#58	PLAYER_GET_EXTENDED_PROPS	17	68	0.000001	0.000000	17	0	5664	0
#61	PLAYER_WHO	0	0	0	0	9	511	0	0
#69	COMBAT_EXIT	21	0	0.000001	0.000000	42	378	336	0
#71	GET_SHOP_INFO	11	44	0.000002	0.000000	11	0	27448	0
#78	MONEY_GIVE	1	12	0.000001	0.000001	1	0	16	0
#79	MONEY_TAKE	6	24	0.000001	0.000000	6	0	96	0
#80	CAST_SPELL	92	1472	0.000017	0.000000	92	0	1456	16
#81	PLAYER_INFO	0	0	0	0	101	3521	0	0
#87	GROUP_JOIN	1	4	0.000000	0.000000	3	49	50	0
#88	GROUP_LEAVE	0	0	0	0	2	26	0	0
#90	OLD_SECURITY	1	8	0.000000	0.000000	1	65	0	0
#92	GET_POSN	10	40	0.000001	0.000000	10	0	260	0
#94	GET_HOUSE	6	72	0.000000	0.000000	6	0	0	96
#95	GET_ENTRY_INFO	34	136	0.000001	0.000000	34	0	930	64
#98	LOGIN_UPDATE	0	0	0	0	11	121	0	0
#104	TREE_GET	2	8	0.000000	0.000000	2	0	342	0
#105	TREE_CHOOSE_TOPIC	2	8	0.000000	0.000000	2	0	326	0
#107	TREE_BACK	2	0	0.000000	0.000000	2	0	344	0
#108	QUEST_ACCEPT	2	8	0.000000	0.000000	2	0	200	0
#112	COMBAT_ACTION	72	860	0.000002	0.000000	0	0	0	0
#115	SET_ENGRAVE_NAME	20	284	0.000001	0.000000	0	0	0	0
#116	GET_LOOK_INFO	7	28	0.000001	0.000000	7	0	2097	0
#126	MASS_SELL	9	1144	0.000007	0.000001	9	0	2253	0
#127	MASS_BUY	2	32	0.000001	0.000000	2	0	706	0
#128	GET_SELL_PRICES	12	48	0.000001	0.000000	12	0	3028	0
#130	PLAYER_CHARACTER_LOGIN	10	40	0.000002	0.000000	10	0	980	0
#131	GET_REPAIR_PRICES	4	16	0.000000	0.000000	4	0	171	16
#132	MASS_REPAIR	3	84	0.000000	0.000000	3	0	48	0
#135	MAIL_LIST_GET	0	0	0	0	10	0	43	144
#145		143	2296	0.000004	0.000000	0	0	0	0
#150	VERB_GET	298	4384	0.000125	0.000000	298	0	4048	720
#151	VERB_DROP	20	240	0.000002	0.000000	20	0	320	0
#152	VERB_PUT_IN	193	2388	0.000031	0.000000	193	0	3072	16
#153	VERB_PUT_ON	12	144	0.000001	0.000000	12	0	192	0
#154	VERB_TAKE_OFF	13	156	0.000002	0.000000	13	0	208	0
#155	VERB_OPEN	36	720	0.000012	0.000000	36	0	576	0
#160	VERB_ENGAGE	11	176	0.000001	0.000000	11	0	176	0
#164	VERB_GIVE	2	24	0.000003	0.000001	2	0	32	0
#165	VERB_MEMORIZE	1	12	0.000000	0.000000	1	0	16	0
#167	VERB_USE	3	36	0.000000	0.000000	3	0	48	0
#180	NPC_PULSE	7293	0	0.085547	0.000012	0	0	0	0
#182	COMBAT_PULSE	7293	0	0.000033	0.000000	0	0	0	0
#184	PROCESS_AFFECT_PULSE	121	0	0.011424	0.000094	0	0	0	0
#185	CHAR_DOIT_PULSE	8	0	0.000000	0.000000	0	0	0	0
#186	HEAL_PULSE	60	0	0.000004	0.000000	0	0	0	0
#188	MONSTER_PULSE	60	0	0.000032	0.000001	0	0	0	0
#189	MAINTENANCE_PULSE	60	0	0.000000	0.000000	0	0	0	0
#193	TOSS_DEAD_HOUSES	243	0	0.000031	0.000000	0	0	0	0
#194	DUNGEON_QUEUE_PULSE	486	0	0.000044	0.000000	0	0	0	0
#196	AMBUSH_PULSE	1458	0	0.000078	0.000000	0	0	0	0
#197		121	0	0.000715	0.000006	0	0	0	0
#211	DATAMGR_LOGIN	11	189596	0.000082	0.000007	11	324	0	0
#212	DATAMGR_LOGOUT	0	0	0	0	8	40	0	0
#214	DATAMGR_SAVE_CHAR	0	0	0	0	776	6859666	0	0
#222	DATAMGR_WRITE_HOUSE	0	0	0	0	210	8776706	0	0
#224	DATAMGR_GET_HOUSE	11	289752	0.000138	0.000013	11	204	0	0
#225	DATAMGR_HELLO	0	0	0	0	1	3	0	0
#232		0	0	0	0	20	717	0	0
#233		10	104	0.000000	0.000000	10	100	0	0
#236		10	1100	0.000001	0.000000	206	4884	0	0

	Total)	20371	528388	0.098473	0.000005	14159	16603733	103645	1072

Slowest Msg #184 took  0.000135 seconds.
Total process time =  140.951124
Total run time =           7294