Msg#	Message	Count	Inbound	Total_Time	Average_Time	Count	Outbound	Acked	Naked
#1	CLIENT_CONNECTED	1154	0	0.000038	0.000000	0	0	0	0
#2	CLIENT_HUNG_UP	1150	0	0.000912	0.000001	0	0	0	0
#14	PLAYER_CHECK_LOGIN	1245	30912	0.000046	0.000000	1245	37391	0	0
#15	SECURITY	1129	0	0.000002	0.000000	0	0	0	0
#16	INN_LOGIN	1129	13548	0.000019	0.000000	0	0	0	0
#17	SERVER_PING	78987	315948	0.001322	0.000000	78987	0	1263792	0
#18	PLAYER_QUERY_CHARACTERS	1129	0	0.000231	0.000000	1129	1896216	0	0
#21	PLAYER_LOGIN	0	0	0	0	1129	0	18064	0
#22	PLAYER_LOGOUT	440	0	0.000001	0.000000	0	0	0	0
#24	PLAYER_SYSTEM_MSG	0	0	0	0	1413	128471	0	0
#25	PLAYER_ACK	0	0	0	0	398881	9691653	0	0
#26	PLAYER_NAK	0	0	0	0	6408	102528	0	0
#32	PLAYER_CHANGE_ROOM	17197	206364	0.004774	0.000000	384	0	0	6144
#33	PLAYER_NEW_ROOM	0	0	0	0	40113	71948188	0	0
#37	PLAYER_ROOM_CHAT	12536	290908	0.001765	0.000000	0	0	0	0
#38	PLAYER_TEXT	0	0	0	0	97093	5721641	0	0
#41	PLAYER_MOVIE	223047	5516848	0.005250	0.000000	222999	0	3567984	0
#42	PLAYER_MOVIE_DATA	0	0	0	0	2130762	249240646	0	0
#45	PLAYER_DESTROY_OBJECT	0	0	0	0	184843	3301339	0	0
#48	PLAYER_CREATE_CHARACTER	27	680	0.000008	0.000000	27	0	7855	16
#49	PLAYER_DESTROY_CHARACTER	5	20	0.000001	0.000000	5	0	80	0
#52	PLAYER_SHIFT_ROOM	23529	94116	0.005588	0.000000	393	0	3444	3664
#55	PLAYER_GET_BIOGRAPHY	1520	6080	0.000032	0.000000	1520	0	110560	0
#56	PLAYER_SET_BIOGRAPHY	26	1560	0.000005	0.000000	26	0	416	0
#57	PLAYER_GET_DESCRIPTION	1784	7136	0.000120	0.000000	1784	0	625676	0
#58	PLAYER_GET_EXTENDED_PROPS	1860	7440	0.000092	0.000000	1860	0	635238	0
#59	PLAYER_SET_HEAD_DATA	26	520	0.000005	0.000000	26	0	416	0
#61	PLAYER_WHO	0	0	0	0	319	29116	0	0
#69	COMBAT_EXIT	21027	0	0.000633	0.000000	45143	537296	336432	0
#71	GET_SHOP_INFO	536	2144	0.000042	0.000000	536	0	1518676	0
#73	SHOP_EXAMINE	89	712	0.000005	0.000000	89	0	23949	0
#74	SHOP_SELL	152	1216	0.000157	0.000001	152	0	2432	0
#75	SHOP_GET_PRICE	156	1248	0.000006	0.000000	156	0	2496	0
#76	MONEY_DROP	32	256	0.000003	0.000000	32	0	512	0
#77	MONEY_PUT	4	48	0.000000	0.000000	4	0	64	0
#78	MONEY_GIVE	100	1200	0.000101	0.000001	100	0	1504	96
#79	MONEY_TAKE	3156	12624	0.000287	0.000000	3156	0	49488	1008
#80	CAST_SPELL	24201	387216	0.004242	0.000000	24201	0	385616	1600
#81	PLAYER_INFO	0	0	0	0	2182	97769	0	0
#84	FATAL_DATA	76	32564	0.000030	0.000000	76	0	1216	0
#87	GROUP_JOIN	725	2900	0.000025	0.000000	2426	41992	44351	944
#88	GROUP_LEAVE	171	0	0.000004	0.000000	1772	20813	2720	16
#90	OLD_SECURITY	677	5416	0.000022	0.000000	684	47594	0	0
#92	GET_POSN	1091	4364	0.000032	0.000000	1091	0	28366	0
#94	GET_HOUSE	362	4992	0.000012	0.000000	362	0	0	5792
#95	GET_ENTRY_INFO	7437	29748	0.000219	0.000000	7437	0	136493	48544
#98	LOGIN_UPDATE	0	0	0	0	1223	13453	0	0
#101	SHOP_RECHARGE	10	80	0.000000	0.000000	10	0	160	0
#102	SHOP_GET_RECHARGE_PRICE	10	80	0.000000	0.000000	10	0	160	0
#103	SET_TITLE	4	64	0.000002	0.000000	4	0	64	0
#104	TREE_GET	24	96	0.000001	0.000000	24	0	3397	0
#105	TREE_CHOOSE_TOPIC	24	96	0.000001	0.000000	24	0	2070	0
#107	TREE_BACK	1	0	0.000000	0.000000	1	0	146	0
#108	QUEST_ACCEPT	12	48	0.000000	0.000000	12	0	1320	0
#110	GET_QUEST_LIST	3	0	0.000000	0.000000	3	0	57	0
#112	COMBAT_ACTION	45986	411036	0.000728	0.000000	0	0	0	0
#113	CREATE_OBJECT	6	124	0.000001	0.000000	0	0	0	0
#114	WHATS_NEW	1	0	0.000000	0.000000	1	87	0	0
#115	SET_ENGRAVE_NAME	54	924	0.000001	0.000000	0	0	0	0
#116	GET_LOOK_INFO	769	3076	0.000075	0.000000	769	0	232038	0
#122	REPAIR	3	24	0.000000	0.000000	3	0	48	0
#123	GET_REPAIR_PRICE	3	24	0.000000	0.000000	3	0	48	0
#126	MASS_SELL	177	5860	0.000086	0.000000	177	0	11141	0
#127	MASS_BUY	394	16424	0.000065	0.000000	394	0	71048	0
#128	GET_SELL_PRICES	245	980	0.000014	0.000000	245	0	28341	0
#130	PLAYER_CHARACTER_LOGIN	1091	4364	0.000237	0.000000	1091	0	48305	0
#131	GET_REPAIR_PRICES	234	936	0.000010	0.000000	234	0	11881	784
#132	MASS_REPAIR	165	5188	0.000004	0.000000	165	0	2640	0
#135	MAIL_LIST_GET	3	0	0.000000	0.000000	1094	0	8403	14832
#136	MAIL_MESSAGE_GET	1	4	0.000000	0.000000	1	0	290	0
#145		42082	1145840	0.000864	0.000000	0	0	0	0
#150	VERB_GET	15785	257016	0.012201	0.000001	15785	0	243168	9392
#151	VERB_DROP	1639	19772	0.000155	0.000000	1639	0	26080	144
#152	VERB_PUT_IN	1493	18748	0.000186	0.000000	1493	0	23632	256
#153	VERB_PUT_ON	2123	25528	0.000195	0.000000	2123	0	30464	3504
#154	VERB_TAKE_OFF	1613	19476	0.000132	0.000000	1613	0	25808	0
#155	VERB_OPEN	1148	21560	0.000216	0.000000	1148	0	18032	336
#156	VERB_CLOSE	112	1552	0.000005	0.000000	112	0	1792	0
#158	VERB_UNLOCK	196	5312	0.000025	0.000000	196	0	3088	48
#160	VERB_ENGAGE	4601	73896	0.000454	0.000000	4601	0	72448	1168
#161	VERB_CONSUME	490	5888	0.000065	0.000000	490	0	7840	0
#162	VERB_SIT	34	408	0.000001	0.000000	34	0	544	0
#163	VERB_STAND	10	120	0.000000	0.000000	10	0	128	32
#164	VERB_GIVE	1075	16448	0.001046	0.000001	1075	0	16384	816
#165	VERB_MEMORIZE	2139	25708	0.000189	0.000000	2139	0	30832	3392
#167	VERB_USE	23	276	0.000003	0.000000	23	0	368	0
#169	VERB_DYE	103	1256	0.000010	0.000000	103	0	1648	0
#180	NPC_PULSE	777902	0	0.023701	0.000000	0	0	0	0
#182	COMBAT_PULSE	777902	0	0.033008	0.000000	0	0	0	0
#184	PROCESS_AFFECT_PULSE	12965	0	1.061716	0.000082	0	0	0	0
#185	CHAR_DOIT_PULSE	864	0	0.000020	0.000000	0	0	0	0
#186	HEAL_PULSE	6482	0	0.000250	0.000000	0	0	0	0
#188	MONSTER_PULSE	6482	0	0.002609	0.000000	0	0	0	0
#189	MAINTENANCE_PULSE	6482	0	0.000006	0.000000	0	0	0	0
#193	TOSS_DEAD_HOUSES	25930	0	0.001430	0.000000	0	0	0	0
#194	DUNGEON_QUEUE_PULSE	51860	0	0.075261	0.000001	0	0	0	0
#196	AMBUSH_PULSE	155580	0	0.004788	0.000000	0	0	0	0
#197		12965	0	0.039184	0.000003	0	0	0	0
#210	DATAMGR_LOG_PERMANENT	0	0	0	0	185	8063	0	0
#211	DATAMGR_LOGIN	1223	9051876	0.005882	0.000005	1223	37720	0	0
#212	DATAMGR_LOGOUT	0	0	0	0	1125	5625	0	0
#213	DATAMGR_NEW_CHAR	26	520	0.000013	0.000001	26	31347	0	0
#214	DATAMGR_SAVE_CHAR	0	0	0	0	95393	585542886	0	0
#215	DATAMGR_DEL_CHAR	0	0	0	0	5	45	0	0
#221	DATAMGR_NEW_HOUSE	0	0	0	0	26	56382	0	0
#222	DATAMGR_WRITE_HOUSE	0	0	0	0	14074	184601923	0	0
#224	DATAMGR_GET_HOUSE	989	13968064	0.009744	0.000010	989	20427	0	0
#225	DATAMGR_HELLO	0	0	0	0	1	3	0	0
#231		1	84	0.000000	0.000000	1	5	0	0
#232		0	0	0	0	53	1881	0	0
#233		1095	14044	0.000011	0.000000	1095	10954	0	0
#236		1098	53916	0.000027	0.000000	44897	1330457	0	0

	Total)	2391644	32155464	1.300654	0.000001	3458110	1114503911	9691653	102528

Slowest Msg #184 took  0.000147 seconds.
Total process time =  958.917876
Total run time =         777903