Msg#	Message	Count	Inbound	Total_Time	Average_Time	Count	Outbound	Acked	Naked
#1	CLIENT_CONNECTED	23	0	0.000001	0.000000	0	0	0	0
#2	CLIENT_HUNG_UP	22	0	0.000019	0.000001	0	0	0	0
#14	PLAYER_CHECK_LOGIN	27	708	0.000001	0.000000	27	1267	0	0
#15	SECURITY	20	0	0.000000	0.000000	0	0	0	0
#16	INN_LOGIN	20	240	0.000000	0.000000	0	0	0	0
#17	SERVER_PING	488	1952	0.000007	0.000000	488	0	7808	0
#18	PLAYER_QUERY_CHARACTERS	20	0	0.000003	0.000000	20	45445	0	0
#21	PLAYER_LOGIN	0	0	0	0	20	0	320	0
#22	PLAYER_LOGOUT	1	0	0.000000	0.000000	0	0	0	0
#24	PLAYER_SYSTEM_MSG	0	0	0	0	13	2343	0	0
#25	PLAYER_ACK	0	0	0	0	3139	87136	0	0
#26	PLAYER_NAK	0	0	0	0	21	336	0	0
#32	PLAYER_CHANGE_ROOM	77	924	0.000016	0.000000	1	0	0	16
#33	PLAYER_NEW_ROOM	0	0	0	0	352	516631	0	0
#37	PLAYER_ROOM_CHAT	81	872	0.000006	0.000000	0	0	0	0
#38	PLAYER_TEXT	0	0	0	0	293	17354	0	0
#41	PLAYER_MOVIE	1673	43600	0.000036	0.000000	1673	0	26768	0
#42	PLAYER_MOVIE_DATA	0	0	0	0	9025	1257033	0	0
#45	PLAYER_DESTROY_OBJECT	0	0	0	0	1083	19887	0	0
#52	PLAYER_SHIFT_ROOM	277	1108	0.000049	0.000000	3	0	42	16
#55	PLAYER_GET_BIOGRAPHY	11	44	0.000000	0.000000	11	0	363	0
#57	PLAYER_GET_DESCRIPTION	52	208	0.000003	0.000000	52	0	13395	0
#58	PLAYER_GET_EXTENDED_PROPS	23	92	0.000001	0.000000	23	0	8111	0
#69	COMBAT_EXIT	205	0	0.000006	0.000000	417	4760	3280	0
#71	GET_SHOP_INFO	1	4	0.000000	0.000000	1	0	5788	0
#74	SHOP_SELL	3	24	0.000002	0.000001	3	0	48	0
#75	SHOP_GET_PRICE	3	24	0.000000	0.000000	3	0	48	0
#79	MONEY_TAKE	54	216	0.000005	0.000000	54	0	864	0
#80	CAST_SPELL	160	2560	0.000022	0.000000	160	0	2560	0
#81	PLAYER_INFO	0	0	0	0	34	1713	0	0
#87	GROUP_JOIN	8	32	0.000000	0.000000	24	376	384	0
#88	GROUP_LEAVE	3	0	0.000000	0.000000	19	208	48	0
#90	OLD_SECURITY	8	64	0.000000	0.000000	8	523	0	0
#92	GET_POSN	17	68	0.000000	0.000000	17	0	442	0
#95	GET_ENTRY_INFO	16	64	0.000001	0.000000	16	0	372	64
#98	LOGIN_UPDATE	0	0	0	0	27	297	0	0
#112	COMBAT_ACTION	717	8464	0.000013	0.000000	0	0	0	0
#115	SET_ENGRAVE_NAME	4	100	0.000000	0.000000	0	0	0	0
#116	GET_LOOK_INFO	6	24	0.000001	0.000000	6	0	1957	0
#126	MASS_SELL	3	84	0.000001	0.000000	3	0	159	0
#128	GET_SELL_PRICES	4	16	0.000000	0.000000	4	0	748	0
#130	PLAYER_CHARACTER_LOGIN	17	68	0.000006	0.000000	17	0	2730	0
#131	GET_REPAIR_PRICES	4	16	0.000000	0.000000	4	0	220	0
#132	MASS_REPAIR	4	108	0.000000	0.000000	4	0	64	0
#135	MAIL_LIST_GET	0	0	0	0	17	0	1457	32
#136	MAIL_MESSAGE_GET	2	8	0.000000	0.000000	2	0	3576	0
#145		627	24576	0.000012	0.000000	0	0	0	0
#150	VERB_GET	149	2404	0.000056	0.000000	149	0	2368	16
#151	VERB_DROP	1	12	0.000000	0.000000	1	0	16	0
#152	VERB_PUT_IN	7	84	0.000001	0.000000	7	0	112	0
#153	VERB_PUT_ON	31	372	0.000003	0.000000	31	0	464	32
#154	VERB_TAKE_OFF	13	156	0.000001	0.000000	13	0	208	0
#155	VERB_OPEN	27	480	0.000004	0.000000	27	0	304	128
#157	VERB_LOCK	1	36	0.000000	0.000000	1	0	16	0
#158	VERB_UNLOCK	13	332	0.000002	0.000000	13	0	192	16
#160	VERB_ENGAGE	114	1848	0.000013	0.000000	114	0	1824	0
#164	VERB_GIVE	4	76	0.000003	0.000001	4	0	64	0
#165	VERB_MEMORIZE	2	24	0.000000	0.000000	2	0	16	16
#180	NPC_PULSE	85968	0	0.725819	0.000008	0	0	0	0
#182	COMBAT_PULSE	85968	0	0.000241	0.000000	0	0	0	0
#184	PROCESS_AFFECT_PULSE	1432	0	0.099142	0.000069	0	0	0	0
#185	CHAR_DOIT_PULSE	95	0	0.000002	0.000000	0	0	0	0
#186	HEAL_PULSE	716	0	0.000021	0.000000	0	0	0	0
#188	MONSTER_PULSE	716	0	0.000261	0.000000	0	0	0	0
#189	MAINTENANCE_PULSE	716	0	0.000000	0.000000	0	0	0	0
#193	TOSS_DEAD_HOUSES	2865	0	0.000005	0.000000	0	0	0	0
#194	DUNGEON_QUEUE_PULSE	5731	0	0.000406	0.000000	0	0	0	0
#196	AMBUSH_PULSE	17193	0	0.000764	0.000000	0	0	0	0
#197		1432	0	0.000214	0.000000	0	0	0	0
#211	DATAMGR_LOGIN	27	203260	0.000082	0.000003	27	892	0	0
#212	DATAMGR_LOGOUT	0	0	0	0	19	95	0	0
#214	DATAMGR_SAVE_CHAR	0	0	0	0	604	4261776	0	0
#222	DATAMGR_WRITE_HOUSE	0	0	0	0	9	213632	0	0
#224	DATAMGR_GET_HOUSE	1	28296	0.000012	0.000012	1	20	0	0
#225	DATAMGR_HELLO	0	0	0	0	1	3	0	0
#232		0	0	0	0	4	184	0	0
#233		19	4852	0.000000	0.000000	19	198	0	0
#236		17	2796	0.000001	0.000000	644	27216	0	0

	Total)	207939	331296	0.827267	0.000004	18774	6459325	87136	336

Slowest Msg #184 took  0.000107 seconds.
Total process time =  1052.461392
Total run time =          85969