Msg#	Message	Count	Inbound	Total_Time	Average_Time	Count	Outbound	Acked	Naked
#1	CLIENT_CONNECTED	4	0	0.000000	0.000000	0	0	0	0
#2	CLIENT_HUNG_UP	2	0	0.000001	0.000001	0	0	0	0
#14	PLAYER_CHECK_LOGIN	7	160	0.000000	0.000000	7	287	0	0
#15	SECURITY	3	0	0.000000	0.000000	0	0	0	0
#16	INN_LOGIN	3	36	0.000000	0.000000	0	0	0	0
#17	SERVER_PING	61	244	0.000001	0.000000	61	0	976	0
#18	PLAYER_QUERY_CHARACTERS	3	0	0.000000	0.000000	3	4105	0	0
#21	PLAYER_LOGIN	0	0	0	0	3	0	48	0
#24	PLAYER_SYSTEM_MSG	0	0	0	0	3	405	0	0
#25	PLAYER_ACK	0	0	0	0	397	60332	0	0
#26	PLAYER_NAK	0	0	0	0	17	272	0	0
#32	PLAYER_CHANGE_ROOM	13	156	0.000001	0.000000	1	0	0	16
#33	PLAYER_NEW_ROOM	0	0	0	0	59	41891	0	0
#37	PLAYER_ROOM_CHAT	38	744	0.000005	0.000000	0	0	0	0
#38	PLAYER_TEXT	0	0	0	0	58	3040	0	0
#41	PLAYER_MOVIE	251	6848	0.000005	0.000000	251	0	4016	0
#42	PLAYER_MOVIE_DATA	0	0	0	0	624	24958	0	0
#45	PLAYER_DESTROY_OBJECT	0	0	0	0	27	531	0	0
#52	PLAYER_SHIFT_ROOM	47	188	0.000005	0.000000	0	0	0	0
#55	PLAYER_GET_BIOGRAPHY	4	16	0.000000	0.000000	4	0	292	0
#57	PLAYER_GET_DESCRIPTION	5	20	0.000000	0.000000	5	0	2367	0
#58	PLAYER_GET_EXTENDED_PROPS	5	20	0.000000	0.000000	5	0	1790	0
#69	COMBAT_EXIT	4	0	0.000000	0.000000	8	76	64	0
#71	GET_SHOP_INFO	4	16	0.000001	0.000000	4	0	46518	0
#80	CAST_SPELL	5	80	0.000001	0.000000	5	0	80	0
#81	PLAYER_INFO	0	0	0	0	15	522	0	0
#92	GET_POSN	3	12	0.000000	0.000000	3	0	78	0
#94	GET_HOUSE	1	12	0.000000	0.000000	1	0	0	16
#95	GET_ENTRY_INFO	6	24	0.000000	0.000000	6	0	186	0
#98	LOGIN_UPDATE	0	0	0	0	7	77	0	0
#104	TREE_GET	2	8	0.000000	0.000000	2	0	388	0
#105	TREE_CHOOSE_TOPIC	4	16	0.000000	0.000000	4	0	1384	0
#112	COMBAT_ACTION	4	32	0.000000	0.000000	0	0	0	0
#116	GET_LOOK_INFO	2	8	0.000000	0.000000	2	0	637	0
#126	MASS_SELL	1	68	0.000000	0.000000	1	0	133	0
#127	MASS_BUY	3	128	0.000000	0.000000	3	0	568	0
#128	GET_SELL_PRICES	1	4	0.000000	0.000000	1	0	153	0
#130	PLAYER_CHARACTER_LOGIN	3	12	0.000001	0.000000	3	0	109	0
#131	GET_REPAIR_PRICES	1	4	0.000000	0.000000	1	0	81	0
#132	MASS_REPAIR	1	40	0.000000	0.000000	1	0	16	0
#135	MAIL_LIST_GET	0	0	0	0	3	0	0	48
#145		7	104	0.000000	0.000000	0	0	0	0
#150	VERB_GET	4	48	0.000001	0.000000	4	0	64	0
#153	VERB_PUT_ON	8	96	0.000000	0.000000	8	0	32	96
#154	VERB_TAKE_OFF	2	24	0.000000	0.000000	2	0	32	0
#155	VERB_OPEN	3	68	0.000000	0.000000	3	0	48	0
#160	VERB_ENGAGE	4	64	0.000000	0.000000	4	0	64	0
#165	VERB_MEMORIZE	19	228	0.000002	0.000000	19	0	208	96
#180	NPC_PULSE	1968	0	0.017926	0.000009	0	0	0	0
#182	COMBAT_PULSE	1968	0	0.000004	0.000000	0	0	0	0
#184	PROCESS_AFFECT_PULSE	32	0	0.002177	0.000068	0	0	0	0
#185	CHAR_DOIT_PULSE	2	0	0.000000	0.000000	0	0	0	0
#186	HEAL_PULSE	16	0	0.000000	0.000000	0	0	0	0
#188	MONSTER_PULSE	16	0	0.000004	0.000000	0	0	0	0
#189	MAINTENANCE_PULSE	16	0	0.000000	0.000000	0	0	0	0
#193	TOSS_DEAD_HOUSES	65	0	0.000001	0.000000	0	0	0	0
#194	DUNGEON_QUEUE_PULSE	131	0	0.000005	0.000000	0	0	0	0
#196	AMBUSH_PULSE	393	0	0.000016	0.000000	0	0	0	0
#197		32	0	0.000012	0.000000	0	0	0	0
#210	DATAMGR_LOG_PERMANENT	0	0	0	0	15	445	0	0
#211	DATAMGR_LOGIN	7	16832	0.000017	0.000002	7	204	0	0
#212	DATAMGR_LOGOUT	0	0	0	0	1	5	0	0
#214	DATAMGR_SAVE_CHAR	0	0	0	0	64	169719	0	0
#222	DATAMGR_WRITE_HOUSE	0	0	0	0	7	22698	0	0
#224	DATAMGR_GET_HOUSE	1	3240	0.000001	0.000001	1	15	0	0
#225	DATAMGR_HELLO	0	0	0	0	1	3	0	0
#233		3	24	0.000000	0.000000	3	30	0	0
#236		3	104	0.000000	0.000000	10	148	0	0

	Total)	5191	29728	0.020192	0.000004	1744	329763	60332	272

Slowest Msg #184 took  0.000091 seconds.
Total process time =  33.478547
Total run time =           1969