Msg#	Message	Count	Inbound	Total_Time	Average_Time	Count	Outbound	Acked	Naked
#1	CLIENT_CONNECTED	9	0	0.000000	0.000000	0	0	0	0
#14	PLAYER_CHECK_LOGIN	9	204	0.000000	0.000000	9	189	0	0
#15	SECURITY	9	0	0.000000	0.000000	0	0	0	0
#16	INN_LOGIN	9	108	0.000000	0.000000	0	0	0	0
#17	SERVER_PING	58	232	0.000001	0.000000	58	0	928	0
#18	PLAYER_QUERY_CHARACTERS	9	0	0.000001	0.000000	9	17903	0	0
#21	PLAYER_LOGIN	0	0	0	0	9	0	144	0
#24	PLAYER_SYSTEM_MSG	0	0	0	0	7	1578	0	0
#25	PLAYER_ACK	0	0	0	0	550	48940	0	0
#26	PLAYER_NAK	0	0	0	0	17	272	0	0
#32	PLAYER_CHANGE_ROOM	42	504	0.000009	0.000000	0	0	0	0
#33	PLAYER_NEW_ROOM	0	0	0	0	95	169480	0	0
#37	PLAYER_ROOM_CHAT	40	544	0.000005	0.000000	0	0	0	0
#38	PLAYER_TEXT	0	0	0	0	77	5380	0	0
#41	PLAYER_MOVIE	360	9796	0.000008	0.000000	360	0	5760	0
#42	PLAYER_MOVIE_DATA	0	0	0	0	1522	142324	0	0
#45	PLAYER_DESTROY_OBJECT	0	0	0	0	89	1533	0	0
#52	PLAYER_SHIFT_ROOM	53	212	0.000006	0.000000	1	0	21	0
#55	PLAYER_GET_BIOGRAPHY	12	48	0.000000	0.000000	12	0	1116	0
#57	PLAYER_GET_DESCRIPTION	4	16	0.000000	0.000000	4	0	2775	0
#58	PLAYER_GET_EXTENDED_PROPS	15	60	0.000001	0.000000	15	0	4371	0
#69	COMBAT_EXIT	5	0	0.000000	0.000000	10	154	80	0
#71	GET_SHOP_INFO	1	4	0.000000	0.000000	1	0	29530	0
#80	CAST_SPELL	11	176	0.000001	0.000000	11	0	176	0
#81	PLAYER_INFO	0	0	0	0	18	810	0	0
#87	GROUP_JOIN	9	36	0.000000	0.000000	29	486	539	32
#88	GROUP_LEAVE	2	0	0.000000	0.000000	7	65	32	0
#90	OLD_SECURITY	9	72	0.000000	0.000000	9	686	0	0
#92	GET_POSN	9	36	0.000001	0.000000	9	0	234	0
#95	GET_ENTRY_INFO	13	52	0.000000	0.000000	13	0	279	64
#98	LOGIN_UPDATE	0	0	0	0	9	99	0	0
#112	COMBAT_ACTION	8	128	0.000000	0.000000	0	0	0	0
#116	GET_LOOK_INFO	6	24	0.000001	0.000000	6	0	1792	0
#127	MASS_BUY	1	16	0.000000	0.000000	1	0	58	0
#130	PLAYER_CHARACTER_LOGIN	9	36	0.000002	0.000000	9	0	570	0
#135	MAIL_LIST_GET	0	0	0	0	9	0	55	128
#145		22	776	0.000000	0.000000	0	0	0	0
#150	VERB_GET	4	56	0.000001	0.000000	4	0	64	0
#151	VERB_DROP	3	36	0.000000	0.000000	3	0	48	0
#153	VERB_PUT_ON	12	144	0.000001	0.000000	12	0	144	48
#154	VERB_TAKE_OFF	7	84	0.000001	0.000000	7	0	112	0
#155	VERB_OPEN	1	28	0.000000	0.000000	1	0	16	0
#160	VERB_ENGAGE	5	80	0.000001	0.000000	5	0	80	0
#167	VERB_USE	1	12	0.000001	0.000001	1	0	16	0
#180	NPC_PULSE	406	0	0.004338	0.000011	0	0	0	0
#182	COMBAT_PULSE	406	0	0.000005	0.000000	0	0	0	0
#184	PROCESS_AFFECT_PULSE	6	0	0.000507	0.000084	0	0	0	0
#186	HEAL_PULSE	3	0	0.000000	0.000000	0	0	0	0
#188	MONSTER_PULSE	3	0	0.000001	0.000000	0	0	0	0
#189	MAINTENANCE_PULSE	3	0	0.000000	0.000000	0	0	0	0
#193	TOSS_DEAD_HOUSES	13	0	0.000006	0.000000	0	0	0	0
#194	DUNGEON_QUEUE_PULSE	27	0	0.000083	0.000003	0	0	0	0
#196	AMBUSH_PULSE	81	0	0.000004	0.000000	0	0	0	0
#197		6	0	0.000054	0.000009	0	0	0	0
#210	DATAMGR_LOG_PERMANENT	0	0	0	0	5	174	0	0
#211	DATAMGR_LOGIN	9	78960	0.000025	0.000003	9	266	0	0
#214	DATAMGR_SAVE_CHAR	0	0	0	0	60	383976	0	0
#222	DATAMGR_WRITE_HOUSE	0	0	0	0	34	1180001	0	0
#224	DATAMGR_GET_HOUSE	9	214796	0.000065	0.000007	9	175	0	0
#225	DATAMGR_HELLO	0	0	0	0	1	3	0	0
#233		9	108	0.000000	0.000000	9	90	0	0
#236		9	640	0.000000	0.000000	58	1726	0	0

	Total)	1757	308024	0.005129	0.000003	3193	1956310	48940	272

Slowest Msg #184 took  0.000088 seconds.
Total process time =  8.564575
Total run time =            407