Msg#	Message	Count	Inbound	Total_Time	Average_Time	Count	Outbound	Acked	Naked
#1	CLIENT_CONNECTED	20	0	0.000001	0.000000	0	0	0	0
#2	CLIENT_HUNG_UP	18	0	0.000028	0.000002	0	0	0	0
#14	PLAYER_CHECK_LOGIN	21	524	0.000001	0.000000	21	531	0	0
#15	SECURITY	20	0	0.000000	0.000000	0	0	0	0
#16	INN_LOGIN	20	240	0.000001	0.000000	0	0	0	0
#17	SERVER_PING	2019	8076	0.000042	0.000000	2019	0	32304	0
#18	PLAYER_QUERY_CHARACTERS	20	0	0.000007	0.000000	20	75527	0	0
#21	PLAYER_LOGIN	0	0	0	0	20	0	320	0
#22	PLAYER_LOGOUT	8	0	0.000000	0.000000	0	0	0	0
#24	PLAYER_SYSTEM_MSG	0	0	0	0	12	1315	0	0
#25	PLAYER_ACK	0	0	0	0	6943	252798	0	0
#26	PLAYER_NAK	0	0	0	0	50	800	0	0
#32	PLAYER_CHANGE_ROOM	122	1464	0.000045	0.000000	3	0	0	48
#33	PLAYER_NEW_ROOM	0	0	0	0	597	1002093	0	0
#37	PLAYER_ROOM_CHAT	103	1284	0.000016	0.000000	0	0	0	0
#38	PLAYER_TEXT	0	0	0	0	1936	102843	0	0
#41	PLAYER_MOVIE	3355	85220	0.000124	0.000000	3353	0	53648	0
#42	PLAYER_MOVIE_DATA	0	0	0	0	45944	4285572	0	0
#45	PLAYER_DESTROY_OBJECT	0	0	0	0	3710	64954	0	0
#49	PLAYER_DESTROY_CHARACTER	1	4	0.000000	0.000000	1	0	16	0
#52	PLAYER_SHIFT_ROOM	484	1936	0.000148	0.000000	9	0	63	96
#55	PLAYER_GET_BIOGRAPHY	47	188	0.000002	0.000000	47	0	2751	0
#57	PLAYER_GET_DESCRIPTION	51	204	0.000005	0.000000	51	0	20697	0
#58	PLAYER_GET_EXTENDED_PROPS	43	172	0.000004	0.000000	43	0	15293	0
#61	PLAYER_WHO	0	0	0	0	7	218	0	0
#69	COMBAT_EXIT	391	0	0.000020	0.000000	815	8472	6256	0
#71	GET_SHOP_INFO	10	40	0.000006	0.000001	10	0	91608	0
#79	MONEY_TAKE	80	320	0.000013	0.000000	80	0	1280	0
#80	CAST_SPELL	283	4528	0.000061	0.000000	283	0	4496	32
#81	PLAYER_INFO	0	0	0	0	38	1732	0	0
#84	FATAL_DATA	1	572	0.000001	0.000001	1	0	16	0
#87	GROUP_JOIN	9	36	0.000000	0.000000	13	182	195	16
#88	GROUP_LEAVE	0	0	0	0	9	117	0	0
#90	OLD_SECURITY	5	40	0.000000	0.000000	8	426	0	0
#92	GET_POSN	19	76	0.000001	0.000000	19	0	494	0
#94	GET_HOUSE	10	120	0.000001	0.000000	10	0	0	160
#95	GET_ENTRY_INFO	23	92	0.000001	0.000000	23	0	651	32
#98	LOGIN_UPDATE	0	0	0	0	21	231	0	0
#103	SET_TITLE	2	64	0.000001	0.000001	2	0	32	0
#112	COMBAT_ACTION	1200	12924	0.000034	0.000000	0	0	0	0
#116	GET_LOOK_INFO	24	96	0.000004	0.000000	24	0	7241	0
#126	MASS_SELL	3	124	0.000002	0.000001	3	0	239	0
#127	MASS_BUY	6	364	0.000002	0.000000	6	0	1570	0
#128	GET_SELL_PRICES	4	16	0.000000	0.000000	4	0	395	16
#130	PLAYER_CHARACTER_LOGIN	19	76	0.000017	0.000001	19	0	1759	0
#131	GET_REPAIR_PRICES	7	28	0.000001	0.000000	7	0	455	0
#132	MASS_REPAIR	7	224	0.000001	0.000000	7	0	112	0
#135	MAIL_LIST_GET	0	0	0	0	19	0	1253	160
#136	MAIL_MESSAGE_GET	1	4	0.000000	0.000000	1	0	1366	0
#145		891	28724	0.000024	0.000000	0	0	0	0
#150	VERB_GET	121	1868	0.000066	0.000001	121	0	1936	0
#151	VERB_DROP	25	300	0.000003	0.000000	25	0	384	16
#152	VERB_PUT_IN	31	388	0.000006	0.000000	31	0	496	0
#153	VERB_PUT_ON	30	360	0.000004	0.000000	30	0	464	16
#154	VERB_TAKE_OFF	27	324	0.000005	0.000000	27	0	432	0
#155	VERB_OPEN	42	796	0.000011	0.000000	42	0	624	48
#156	VERB_CLOSE	5	68	0.000001	0.000000	5	0	80	0
#158	VERB_UNLOCK	6	132	0.000002	0.000000	6	0	96	0
#160	VERB_ENGAGE	193	3112	0.000027	0.000000	193	0	2960	128
#161	VERB_CONSUME	2	24	0.000001	0.000000	2	0	32	0
#164	VERB_GIVE	2	24	0.000003	0.000001	2	0	32	0
#165	VERB_MEMORIZE	47	564	0.000007	0.000000	47	0	720	32
#169	VERB_DYE	2	24	0.000000	0.000000	2	0	32	0
#180	NPC_PULSE	56512	0	0.584808	0.000010	0	0	0	0
#182	COMBAT_PULSE	56512	0	0.000557	0.000000	0	0	0	0
#184	PROCESS_AFFECT_PULSE	941	0	0.072719	0.000077	0	0	0	0
#185	CHAR_DOIT_PULSE	62	0	0.000001	0.000000	0	0	0	0
#186	HEAL_PULSE	470	0	0.000025	0.000000	0	0	0	0
#188	MONSTER_PULSE	470	0	0.000227	0.000000	0	0	0	0
#189	MAINTENANCE_PULSE	470	0	0.000000	0.000000	0	0	0	0
#193	TOSS_DEAD_HOUSES	1883	0	0.000056	0.000000	0	0	0	0
#194	DUNGEON_QUEUE_PULSE	3767	0	0.000279	0.000000	0	0	0	0
#196	AMBUSH_PULSE	11302	0	0.000620	0.000000	0	0	0	0
#197		941	0	0.002073	0.000002	0	0	0	0
#210	DATAMGR_LOG_PERMANENT	0	0	0	0	17	731	0	0
#211	DATAMGR_LOGIN	21	330760	0.000188	0.000009	21	656	0	0
#212	DATAMGR_LOGOUT	0	0	0	0	18	90	0	0
#214	DATAMGR_SAVE_CHAR	0	0	0	0	2305	15328780	0	0
#215	DATAMGR_DEL_CHAR	0	0	0	0	1	9	0	0
#222	DATAMGR_WRITE_HOUSE	0	0	0	0	1024	18910714	0	0
#224	DATAMGR_GET_HOUSE	19	260688	0.000162	0.000009	19	358	0	0
#225	DATAMGR_HELLO	0	0	0	0	1	3	0	0
#233		20	2584	0.000000	0.000000	20	204	0	0
#236		19	1876	0.000002	0.000000	910	32110	0	0

	Total)	143289	751672	0.662463	0.000005	71077	40071466	252798	800

Slowest Msg #184 took  0.000170 seconds.
Total process time =  1059.774688
Total run time =          56513