Msg#	Message	Count	Inbound	Total_Time	Average_Time	Count	Outbound	Acked	Naked
#1	CLIENT_CONNECTED	380	0	0.000013	0.000000	0	0	0	0
#2	CLIENT_HUNG_UP	363	0	0.000333	0.000001	0	0	0	0
#14	PLAYER_CHECK_LOGIN	401	9840	0.000015	0.000000	401	11171	0	0
#15	SECURITY	372	0	0.000001	0.000000	0	0	0	0
#16	INN_LOGIN	372	4464	0.000007	0.000000	0	0	0	0
#17	SERVER_PING	32483	129932	0.000568	0.000000	32483	0	519728	0
#18	PLAYER_QUERY_CHARACTERS	372	0	0.000080	0.000000	372	681754	0	0
#21	PLAYER_LOGIN	0	0	0	0	372	0	5952	0
#22	PLAYER_LOGOUT	107	0	0.000000	0.000000	0	0	0	0
#24	PLAYER_SYSTEM_MSG	0	0	0	0	492	51398	0	0
#25	PLAYER_ACK	0	0	0	0	136662	3790147	0	0
#26	PLAYER_NAK	0	0	0	0	1431	22896	0	0
#32	PLAYER_CHANGE_ROOM	4204	50448	0.001222	0.000000	337	0	0	5392
#33	PLAYER_NEW_ROOM	0	0	0	0	14949	23794114	0	0
#37	PLAYER_ROOM_CHAT	9423	254360	0.001831	0.000000	0	0	0	0
#38	PLAYER_TEXT	0	0	0	0	94176	5706346	0	0
#41	PLAYER_MOVIE	76535	1996164	0.001871	0.000000	76507	0	1224112	0
#42	PLAYER_MOVIE_DATA	0	0	0	0	629385	96932176	0	0
#45	PLAYER_DESTROY_OBJECT	0	0	0	0	52476	926676	0	0
#48	PLAYER_CREATE_CHARACTER	8	204	0.000003	0.000000	8	0	2478	0
#49	PLAYER_DESTROY_CHARACTER	1	4	0.000000	0.000000	1	0	16	0
#52	PLAYER_SHIFT_ROOM	11119	44476	0.002534	0.000000	76	0	819	592
#55	PLAYER_GET_BIOGRAPHY	526	2104	0.000011	0.000000	526	0	37918	0
#56	PLAYER_SET_BIOGRAPHY	8	480	0.000002	0.000000	8	0	128	0
#57	PLAYER_GET_DESCRIPTION	687	2748	0.000046	0.000000	687	0	251706	0
#58	PLAYER_GET_EXTENDED_PROPS	628	2512	0.000033	0.000000	628	0	205964	0
#59	PLAYER_SET_HEAD_DATA	8	160	0.000001	0.000000	8	0	128	0
#61	PLAYER_WHO	0	0	0	0	72	6484	0	0
#69	COMBAT_EXIT	5998	0	0.000192	0.000000	12456	134036	95968	0
#71	GET_SHOP_INFO	169	676	0.000023	0.000000	169	0	980378	0
#73	SHOP_EXAMINE	11	88	0.000001	0.000000	11	0	2810	0
#74	SHOP_SELL	42	336	0.000024	0.000001	42	0	672	0
#75	SHOP_GET_PRICE	51	408	0.000002	0.000000	51	0	816	0
#76	MONEY_DROP	12	96	0.000002	0.000000	12	0	192	0
#78	MONEY_GIVE	11	132	0.000012	0.000001	11	0	160	16
#79	MONEY_TAKE	547	2188	0.000056	0.000000	547	0	8656	96
#80	CAST_SPELL	6041	96656	0.000986	0.000000	6022	0	95920	432
#81	PLAYER_INFO	0	0	0	0	720	32514	0	0
#84	FATAL_DATA	32	15104	0.000013	0.000000	32	0	512	0
#87	GROUP_JOIN	219	876	0.000007	0.000000	730	11587	12410	240
#88	GROUP_LEAVE	27	0	0.000001	0.000000	544	6721	416	16
#90	OLD_SECURITY	206	1648	0.000007	0.000000	208	13664	0	0
#92	GET_POSN	360	1440	0.000011	0.000000	360	0	9360	0
#94	GET_HOUSE	104	1356	0.000004	0.000000	104	0	0	1664
#95	GET_ENTRY_INFO	883	3532	0.000026	0.000000	883	0	19561	4032
#98	LOGIN_UPDATE	0	0	0	0	396	4356	0	0
#101	SHOP_RECHARGE	2	16	0.000000	0.000000	2	0	32	0
#102	SHOP_GET_RECHARGE_PRICE	4	32	0.000000	0.000000	4	0	64	0
#103	SET_TITLE	7	192	0.000005	0.000001	7	0	112	0
#104	TREE_GET	2	8	0.000000	0.000000	2	0	290	0
#105	TREE_CHOOSE_TOPIC	2	8	0.000000	0.000000	2	0	240	0
#107	TREE_BACK	1	0	0.000000	0.000000	1	0	146	0
#108	QUEST_ACCEPT	2	8	0.000000	0.000000	2	0	220	0
#110	GET_QUEST_LIST	1	0	0.000000	0.000000	1	0	53	0
#112	COMBAT_ACTION	15630	164276	0.000278	0.000000	0	0	0	0
#114	WHATS_NEW	1	0	0.000000	0.000000	1	87	0	0
#115	SET_ENGRAVE_NAME	63	1052	0.000001	0.000000	0	0	0	0
#116	GET_LOOK_INFO	268	1072	0.000029	0.000000	268	0	80610	0
#126	MASS_SELL	64	2460	0.000019	0.000000	64	0	4720	0
#127	MASS_BUY	127	4088	0.000019	0.000000	127	0	18287	0
#128	GET_SELL_PRICES	74	296	0.000004	0.000000	74	0	15362	0
#130	PLAYER_CHARACTER_LOGIN	360	1440	0.000076	0.000000	360	0	18267	0
#131	GET_REPAIR_PRICES	95	380	0.000005	0.000000	95	0	4025	480
#132	MASS_REPAIR	61	1892	0.000002	0.000000	61	0	976	0
#135	MAIL_LIST_GET	0	0	0	0	360	0	6587	4704
#145		13384	400776	0.000281	0.000000	0	0	0	0
#150	VERB_GET	4129	64584	0.002322	0.000001	4129	0	64656	1408
#151	VERB_DROP	498	6080	0.000055	0.000000	498	0	7888	80
#152	VERB_PUT_IN	677	9448	0.000087	0.000000	677	0	10656	176
#153	VERB_PUT_ON	735	8884	0.000074	0.000000	735	0	10480	1280
#154	VERB_TAKE_OFF	516	6212	0.000044	0.000000	516	0	8256	0
#155	VERB_OPEN	738	14540	0.000099	0.000000	738	0	11072	736
#156	VERB_CLOSE	24	388	0.000001	0.000000	24	0	384	0
#157	VERB_LOCK	7	192	0.000000	0.000000	7	0	112	0
#158	VERB_UNLOCK	158	4540	0.000023	0.000000	158	0	2448	80
#160	VERB_ENGAGE	2059	33592	0.000239	0.000000	2059	0	32544	400
#161	VERB_CONSUME	171	2052	0.000023	0.000000	171	0	2736	0
#162	VERB_SIT	18	216	0.000001	0.000000	18	0	288	0
#163	VERB_STAND	6	72	0.000000	0.000000	6	0	96	0
#164	VERB_GIVE	311	5084	0.000330	0.000001	311	0	4784	192
#165	VERB_MEMORIZE	458	5496	0.000040	0.000000	458	0	6448	880
#167	VERB_USE	3	36	0.000000	0.000000	3	0	48	0
#169	VERB_DYE	30	360	0.000003	0.000000	30	0	480	0
#180	NPC_PULSE	228891	0	-1.372110	-0.000006	0	0	0	0
#182	COMBAT_PULSE	228891	0	0.010820	0.000000	0	0	0	0
#184	PROCESS_AFFECT_PULSE	3814	0	0.347302	0.000091	0	0	0	0
#185	CHAR_DOIT_PULSE	254	0	0.000007	0.000000	0	0	0	0
#186	HEAL_PULSE	1907	0	0.000095	0.000000	0	0	0	0
#188	MONSTER_PULSE	1907	0	0.000853	0.000000	0	0	0	0
#189	MAINTENANCE_PULSE	1907	0	0.000002	0.000000	0	0	0	0
#193	TOSS_DEAD_HOUSES	7629	0	0.000545	0.000000	0	0	0	0
#194	DUNGEON_QUEUE_PULSE	15259	0	0.007706	0.000001	0	0	0	0
#196	AMBUSH_PULSE	45778	0	0.001608	0.000000	0	0	0	0
#197		3814	0	0.021053	0.000006	0	0	0	0
#210	DATAMGR_LOG_PERMANENT	0	0	0	0	196	7857	0	0
#211	DATAMGR_LOGIN	396	3123044	0.002056	0.000005	396	12101	0	0
#212	DATAMGR_LOGOUT	0	0	0	0	355	1775	0	0
#213	DATAMGR_NEW_CHAR	8	160	0.000004	0.000001	8	10088	0	0
#214	DATAMGR_SAVE_CHAR	0	0	0	0	36582	275037860	0	0
#215	DATAMGR_DEL_CHAR	0	0	0	0	1	9	0	0
#218	DATAMGR_REVOKE	0	0	0	0	12	72	0	0
#219	DATAMGR_GAG	0	0	0	0	6	36	0	0
#221	DATAMGR_NEW_HOUSE	0	0	0	0	8	17288	0	0
#222	DATAMGR_WRITE_HOUSE	0	0	0	0	6912	113057327	0	0
#224	DATAMGR_GET_HOUSE	292	5516212	0.003754	0.000013	292	5628	0	0
#225	DATAMGR_HELLO	0	0	0	0	1	3	0	0
#231		1	84	0.000000	0.000000	1	5	0	0
#232		0	0	0	0	63	2032	0	0
#233		360	8104	0.000004	0.000000	360	3600	0	0
#234		0	0	0	0	5	45	0	0
#236		364	19580	0.000010	0.000000	16308	522507	0	0

	Total)	734868	12029388	-0.962288	-0.000001	1138830	520804360	3790147	22896

Slowest Msg #184 took  0.000139 seconds.
Total process time =  322.283567
Total run time =         228892