Msg#	Message	Count	Inbound	Total_Time	Average_Time	Count	Outbound	Acked	Naked
#1	CLIENT_CONNECTED	16	0	0.000001	0.000000	0	0	0	0
#2	CLIENT_HUNG_UP	15	0	0.000014	0.000001	0	0	0	0
#14	PLAYER_CHECK_LOGIN	16	376	0.000001	0.000000	16	436	0	0
#15	SECURITY	15	0	0.000000	0.000000	0	0	0	0
#16	INN_LOGIN	15	180	0.000000	0.000000	0	0	0	0
#17	SERVER_PING	292	1168	0.000005	0.000000	292	0	4672	0
#18	PLAYER_QUERY_CHARACTERS	15	0	0.000003	0.000000	15	43361	0	0
#21	PLAYER_LOGIN	0	0	0	0	15	0	240	0
#22	PLAYER_LOGOUT	2	0	0.000000	0.000000	0	0	0	0
#24	PLAYER_SYSTEM_MSG	0	0	0	0	24	4314	0	0
#25	PLAYER_ACK	0	0	0	0	4523	1162565	0	0
#26	PLAYER_NAK	0	0	0	0	82	1312	0	0
#32	PLAYER_CHANGE_ROOM	122	1464	0.000018	0.000000	17	0	0	272
#33	PLAYER_NEW_ROOM	0	0	0	0	540	457031	0	0
#37	PLAYER_ROOM_CHAT	106	1260	0.000009	0.000000	0	0	0	0
#38	PLAYER_TEXT	0	0	0	0	349	19308	0	0
#41	PLAYER_MOVIE	2425	63192	0.000056	0.000000	2425	0	38800	0
#42	PLAYER_MOVIE_DATA	0	0	0	0	18466	712766	0	0
#45	PLAYER_DESTROY_OBJECT	0	0	0	0	1157	22149	0	0
#48	PLAYER_CREATE_CHARACTER	1	24	0.000001	0.000001	1	0	499	0
#49	PLAYER_DESTROY_CHARACTER	1	4	0.000001	0.000001	1	0	16	0
#52	PLAYER_SHIFT_ROOM	436	1744	0.000074	0.000000	2	0	21	16
#55	PLAYER_GET_BIOGRAPHY	32	128	0.000001	0.000000	32	0	2336	0
#56	PLAYER_SET_BIOGRAPHY	1	60	0.000000	0.000000	1	0	16	0
#57	PLAYER_GET_DESCRIPTION	20	80	0.000001	0.000000	20	0	7278	0
#58	PLAYER_GET_EXTENDED_PROPS	31	124	0.000001	0.000000	31	0	10999	0
#59	PLAYER_SET_HEAD_DATA	1	20	0.000000	0.000000	1	0	16	0
#61	PLAYER_WHO	0	0	0	0	1	32	0	0
#69	COMBAT_EXIT	168	0	0.000005	0.000000	338	4348	2688	0
#71	GET_SHOP_INFO	54	216	0.000037	0.000001	54	0	1030961	0
#73	SHOP_EXAMINE	33	264	0.000003	0.000000	33	0	8691	0
#76	MONEY_DROP	1	8	0.000000	0.000000	1	0	0	16
#79	MONEY_TAKE	1	4	0.000000	0.000000	1	0	16	0
#80	CAST_SPELL	56	896	0.000007	0.000000	56	0	896	0
#81	PLAYER_INFO	0	0	0	0	78	3017	0	0
#84	FATAL_DATA	2	736	0.000001	0.000000	2	0	32	0
#92	GET_POSN	15	60	0.000000	0.000000	15	0	390	0
#94	GET_HOUSE	9	108	0.000001	0.000000	9	0	0	144
#95	GET_ENTRY_INFO	55	220	0.000002	0.000000	55	0	1457	128
#98	LOGIN_UPDATE	0	0	0	0	16	176	0	0
#103	SET_TITLE	8	196	0.000004	0.000000	8	0	128	0
#104	TREE_GET	2	8	0.000000	0.000000	2	0	388	0
#105	TREE_CHOOSE_TOPIC	1	4	0.000000	0.000000	1	0	523	0
#108	QUEST_ACCEPT	1	4	0.000000	0.000000	1	0	138	0
#112	COMBAT_ACTION	304	2496	0.000007	0.000000	0	0	0	0
#116	GET_LOOK_INFO	16	64	0.000001	0.000000	16	0	4572	0
#126	MASS_SELL	18	756	0.000010	0.000001	18	0	1450	0
#127	MASS_BUY	42	1872	0.000012	0.000000	42	0	16450	0
#128	GET_SELL_PRICES	20	80	0.000002	0.000000	20	0	9116	0
#130	PLAYER_CHARACTER_LOGIN	15	60	0.000008	0.000001	15	0	421	0
#131	GET_REPAIR_PRICES	3	12	0.000000	0.000000	3	0	139	0
#132	MASS_REPAIR	3	68	0.000000	0.000000	3	0	48	0
#135	MAIL_LIST_GET	0	0	0	0	15	0	0	240
#145		49	592	0.000001	0.000000	0	0	0	0
#150	VERB_GET	197	3316	0.000123	0.000001	197	0	3072	80
#151	VERB_DROP	41	492	0.000006	0.000000	41	0	656	0
#152	VERB_PUT_IN	216	2592	0.000025	0.000000	216	0	3456	0
#153	VERB_PUT_ON	232	2784	0.000019	0.000000	232	0	3472	240
#154	VERB_TAKE_OFF	215	2580	0.000016	0.000000	215	0	3440	0
#155	VERB_OPEN	51	1116	0.000003	0.000000	51	0	736	80
#158	VERB_UNLOCK	17	440	0.000003	0.000000	17	0	272	0
#160	VERB_ENGAGE	160	2560	0.000019	0.000000	160	0	2544	16
#161	VERB_CONSUME	40	524	0.000010	0.000000	40	0	640	0
#164	VERB_GIVE	1	12	0.000001	0.000001	1	0	16	0
#165	VERB_MEMORIZE	11	132	0.000002	0.000000	11	0	96	80
#167	VERB_USE	1	12	0.000000	0.000000	1	0	16	0
#169	VERB_DYE	47	564	0.000009	0.000000	47	0	752	0
#180	NPC_PULSE	24892	0	0.257526	0.000010	0	0	0	0
#182	COMBAT_PULSE	24892	0	0.000187	0.000000	0	0	0	0
#184	PROCESS_AFFECT_PULSE	414	0	0.035487	0.000086	0	0	0	0
#185	CHAR_DOIT_PULSE	27	0	0.000000	0.000000	0	0	0	0
#186	HEAL_PULSE	207	0	0.000007	0.000000	0	0	0	0
#188	MONSTER_PULSE	207	0	0.000134	0.000001	0	0	0	0
#189	MAINTENANCE_PULSE	207	0	0.000000	0.000000	0	0	0	0
#193	TOSS_DEAD_HOUSES	829	0	0.000007	0.000000	0	0	0	0
#194	DUNGEON_QUEUE_PULSE	1659	0	0.000303	0.000000	0	0	0	0
#196	AMBUSH_PULSE	4978	0	0.000221	0.000000	0	0	0	0
#197		414	0	0.000154	0.000000	0	0	0	0
#210	DATAMGR_LOG_PERMANENT	0	0	0	0	49	1492	0	0
#211	DATAMGR_LOGIN	16	167948	0.000059	0.000004	16	477	0	0
#212	DATAMGR_LOGOUT	0	0	0	0	14	70	0	0
#213	DATAMGR_NEW_CHAR	1	20	0.000001	0.000001	1	2004	0	0
#214	DATAMGR_SAVE_CHAR	0	0	0	0	468	3939517	0	0
#215	DATAMGR_DEL_CHAR	0	0	0	0	1	9	0	0
#221	DATAMGR_NEW_HOUSE	0	0	0	0	1	2159	0	0
#222	DATAMGR_WRITE_HOUSE	0	0	0	0	63	152136	0	0
#224	DATAMGR_GET_HOUSE	11	25768	0.000006	0.000001	11	196	0	0
#225	DATAMGR_HELLO	0	0	0	0	1	3	0	0
#233		15	120	0.000000	0.000000	15	150	0	0
#236		15	424	0.000000	0.000000	230	5840	0	0

	Total)	64451	289952	0.294616	0.000005	30912	6534868	1162565	1312

Slowest Msg #180 took  0.000158 seconds.
Total process time =  443.481901
Total run time =          24893