Msg#	Message	Count	Inbound	Total_Time	Average_Time	Count	Outbound	Acked	Naked
#1	CLIENT_CONNECTED	21	0	0.000001	0.000000	0	0	0	0
#2	CLIENT_HUNG_UP	18	0	0.000017	0.000001	0	0	0	0
#14	PLAYER_CHECK_LOGIN	23	612	0.000001	0.000000	23	673	0	0
#15	SECURITY	21	0	0.000000	0.000000	0	0	0	0
#16	INN_LOGIN	21	252	0.000000	0.000000	0	0	0	0
#17	SERVER_PING	1252	5008	0.000019	0.000000	1252	0	20032	0
#18	PLAYER_QUERY_CHARACTERS	21	0	0.000003	0.000000	21	47987	0	0
#21	PLAYER_LOGIN	0	0	0	0	21	0	336	0
#22	PLAYER_LOGOUT	7	0	0.000000	0.000000	0	0	0	0
#24	PLAYER_SYSTEM_MSG	0	0	0	0	18	2478	0	0
#25	PLAYER_ACK	0	0	0	0	6351	149406	0	0
#26	PLAYER_NAK	0	0	0	0	40	640	0	0
#32	PLAYER_CHANGE_ROOM	157	1884	0.000039	0.000000	4	0	0	64
#33	PLAYER_NEW_ROOM	0	0	0	0	667	1173439	0	0
#37	PLAYER_ROOM_CHAT	290	6116	0.000041	0.000000	0	0	0	0
#38	PLAYER_TEXT	0	0	0	0	1850	99045	0	0
#41	PLAYER_MOVIE	3409	89584	0.000080	0.000000	3405	0	54480	0
#42	PLAYER_MOVIE_DATA	0	0	0	0	28384	2549679	0	0
#45	PLAYER_DESTROY_OBJECT	0	0	0	0	2350	42438	0	0
#52	PLAYER_SHIFT_ROOM	522	2088	0.000109	0.000000	9	0	21	128
#55	PLAYER_GET_BIOGRAPHY	17	68	0.000000	0.000000	17	0	927	0
#57	PLAYER_GET_DESCRIPTION	85	340	0.000005	0.000000	85	0	27839	0
#58	PLAYER_GET_EXTENDED_PROPS	29	116	0.000001	0.000000	29	0	9907	0
#61	PLAYER_WHO	0	0	0	0	8	387	0	0
#69	COMBAT_EXIT	507	0	0.000016	0.000000	1062	10662	8112	0
#71	GET_SHOP_INFO	1	4	0.000000	0.000000	1	0	83	0
#74	SHOP_SELL	3	24	0.000002	0.000001	3	0	48	0
#75	SHOP_GET_PRICE	3	24	0.000000	0.000000	3	0	48	0
#79	MONEY_TAKE	166	664	0.000017	0.000000	166	0	2656	0
#80	CAST_SPELL	253	4048	0.000040	0.000000	253	0	4048	0
#81	PLAYER_INFO	0	0	0	0	40	1820	0	0
#87	GROUP_JOIN	12	48	0.000000	0.000000	36	564	609	16
#88	GROUP_LEAVE	2	0	0.000000	0.000000	21	247	32	0
#90	OLD_SECURITY	11	88	0.000000	0.000000	11	717	0	0
#92	GET_POSN	20	80	0.000001	0.000000	20	0	520	0
#94	GET_HOUSE	3	36	0.000000	0.000000	3	0	0	48
#95	GET_ENTRY_INFO	28	112	0.000001	0.000000	28	0	713	80
#98	LOGIN_UPDATE	0	0	0	0	23	253	0	0
#112	COMBAT_ACTION	1608	15928	0.000027	0.000000	0	0	0	0
#114	WHATS_NEW	2	0	0.000000	0.000000	2	98817	0	0
#115	SET_ENGRAVE_NAME	4	88	0.000000	0.000000	0	0	0	0
#116	GET_LOOK_INFO	9	36	0.000001	0.000000	9	0	2807	0
#126	MASS_SELL	2	36	0.000000	0.000000	2	0	66	0
#127	MASS_BUY	1	16	0.000000	0.000000	1	0	270	0
#128	GET_SELL_PRICES	3	12	0.000000	0.000000	3	0	187	0
#130	PLAYER_CHARACTER_LOGIN	20	80	0.000005	0.000000	20	0	3197	0
#135	MAIL_LIST_GET	0	0	0	0	20	0	1766	48
#136	MAIL_MESSAGE_GET	2	8	0.000000	0.000000	2	0	2734	0
#145		1070	45892	0.000019	0.000000	0	0	0	0
#150	VERB_GET	148	2232	0.000056	0.000000	148	0	2336	32
#151	VERB_DROP	44	536	0.000003	0.000000	44	0	688	16
#152	VERB_PUT_IN	15	188	0.000002	0.000000	15	0	240	0
#153	VERB_PUT_ON	35	420	0.000003	0.000000	35	0	480	80
#154	VERB_TAKE_OFF	29	348	0.000002	0.000000	29	0	464	0
#155	VERB_OPEN	27	496	0.000004	0.000000	27	0	432	0
#156	VERB_CLOSE	3	36	0.000000	0.000000	3	0	48	0
#158	VERB_UNLOCK	9	248	0.000001	0.000000	9	0	144	0
#160	VERB_ENGAGE	192	3076	0.000019	0.000000	192	0	2976	96
#161	VERB_CONSUME	4	48	0.000001	0.000000	4	0	64	0
#164	VERB_GIVE	4	76	0.000001	0.000000	4	0	32	32
#165	VERB_MEMORIZE	1	12	0.000000	0.000000	1	0	16	0
#169	VERB_DYE	3	36	0.000001	0.000000	3	0	48	0
#180	NPC_PULSE	19377	0	0.158862	0.000008	0	0	0	0
#182	COMBAT_PULSE	19377	0	0.000313	0.000000	0	0	0	0
#184	PROCESS_AFFECT_PULSE	322	0	0.021417	0.000067	0	0	0	0
#185	CHAR_DOIT_PULSE	21	0	0.000000	0.000000	0	0	0	0
#186	HEAL_PULSE	161	0	0.000005	0.000000	0	0	0	0
#188	MONSTER_PULSE	161	0	0.000135	0.000001	0	0	0	0
#189	MAINTENANCE_PULSE	161	0	0.000000	0.000000	0	0	0	0
#193	TOSS_DEAD_HOUSES	645	0	0.000035	0.000000	0	0	0	0
#194	DUNGEON_QUEUE_PULSE	1291	0	0.000136	0.000000	0	0	0	0
#196	AMBUSH_PULSE	3875	0	0.000161	0.000000	0	0	0	0
#197		322	0	0.000546	0.000002	0	0	0	0
#210	DATAMGR_LOG_PERMANENT	0	0	0	0	26	1051	0	0
#211	DATAMGR_LOGIN	23	215536	0.000089	0.000004	23	787	0	0
#212	DATAMGR_LOGOUT	0	0	0	0	18	90	0	0
#214	DATAMGR_SAVE_CHAR	0	0	0	0	1364	9141201	0	0
#222	DATAMGR_WRITE_HOUSE	0	0	0	0	95	1852815	0	0
#224	DATAMGR_GET_HOUSE	16	271284	0.000107	0.000007	16	313	0	0
#225	DATAMGR_HELLO	0	0	0	0	1	3	0	0
#231		2	98656	0.000001	0.000000	2	10	0	0
#232		0	0	0	0	4	172	0	0
#233		22	4304	0.000000	0.000000	22	228	0	0
#236		21	3348	0.000001	0.000000	1091	50354	0	0

	Total)	55934	774172	0.182352	0.000003	49439	15226276	149406	640

Slowest Msg #184 took  0.000099 seconds.
Total process time =  242.029791
Total run time =          19378