Msg#	Message	Count	Inbound	Total_Time	Average_Time	Count	Outbound	Acked	Naked
#1	CLIENT_CONNECTED	23	0	0.000001	0.000000	0	0	0	0
#2	CLIENT_HUNG_UP	18	0	0.000025	0.000001	0	0	0	0
#14	PLAYER_CHECK_LOGIN	23	512	0.000001	0.000000	23	483	0	0
#15	SECURITY	23	0	0.000000	0.000000	0	0	0	0
#16	INN_LOGIN	23	276	0.000000	0.000000	0	0	0	0
#17	SERVER_PING	938	3752	0.000017	0.000000	938	0	15008	0
#18	PLAYER_QUERY_CHARACTERS	23	0	0.000007	0.000000	23	77685	0	0
#21	PLAYER_LOGIN	0	0	0	0	23	0	368	0
#24	PLAYER_SYSTEM_MSG	0	0	0	0	8	856	0	0
#25	PLAYER_ACK	0	0	0	0	6307	157910	0	0
#26	PLAYER_NAK	0	0	0	0	70	1120	0	0
#32	PLAYER_CHANGE_ROOM	155	1860	0.000061	0.000000	12	0	0	192
#33	PLAYER_NEW_ROOM	0	0	0	0	628	912720	0	0
#37	PLAYER_ROOM_CHAT	98	960	0.000008	0.000000	0	0	0	0
#38	PLAYER_TEXT	0	0	0	0	1095	50759	0	0
#41	PLAYER_MOVIE	3663	92280	0.000110	0.000000	3663	0	58608	0
#42	PLAYER_MOVIE_DATA	0	0	0	0	25813	3755693	0	0
#45	PLAYER_DESTROY_OBJECT	0	0	0	0	1965	35497	0	0
#52	PLAYER_SHIFT_ROOM	486	1944	0.000125	0.000000	4	0	63	16
#55	PLAYER_GET_BIOGRAPHY	16	64	0.000000	0.000000	16	0	1168	0
#57	PLAYER_GET_DESCRIPTION	88	352	0.000008	0.000000	88	0	33861	0
#58	PLAYER_GET_EXTENDED_PROPS	31	124	0.000002	0.000000	31	0	10927	0
#61	PLAYER_WHO	0	0	0	0	6	255	0	0
#69	COMBAT_EXIT	340	0	0.000013	0.000000	683	6346	5440	0
#71	GET_SHOP_INFO	3	12	0.000001	0.000000	3	0	5560	0
#79	MONEY_TAKE	17	68	0.000003	0.000000	17	0	272	0
#80	CAST_SPELL	265	4240	0.000056	0.000000	265	0	4240	0
#81	PLAYER_INFO	0	0	0	0	162	6043	0	0
#87	GROUP_JOIN	10	40	0.000000	0.000000	28	441	461	32
#88	GROUP_LEAVE	0	0	0	0	12	156	0	0
#90	OLD_SECURITY	8	64	0.000000	0.000000	8	529	0	0
#92	GET_POSN	23	92	0.000001	0.000000	23	0	598	0
#94	GET_HOUSE	12	168	0.000001	0.000000	12	0	0	192
#95	GET_ENTRY_INFO	27	108	0.000001	0.000000	27	0	713	64
#98	LOGIN_UPDATE	0	0	0	0	23	253	0	0
#110	GET_QUEST_LIST	1	0	0.000000	0.000000	1	0	19	0
#112	COMBAT_ACTION	612	6224	0.000015	0.000000	0	0	0	0
#114	WHATS_NEW	1	0	0.000000	0.000000	1	12018	0	0
#116	GET_LOOK_INFO	8	32	0.000001	0.000000	8	0	2533	0
#126	MASS_SELL	4	728	0.000005	0.000001	4	0	1444	0
#127	MASS_BUY	3	108	0.000001	0.000000	3	0	392	0
#128	GET_SELL_PRICES	4	16	0.000000	0.000000	4	0	1548	0
#130	PLAYER_CHARACTER_LOGIN	23	92	0.000016	0.000001	23	0	1428	0
#131	GET_REPAIR_PRICES	3	12	0.000000	0.000000	3	0	139	0
#132	MASS_REPAIR	3	68	0.000000	0.000000	3	0	48	0
#135	MAIL_LIST_GET	0	0	0	0	23	0	0	368
#145		457	14908	0.000011	0.000000	0	0	0	0
#150	VERB_GET	437	6932	0.000216	0.000000	437	0	6912	80
#151	VERB_DROP	15	180	0.000009	0.000001	15	0	208	32
#152	VERB_PUT_IN	39	540	0.000006	0.000000	39	0	624	0
#153	VERB_PUT_ON	18	216	0.000003	0.000000	18	0	272	16
#154	VERB_TAKE_OFF	8	96	0.000001	0.000000	8	0	128	0
#155	VERB_OPEN	39	736	0.000013	0.000000	39	0	608	16
#156	VERB_CLOSE	12	160	0.000002	0.000000	12	0	192	0
#157	VERB_LOCK	1	32	0.000000	0.000000	1	0	16	0
#158	VERB_UNLOCK	5	128	0.000000	0.000000	5	0	80	0
#160	VERB_ENGAGE	233	3728	0.000026	0.000000	233	0	3680	48
#161	VERB_CONSUME	2	24	0.000000	0.000000	2	0	32	0
#164	VERB_GIVE	10	176	0.000015	0.000002	10	0	112	48
#165	VERB_MEMORIZE	14	168	0.000002	0.000000	14	0	208	16
#180	NPC_PULSE	22841	0	0.283589	0.000012	0	0	0	0
#182	COMBAT_PULSE	22841	0	0.000423	0.000000	0	0	0	0
#184	PROCESS_AFFECT_PULSE	380	0	0.035123	0.000092	0	0	0	0
#185	CHAR_DOIT_PULSE	25	0	0.000001	0.000000	0	0	0	0
#186	HEAL_PULSE	190	0	0.000007	0.000000	0	0	0	0
#188	MONSTER_PULSE	190	0	0.000145	0.000001	0	0	0	0
#189	MAINTENANCE_PULSE	190	0	0.000000	0.000000	0	0	0	0
#193	TOSS_DEAD_HOUSES	761	0	0.000046	0.000000	0	0	0	0
#194	DUNGEON_QUEUE_PULSE	1522	0	0.000175	0.000000	0	0	0	0
#196	AMBUSH_PULSE	4568	0	0.000278	0.000000	0	0	0	0
#197		380	0	0.000506	0.000001	0	0	0	0
#210	DATAMGR_LOG_PERMANENT	0	0	0	0	4	150	0	0
#211	DATAMGR_LOGIN	23	368032	0.000181	0.000008	23	680	0	0
#212	DATAMGR_LOGOUT	0	0	0	0	18	90	0	0
#214	DATAMGR_SAVE_CHAR	0	0	0	0	1189	8538401	0	0
#222	DATAMGR_WRITE_HOUSE	0	0	0	0	126	3068428	0	0
#224	DATAMGR_GET_HOUSE	18	329444	0.000131	0.000007	18	388	0	0
#225	DATAMGR_HELLO	0	0	0	0	1	3	0	0
#231		1	12000	0.000000	0.000000	1	5	0	0
#233		23	184	0.000000	0.000000	23	230	0	0
#236		23	1472	0.000002	0.000000	934	29884	0	0

	Total)	62241	853352	0.321391	0.000005	45219	16657023	157910	1120

Slowest Msg #184 took  0.000134 seconds.
Total process time =  448.651200
Total run time =          22842