Msg#	Message	Count	Inbound	Total_Time	Average_Time	Count	Outbound	Acked	Naked
#1	CLIENT_CONNECTED	6	0	0.000000	0.000000	0	0	0	0
#2	CLIENT_HUNG_UP	2	0	0.000001	0.000001	0	0	0	0
#14	PLAYER_CHECK_LOGIN	6	128	0.000000	0.000000	6	126	0	0
#15	SECURITY	6	0	0.000000	0.000000	0	0	0	0
#16	INN_LOGIN	6	72	0.000000	0.000000	0	0	0	0
#17	SERVER_PING	123	492	0.000002	0.000000	123	0	1968	0
#18	PLAYER_QUERY_CHARACTERS	6	0	0.000001	0.000000	6	9582	0	0
#21	PLAYER_LOGIN	0	0	0	0	6	0	96	0
#22	PLAYER_LOGOUT	1	0	0.000000	0.000000	0	0	0	0
#24	PLAYER_SYSTEM_MSG	0	0	0	0	2	191	0	0
#25	PLAYER_ACK	0	0	0	0	1461	98978	0	0
#26	PLAYER_NAK	0	0	0	0	12	192	0	0
#32	PLAYER_CHANGE_ROOM	30	360	0.000006	0.000000	0	0	0	0
#33	PLAYER_NEW_ROOM	0	0	0	0	213	235229	0	0
#37	PLAYER_ROOM_CHAT	63	1124	0.000012	0.000000	0	0	0	0
#38	PLAYER_TEXT	0	0	0	0	312	15869	0	0
#41	PLAYER_MOVIE	951	25044	0.000021	0.000000	947	0	15152	0
#42	PLAYER_MOVIE_DATA	0	0	0	0	6104	633410	0	0
#45	PLAYER_DESTROY_OBJECT	0	0	0	0	584	10720	0	0
#52	PLAYER_SHIFT_ROOM	187	748	0.000035	0.000000	4	0	0	64
#55	PLAYER_GET_BIOGRAPHY	2	8	0.000000	0.000000	2	0	146	0
#57	PLAYER_GET_DESCRIPTION	10	40	0.000001	0.000000	10	0	3507	0
#58	PLAYER_GET_EXTENDED_PROPS	6	24	0.000000	0.000000	6	0	2115	0
#61	PLAYER_WHO	0	0	0	0	6	177	0	0
#69	COMBAT_EXIT	45	0	0.000001	0.000000	109	1224	720	0
#71	GET_SHOP_INFO	2	8	0.000001	0.000001	2	0	69162	0
#79	MONEY_TAKE	7	28	0.000001	0.000000	7	0	112	0
#80	CAST_SPELL	30	480	0.000004	0.000000	30	0	480	0
#81	PLAYER_INFO	0	0	0	0	35	1219	0	0
#84	FATAL_DATA	1	496	0.000000	0.000000	1	0	16	0
#87	GROUP_JOIN	1	4	0.000000	0.000000	3	41	42	0
#90	OLD_SECURITY	1	8	0.000000	0.000000	1	62	0	0
#92	GET_POSN	5	20	0.000000	0.000000	5	0	130	0
#94	GET_HOUSE	1	12	0.000000	0.000000	1	0	0	16
#95	GET_ENTRY_INFO	7	28	0.000000	0.000000	7	0	217	0
#98	LOGIN_UPDATE	0	0	0	0	6	66	0	0
#112	COMBAT_ACTION	137	1256	0.000003	0.000000	0	0	0	0
#114	WHATS_NEW	1	0	0.000000	0.000000	1	13979	0	0
#116	GET_LOOK_INFO	1	4	0.000000	0.000000	1	0	250	0
#126	MASS_SELL	2	48	0.000002	0.000001	2	0	90	0
#127	MASS_BUY	2	84	0.000000	0.000000	0	0	0	0
#128	GET_SELL_PRICES	3	12	0.000000	0.000000	3	0	283	0
#130	PLAYER_CHARACTER_LOGIN	5	20	0.000001	0.000000	5	0	291	0
#131	GET_REPAIR_PRICES	1	4	0.000000	0.000000	1	0	89	0
#132	MASS_REPAIR	1	44	0.000000	0.000000	1	0	16	0
#135	MAIL_LIST_GET	0	0	0	0	5	0	0	80
#145		84	2692	0.000001	0.000000	0	0	0	0
#150	VERB_GET	183	3072	0.000108	0.000001	183	0	2928	0
#151	VERB_DROP	2	24	0.000000	0.000000	2	0	16	16
#152	VERB_PUT_IN	7	92	0.000000	0.000000	7	0	112	0
#153	VERB_PUT_ON	7	84	0.000001	0.000000	7	0	96	16
#154	VERB_TAKE_OFF	3	36	0.000000	0.000000	3	0	48	0
#155	VERB_OPEN	8	176	0.000001	0.000000	8	0	128	0
#160	VERB_ENGAGE	34	544	0.000004	0.000000	34	0	544	0
#167	VERB_USE	13	156	0.000001	0.000000	13	0	208	0
#169	VERB_DYE	1	12	0.000000	0.000000	1	0	16	0
#180	NPC_PULSE	2731	0	0.027105	0.000010	0	0	0	0
#182	COMBAT_PULSE	2731	0	0.000087	0.000000	0	0	0	0
#184	PROCESS_AFFECT_PULSE	45	0	0.003477	0.000077	0	0	0	0
#185	CHAR_DOIT_PULSE	3	0	0.000000	0.000000	0	0	0	0
#186	HEAL_PULSE	22	0	0.000001	0.000000	0	0	0	0
#188	MONSTER_PULSE	22	0	0.000029	0.000001	0	0	0	0
#189	MAINTENANCE_PULSE	22	0	0.000000	0.000000	0	0	0	0
#193	TOSS_DEAD_HOUSES	91	0	0.000008	0.000000	0	0	0	0
#194	DUNGEON_QUEUE_PULSE	182	0	0.000008	0.000000	0	0	0	0
#196	AMBUSH_PULSE	546	0	0.000025	0.000000	0	0	0	0
#197		45	0	0.000061	0.000001	0	0	0	0
#210	DATAMGR_LOG_PERMANENT	0	0	0	0	19	760	0	0
#211	DATAMGR_LOGIN	6	46508	0.000018	0.000003	6	173	0	0
#212	DATAMGR_LOGOUT	0	0	0	0	2	10	0	0
#214	DATAMGR_SAVE_CHAR	0	0	0	0	299	2477803	0	0
#222	DATAMGR_WRITE_HOUSE	0	0	0	0	63	375991	0	0
#224	DATAMGR_GET_HOUSE	5	59352	0.000026	0.000005	5	82	0	0
#225	DATAMGR_HELLO	0	0	0	0	1	3	0	0
#231		1	13960	0.000000	0.000000	1	5	0	0
#233		5	40	0.000000	0.000000	5	50	0	0
#236		5	324	0.000000	0.000000	303	9338	0	0

	Total)	8462	157668	0.031055	0.000004	10992	3885280	98978	192

Slowest Msg #184 took  0.000101 seconds.
Total process time =  42.891893
Total run time =           2732