Msg#	Message	Count	Inbound	Total_Time	Average_Time	Count	Outbound	Acked	Naked
#1	CLIENT_CONNECTED	29	0	0.000001	0.000000	0	0	0	0
#2	CLIENT_HUNG_UP	23	0	0.000027	0.000001	0	0	0	0
#14	PLAYER_CHECK_LOGIN	29	812	0.000001	0.000000	29	609	0	0
#15	SECURITY	29	0	0.000000	0.000000	0	0	0	0
#16	INN_LOGIN	29	348	0.000001	0.000000	0	0	0	0
#17	SERVER_PING	513	2052	0.000012	0.000000	513	0	8208	0
#18	PLAYER_QUERY_CHARACTERS	29	0	0.000008	0.000000	29	93885	0	0
#21	PLAYER_LOGIN	0	0	0	0	29	0	464	0
#24	PLAYER_SYSTEM_MSG	0	0	0	0	19	2610	0	0
#25	PLAYER_ACK	0	0	0	0	3768	411174	0	0
#26	PLAYER_NAK	0	0	0	0	44	704	0	0
#32	PLAYER_CHANGE_ROOM	207	2484	0.000075	0.000000	4	0	0	64
#33	PLAYER_NEW_ROOM	0	0	0	0	408	776954	0	0
#37	PLAYER_ROOM_CHAT	254	5560	0.000058	0.000000	0	0	0	0
#38	PLAYER_TEXT	0	0	0	0	740	37013	0	0
#41	PLAYER_MOVIE	1858	46176	0.000063	0.000000	1858	0	29728	0
#42	PLAYER_MOVIE_DATA	0	0	0	0	17032	1343749	0	0
#45	PLAYER_DESTROY_OBJECT	0	0	0	0	1216	21560	0	0
#52	PLAYER_SHIFT_ROOM	205	820	0.000057	0.000000	2	0	42	0
#55	PLAYER_GET_BIOGRAPHY	62	248	0.000002	0.000000	62	0	3086	0
#57	PLAYER_GET_DESCRIPTION	54	216	0.000005	0.000000	54	0	24948	0
#58	PLAYER_GET_EXTENDED_PROPS	50	200	0.000003	0.000000	50	0	17831	0
#61	PLAYER_WHO	0	0	0	0	2	84	0	0
#69	COMBAT_EXIT	162	0	0.000008	0.000000	336	3928	2592	0
#71	GET_SHOP_INFO	22	88	0.000014	0.000001	22	0	289037	0
#73	SHOP_EXAMINE	8	64	0.000001	0.000000	8	0	2824	0
#74	SHOP_SELL	2	16	0.000001	0.000001	2	0	32	0
#75	SHOP_GET_PRICE	2	16	0.000000	0.000000	2	0	32	0
#78	MONEY_GIVE	1	12	0.000002	0.000002	1	0	16	0
#79	MONEY_TAKE	24	96	0.000003	0.000000	24	0	384	0
#80	CAST_SPELL	382	6112	0.000084	0.000000	382	0	6112	0
#81	PLAYER_INFO	0	0	0	0	38	1710	0	0
#87	GROUP_JOIN	3	12	0.000000	0.000000	10	160	169	0
#88	GROUP_LEAVE	0	0	0	0	9	117	0	0
#90	OLD_SECURITY	3	24	0.000000	0.000000	3	194	0	0
#92	GET_POSN	19	76	0.000001	0.000000	19	0	494	0
#94	GET_HOUSE	10	120	0.000001	0.000000	10	0	0	160
#95	GET_ENTRY_INFO	38	152	0.000002	0.000000	38	0	1116	32
#98	LOGIN_UPDATE	0	0	0	0	29	319	0	0
#112	COMBAT_ACTION	291	3640	0.000008	0.000000	0	0	0	0
#114	WHATS_NEW	6	0	0.000000	0.000000	6	287528	0	0
#115	SET_ENGRAVE_NAME	14	308	0.000000	0.000000	0	0	0	0
#116	GET_LOOK_INFO	31	124	0.000005	0.000000	31	0	9238	0
#127	MASS_BUY	19	536	0.000005	0.000000	19	0	2395	0
#130	PLAYER_CHARACTER_LOGIN	19	76	0.000014	0.000001	19	0	1288	0
#131	GET_REPAIR_PRICES	3	12	0.000000	0.000000	3	0	171	0
#132	MASS_REPAIR	3	84	0.000000	0.000000	3	0	48	0
#135	MAIL_LIST_GET	0	0	0	0	19	0	970	128
#136	MAIL_MESSAGE_GET	2	8	0.000000	0.000000	2	0	2733	0
#145		580	20508	0.000015	0.000000	0	0	0	0
#150	VERB_GET	131	2024	0.000057	0.000000	131	0	2096	0
#151	VERB_DROP	48	592	0.000006	0.000000	48	0	768	0
#152	VERB_PUT_IN	3	36	0.000001	0.000000	3	0	48	0
#153	VERB_PUT_ON	70	840	0.000008	0.000000	70	0	912	208
#154	VERB_TAKE_OFF	40	480	0.000005	0.000000	40	0	640	0
#155	VERB_OPEN	48	940	0.000009	0.000000	48	0	656	112
#156	VERB_CLOSE	9	136	0.000001	0.000000	9	0	144	0
#158	VERB_UNLOCK	6	200	0.000001	0.000000	6	0	96	0
#160	VERB_ENGAGE	64	1024	0.000010	0.000000	64	0	1024	0
#161	VERB_CONSUME	2	24	0.000000	0.000000	2	0	32	0
#164	VERB_GIVE	7	116	0.000008	0.000001	7	0	112	0
#165	VERB_MEMORIZE	35	420	0.000005	0.000000	35	0	560	0
#169	VERB_DYE	8	96	0.000002	0.000000	8	0	128	0
#180	NPC_PULSE	3998	0	0.052548	0.000013	0	0	0	0
#182	COMBAT_PULSE	3998	0	0.000133	0.000000	0	0	0	0
#184	PROCESS_AFFECT_PULSE	66	0	0.006247	0.000095	0	0	0	0
#185	CHAR_DOIT_PULSE	4	0	0.000000	0.000000	0	0	0	0
#186	HEAL_PULSE	33	0	0.000003	0.000000	0	0	0	0
#188	MONSTER_PULSE	33	0	0.000024	0.000001	0	0	0	0
#189	MAINTENANCE_PULSE	33	0	0.000000	0.000000	0	0	0	0
#193	TOSS_DEAD_HOUSES	133	0	0.000028	0.000000	0	0	0	0
#194	DUNGEON_QUEUE_PULSE	266	0	0.000126	0.000000	0	0	0	0
#196	AMBUSH_PULSE	799	0	0.000069	0.000000	0	0	0	0
#197		66	0	0.000382	0.000006	0	0	0	0
#210	DATAMGR_LOG_PERMANENT	0	0	0	0	31	1751	0	0
#211	DATAMGR_LOGIN	29	433128	0.000186	0.000006	29	975	0	0
#212	DATAMGR_LOGOUT	0	0	0	0	23	115	0	0
#214	DATAMGR_SAVE_CHAR	0	0	0	0	583	3114064	0	0
#222	DATAMGR_WRITE_HOUSE	0	0	0	0	267	4291929	0	0
#224	DATAMGR_GET_HOUSE	21	220544	0.000118	0.000006	21	398	0	0
#225	DATAMGR_HELLO	0	0	0	0	1	3	0	0
#231		6	287048	0.000002	0.000000	6	30	0	0
#232		0	0	0	0	14	589	0	0
#233		21	3612	0.000001	0.000000	21	218	0	0
#236		19	1248	0.000001	0.000000	599	22326	0	0

	Total)	15011	1043508	0.060460	0.000004	28960	10414696	411174	704

Slowest Msg #184 took  0.000133 seconds.
Total process time =  113.817178
Total run time =           3999