Msg#	Message	Count	Inbound	Total_Time	Average_Time	Count	Outbound	Acked	Naked
#1	CLIENT_CONNECTED	79	0	0.000003	0.000000	0	0	0	0
#2	CLIENT_HUNG_UP	62	0	0.000059	0.000001	0	0	0	0
#14	PLAYER_CHECK_LOGIN	85	2052	0.000004	0.000000	85	2557	0	0
#15	SECURITY	77	0	0.000000	0.000000	0	0	0	0
#16	INN_LOGIN	77	924	0.000001	0.000000	0	0	0	0
#17	SERVER_PING	5377	21508	0.000076	0.000000	5377	0	86032	0
#18	PLAYER_QUERY_CHARACTERS	77	0	0.000016	0.000000	77	157837	0	0
#21	PLAYER_LOGIN	0	0	0	0	77	0	1232	0
#22	PLAYER_LOGOUT	14	0	0.000000	0.000000	0	0	0	0
#24	PLAYER_SYSTEM_MSG	0	0	0	0	16	2455	0	0
#25	PLAYER_ACK	0	0	0	0	27474	726401	0	0
#26	PLAYER_NAK	0	0	0	0	219	3504	0	0
#32	PLAYER_CHANGE_ROOM	789	9468	0.000208	0.000000	27	0	0	432
#33	PLAYER_NEW_ROOM	0	0	0	0	2855	3982650	0	0
#37	PLAYER_ROOM_CHAT	757	16700	0.000108	0.000000	0	0	0	0
#38	PLAYER_TEXT	0	0	0	0	4873	264901	0	0
#41	PLAYER_MOVIE	15697	393208	0.000358	0.000000	15696	0	251136	0
#42	PLAYER_MOVIE_DATA	0	0	0	0	97554	12945242	0	0
#45	PLAYER_DESTROY_OBJECT	0	0	0	0	8206	147778	0	0
#48	PLAYER_CREATE_CHARACTER	3	72	0.000001	0.000000	3	0	971	0
#52	PLAYER_SHIFT_ROOM	2097	8388	0.000452	0.000000	17	0	273	64
#55	PLAYER_GET_BIOGRAPHY	108	432	0.000002	0.000000	108	0	7811	16
#56	PLAYER_SET_BIOGRAPHY	3	180	0.000000	0.000000	3	0	48	0
#57	PLAYER_GET_DESCRIPTION	200	800	0.000013	0.000000	200	0	88495	0
#58	PLAYER_GET_EXTENDED_PROPS	131	524	0.000008	0.000000	131	0	41173	0
#59	PLAYER_SET_HEAD_DATA	3	60	0.000000	0.000000	3	0	48	0
#61	PLAYER_WHO	0	0	0	0	11	1258	0	0
#69	COMBAT_EXIT	1385	0	0.000043	0.000000	2790	28286	22160	0
#71	GET_SHOP_INFO	32	128	0.000006	0.000000	32	0	118308	0
#74	SHOP_SELL	1	8	0.000001	0.000001	1	0	16	0
#75	SHOP_GET_PRICE	1	8	0.000000	0.000000	1	0	16	0
#77	MONEY_PUT	2	24	0.000000	0.000000	2	0	32	0
#78	MONEY_GIVE	2	24	0.000002	0.000001	2	0	32	0
#79	MONEY_TAKE	230	920	0.000026	0.000000	230	0	3632	48
#80	CAST_SPELL	1186	18976	0.000204	0.000000	1186	0	18960	16
#81	PLAYER_INFO	0	0	0	0	154	7006	0	0
#84	FATAL_DATA	2	868	0.000001	0.000000	2	0	32	0
#87	GROUP_JOIN	40	160	0.000001	0.000000	129	2265	2350	0
#88	GROUP_LEAVE	0	0	0	0	56	728	0	0
#90	OLD_SECURITY	37	296	0.000001	0.000000	40	2640	0	0
#92	GET_POSN	77	308	0.000002	0.000000	77	0	2002	0
#94	GET_HOUSE	28	372	0.000001	0.000000	28	0	0	448
#95	GET_ENTRY_INFO	179	716	0.000005	0.000000	179	0	4805	384
#98	LOGIN_UPDATE	0	0	0	0	81	891	0	0
#104	TREE_GET	12	48	0.000001	0.000000	12	0	4017	0
#105	TREE_CHOOSE_TOPIC	8	32	0.000000	0.000000	8	0	2022	0
#106	TREE_GET_TEXT	4	16	0.000000	0.000000	4	0	476	0
#107	TREE_BACK	4	0	0.000000	0.000000	4	0	1336	0
#108	QUEST_ACCEPT	3	12	0.000000	0.000000	3	0	162	0
#110	GET_QUEST_LIST	2	0	0.000000	0.000000	2	0	67	0
#112	COMBAT_ACTION	2482	27712	0.000047	0.000000	0	0	0	0
#114	WHATS_NEW	3	0	0.000000	0.000000	3	33864	0	0
#115	SET_ENGRAVE_NAME	4	56	0.000000	0.000000	0	0	0	0
#116	GET_LOOK_INFO	53	212	0.000007	0.000000	53	0	15945	0
#126	MASS_SELL	21	1068	0.000012	0.000001	21	0	2073	0
#127	MASS_BUY	22	476	0.000003	0.000000	22	0	1814	0
#128	GET_SELL_PRICES	24	96	0.000001	0.000000	24	0	2872	0
#130	PLAYER_CHARACTER_LOGIN	77	308	0.000025	0.000000	77	0	4747	0
#131	GET_REPAIR_PRICES	21	84	0.000001	0.000000	21	0	808	80
#132	MASS_REPAIR	16	396	0.000000	0.000000	16	0	256	0
#135	MAIL_LIST_GET	0	0	0	0	77	0	434	1104
#145		2626	89460	0.000047	0.000000	0	0	0	0
#150	VERB_GET	1010	16120	0.000486	0.000000	1010	0	16048	112
#151	VERB_DROP	79	948	0.000007	0.000000	79	0	1264	0
#152	VERB_PUT_IN	146	1928	0.000013	0.000000	146	0	2144	192
#153	VERB_PUT_ON	88	1056	0.000010	0.000000	88	0	1312	96
#154	VERB_TAKE_OFF	63	764	0.000008	0.000000	63	0	1008	0
#155	VERB_OPEN	168	3244	0.000026	0.000000	168	0	2544	144
#156	VERB_CLOSE	21	320	0.000001	0.000000	21	0	336	0
#158	VERB_UNLOCK	46	1292	0.000006	0.000000	46	0	736	0
#160	VERB_ENGAGE	801	12896	0.000082	0.000000	801	0	12704	112
#161	VERB_CONSUME	42	504	0.000006	0.000000	42	0	672	0
#162	VERB_SIT	2	24	0.000000	0.000000	2	0	32	0
#163	VERB_STAND	1	12	0.000000	0.000000	1	0	16	0
#164	VERB_GIVE	31	480	0.000028	0.000001	31	0	464	32
#165	VERB_MEMORIZE	29	348	0.000003	0.000000	29	0	272	192
#167	VERB_USE	13	156	0.000004	0.000000	13	0	208	0
#169	VERB_DYE	5	60	0.000001	0.000000	5	0	48	32
#180	NPC_PULSE	45275	0	0.468794	0.000010	0	0	0	0
#182	COMBAT_PULSE	45275	0	0.001439	0.000000	0	0	0	0
#184	PROCESS_AFFECT_PULSE	754	0	0.060817	0.000081	0	0	0	0
#185	CHAR_DOIT_PULSE	50	0	0.000001	0.000000	0	0	0	0
#186	HEAL_PULSE	377	0	0.000019	0.000000	0	0	0	0
#188	MONSTER_PULSE	377	0	0.000222	0.000001	0	0	0	0
#189	MAINTENANCE_PULSE	377	0	0.000000	0.000000	0	0	0	0
#193	TOSS_DEAD_HOUSES	1509	0	0.000098	0.000000	0	0	0	0
#194	DUNGEON_QUEUE_PULSE	3018	0	0.000590	0.000000	0	0	0	0
#196	AMBUSH_PULSE	9055	0	0.000384	0.000000	0	0	0	0
#197		754	0	0.002328	0.000003	0	0	0	0
#210	DATAMGR_LOG_PERMANENT	0	0	0	0	4	132	0	0
#211	DATAMGR_LOGIN	81	748476	0.000308	0.000004	81	2505	0	0
#212	DATAMGR_LOGOUT	0	0	0	0	60	300	0	0
#213	DATAMGR_NEW_CHAR	3	60	0.000002	0.000001	3	3972	0	0
#214	DATAMGR_SAVE_CHAR	0	0	0	0	6358	43616015	0	0
#221	DATAMGR_NEW_HOUSE	0	0	0	0	3	6483	0	0
#222	DATAMGR_WRITE_HOUSE	0	0	0	0	845	10485617	0	0
#224	DATAMGR_GET_HOUSE	62	600464	0.000238	0.000004	62	1262	0	0
#225	DATAMGR_HELLO	0	0	0	0	1	3	0	0
#231		3	33820	0.000000	0.000000	3	15	0	0
#232		0	0	0	0	4	139	0	0
#233		77	892	0.000001	0.000000	77	770	0	0
#236		77	4864	0.000006	0.000000	4325	148464	0	0

	Total)	143889	2025828	0.537679	0.000004	182720	72575940	726401	3504

Slowest Msg #184 took  0.000112 seconds.
Total process time =  689.378087
Total run time =          45276