Msg#	Message	Count	Inbound	Total_Time	Average_Time	Count	Outbound	Acked	Naked
#1	CLIENT_CONNECTED	12	0	0.000000	0.000000	0	0	0	0
#2	CLIENT_HUNG_UP	10	0	0.000006	0.000001	0	0	0	0
#14	PLAYER_CHECK_LOGIN	15	280	0.000001	0.000000	15	605	0	0
#15	SECURITY	12	0	0.000000	0.000000	0	0	0	0
#16	INN_LOGIN	12	144	0.000000	0.000000	0	0	0	0
#17	SERVER_PING	145	580	0.000002	0.000000	145	0	2320	0
#18	PLAYER_QUERY_CHARACTERS	12	0	0.000001	0.000000	12	8732	0	0
#21	PLAYER_LOGIN	0	0	0	0	12	0	192	0
#22	PLAYER_LOGOUT	5	0	0.000000	0.000000	0	0	0	0
#24	PLAYER_SYSTEM_MSG	0	0	0	0	7	1360	0	0
#25	PLAYER_ACK	0	0	0	0	2067	1265412	0	0
#26	PLAYER_NAK	0	0	0	0	74	1184	0	0
#32	PLAYER_CHANGE_ROOM	65	780	0.000006	0.000000	3	0	0	48
#33	PLAYER_NEW_ROOM	0	0	0	0	166	102906	0	0
#37	PLAYER_ROOM_CHAT	95	1516	0.000012	0.000000	0	0	0	0
#38	PLAYER_TEXT	0	0	0	0	137	7808	0	0
#41	PLAYER_MOVIE	924	23332	0.000017	0.000000	924	0	14784	0
#42	PLAYER_MOVIE_DATA	0	0	0	0	7230	220644	0	0
#45	PLAYER_DESTROY_OBJECT	0	0	0	0	359	7207	0	0
#48	PLAYER_CREATE_CHARACTER	4	100	0.000002	0.000000	4	0	1367	16
#52	PLAYER_SHIFT_ROOM	107	428	0.000009	0.000000	4	0	21	48
#55	PLAYER_GET_BIOGRAPHY	28	112	0.000001	0.000000	28	0	4240	0
#56	PLAYER_SET_BIOGRAPHY	10	1888	0.000002	0.000000	10	0	160	0
#57	PLAYER_GET_DESCRIPTION	12	48	0.000001	0.000000	12	0	4081	0
#58	PLAYER_GET_EXTENDED_PROPS	26	104	0.000001	0.000000	26	0	9176	0
#59	PLAYER_SET_HEAD_DATA	3	60	0.000000	0.000000	3	0	48	0
#61	PLAYER_WHO	0	0	0	0	1	51	0	0
#69	COMBAT_EXIT	30	0	0.000001	0.000000	60	560	480	0
#71	GET_SHOP_INFO	40	160	0.000028	0.000001	40	0	1189253	0
#73	SHOP_EXAMINE	22	176	0.000002	0.000000	22	0	6120	0
#80	CAST_SPELL	36	576	0.000004	0.000000	36	0	576	0
#81	PLAYER_INFO	0	0	0	0	60	2172	0	0
#92	GET_POSN	12	48	0.000000	0.000000	12	0	312	0
#94	GET_HOUSE	9	120	0.000000	0.000000	9	0	0	144
#95	GET_ENTRY_INFO	32	128	0.000001	0.000000	32	0	899	48
#98	LOGIN_UPDATE	0	0	0	0	15	165	0	0
#103	SET_TITLE	7	112	0.000002	0.000000	7	0	112	0
#112	COMBAT_ACTION	44	460	0.000001	0.000000	0	0	0	0
#115	SET_ENGRAVE_NAME	10	124	0.000000	0.000000	0	0	0	0
#116	GET_LOOK_INFO	14	56	0.000001	0.000000	14	0	4307	0
#126	MASS_SELL	7	940	0.000004	0.000001	7	0	1859	0
#127	MASS_BUY	28	1568	0.000007	0.000000	28	0	12358	0
#128	GET_SELL_PRICES	9	36	0.000000	0.000000	9	0	1903	32
#130	PLAYER_CHARACTER_LOGIN	12	48	0.000001	0.000000	12	0	300	0
#135	MAIL_LIST_GET	0	0	0	0	12	0	0	192
#150	VERB_GET	68	1008	0.000023	0.000000	68	0	928	160
#151	VERB_DROP	33	396	0.000002	0.000000	33	0	528	0
#152	VERB_PUT_IN	5	60	0.000000	0.000000	5	0	80	0
#153	VERB_PUT_ON	266	3220	0.000016	0.000000	266	0	3792	464
#154	VERB_TAKE_OFF	231	2804	0.000012	0.000000	231	0	3696	0
#155	VERB_OPEN	16	356	0.000001	0.000000	16	0	256	0
#156	VERB_CLOSE	2	24	0.000000	0.000000	2	0	32	0
#158	VERB_UNLOCK	1	24	0.000000	0.000000	1	0	16	0
#160	VERB_ENGAGE	31	512	0.000002	0.000000	31	0	496	0
#161	VERB_CONSUME	12	144	0.000001	0.000000	12	0	192	0
#165	VERB_MEMORIZE	7	84	0.000001	0.000000	7	0	80	32
#169	VERB_DYE	28	336	0.000002	0.000000	28	0	448	0
#180	NPC_PULSE	8469	0	0.005556	0.000001	0	0	0	0
#182	COMBAT_PULSE	8469	0	0.000017	0.000000	0	0	0	0
#184	PROCESS_AFFECT_PULSE	141	0	0.000644	0.000005	0	0	0	0
#185	CHAR_DOIT_PULSE	9	0	0.000000	0.000000	0	0	0	0
#186	HEAL_PULSE	70	0	0.000000	0.000000	0	0	0	0
#188	MONSTER_PULSE	70	0	0.000005	0.000000	0	0	0	0
#189	MAINTENANCE_PULSE	70	0	0.000000	0.000000	0	0	0	0
#193	TOSS_DEAD_HOUSES	282	0	0.000004	0.000000	0	0	0	0
#194	DUNGEON_QUEUE_PULSE	564	0	0.000017	0.000000	0	0	0	0
#196	AMBUSH_PULSE	1693	0	0.000011	0.000000	0	0	0	0
#197		141	0	0.000067	0.000000	0	0	0	0
#210	DATAMGR_LOG_PERMANENT	0	0	0	0	279	16916	0	0
#211	DATAMGR_LOGIN	15	33892	0.000011	0.000001	15	388	0	0
#212	DATAMGR_LOGOUT	0	0	0	0	10	50	0	0
#213	DATAMGR_NEW_CHAR	3	60	0.000001	0.000000	3	5545	0	0
#214	DATAMGR_SAVE_CHAR	0	0	0	0	238	1279339	0	0
#221	DATAMGR_NEW_HOUSE	0	0	0	0	3	6477	0	0
#222	DATAMGR_WRITE_HOUSE	0	0	0	0	125	298996	0	0
#224	DATAMGR_GET_HOUSE	10	25352	0.000005	0.000000	10	188	0	0
#225	DATAMGR_HELLO	0	0	0	0	1	3	0	0
#232		0	0	0	0	10	240	0	0
#233		12	96	0.000000	0.000000	12	120	0	0
#236		12	288	0.000000	0.000000	12	120	0	0

	Total)	22539	102580	0.006511	0.000000	13032	3227188	1265412	1184

Slowest Msg #180 took  0.000010 seconds.
Total process time =  45.317699
Total run time =           8470