Msg#	Message	Count	Inbound	Total_Time	Average_Time	Count	Outbound	Acked	Naked
#1	CLIENT_CONNECTED	14	0	0.000000	0.000000	0	0	0	0
#2	CLIENT_HUNG_UP	5	0	0.000004	0.000001	0	0	0	0
#14	PLAYER_CHECK_LOGIN	17	456	0.000001	0.000000	17	645	0	0
#15	SECURITY	14	0	0.000000	0.000000	0	0	0	0
#16	INN_LOGIN	14	168	0.000000	0.000000	0	0	0	0
#17	SERVER_PING	774	3096	0.000012	0.000000	774	0	12384	0
#18	PLAYER_QUERY_CHARACTERS	14	0	0.000002	0.000000	14	24070	0	0
#21	PLAYER_LOGIN	0	0	0	0	14	0	224	0
#22	PLAYER_LOGOUT	2	0	0.000000	0.000000	0	0	0	0
#24	PLAYER_SYSTEM_MSG	0	0	0	0	29	3348	0	0
#25	PLAYER_ACK	0	0	0	0	5173	279146	0	0
#26	PLAYER_NAK	0	0	0	0	44	704	0	0
#32	PLAYER_CHANGE_ROOM	129	1548	0.000031	0.000000	2	0	0	32
#33	PLAYER_NEW_ROOM	0	0	0	0	1062	1122413	0	0
#37	PLAYER_ROOM_CHAT	571	18156	0.000093	0.000000	0	0	0	0
#38	PLAYER_TEXT	0	0	0	0	4081	249027	0	0
#41	PLAYER_MOVIE	3337	103848	0.000072	0.000000	3337	0	53392	0
#42	PLAYER_MOVIE_DATA	0	0	0	0	21504	1481309	0	0
#45	PLAYER_DESTROY_OBJECT	0	0	0	0	1135	20239	0	0
#48	PLAYER_CREATE_CHARACTER	3	68	0.000003	0.000001	3	0	1420	0
#52	PLAYER_SHIFT_ROOM	937	3748	0.000150	0.000000	5	0	63	32
#55	PLAYER_GET_BIOGRAPHY	28	112	0.000001	0.000000	28	0	2044	0
#56	PLAYER_SET_BIOGRAPHY	3	180	0.000001	0.000000	3	0	48	0
#57	PLAYER_GET_DESCRIPTION	79	316	0.000005	0.000000	79	0	25714	0
#58	PLAYER_GET_EXTENDED_PROPS	28	112	0.000001	0.000000	28	0	7942	0
#59	PLAYER_SET_HEAD_DATA	3	60	0.000001	0.000000	3	0	48	0
#61	PLAYER_WHO	0	0	0	0	12	760	0	0
#69	COMBAT_EXIT	100	0	0.000003	0.000000	205	2070	1600	0
#71	GET_SHOP_INFO	17	68	0.000003	0.000000	17	0	151467	0
#73	SHOP_EXAMINE	3	24	0.000000	0.000000	3	0	610	0
#74	SHOP_SELL	2	16	0.000003	0.000001	2	0	32	0
#75	SHOP_GET_PRICE	2	16	0.000000	0.000000	2	0	32	0
#78	MONEY_GIVE	2	24	0.000001	0.000000	2	0	16	16
#79	MONEY_TAKE	5	20	0.000000	0.000000	5	0	80	0
#80	CAST_SPELL	222	3552	0.000029	0.000000	222	0	3552	0
#81	PLAYER_INFO	0	0	0	0	28	1260	0	0
#84	FATAL_DATA	1	468	0.000001	0.000001	1	0	16	0
#87	GROUP_JOIN	9	36	0.000000	0.000000	17	234	257	32
#88	GROUP_LEAVE	3	0	0.000000	0.000000	10	91	48	0
#90	OLD_SECURITY	7	56	0.000000	0.000000	8	480	0	0
#92	GET_POSN	14	56	0.000000	0.000000	14	0	364	0
#94	GET_HOUSE	6	72	0.000000	0.000000	6	0	0	96
#95	GET_ENTRY_INFO	22	88	0.000001	0.000000	22	0	682	0
#98	LOGIN_UPDATE	0	0	0	0	16	176	0	0
#110	GET_QUEST_LIST	1	0	0.000000	0.000000	1	0	19	0
#112	COMBAT_ACTION	304	2528	0.000004	0.000000	0	0	0	0
#114	WHATS_NEW	1	0	0.000000	0.000000	1	87	0	0
#116	GET_LOOK_INFO	14	56	0.000001	0.000000	14	0	4126	0
#126	MASS_SELL	2	40	0.000001	0.000000	2	0	74	0
#127	MASS_BUY	11	864	0.000003	0.000000	11	0	3716	0
#128	GET_SELL_PRICES	2	8	0.000000	0.000000	2	0	154	0
#130	PLAYER_CHARACTER_LOGIN	14	56	0.000002	0.000000	14	0	807	0
#131	GET_REPAIR_PRICES	4	16	0.000000	0.000000	4	0	130	32
#132	MASS_REPAIR	2	64	0.000000	0.000000	2	0	32	0
#135	MAIL_LIST_GET	0	0	0	0	14	0	837	144
#145		316	10616	0.000006	0.000000	0	0	0	0
#150	VERB_GET	141	2132	0.000046	0.000000	141	0	2208	48
#151	VERB_DROP	26	320	0.000002	0.000000	26	0	400	16
#152	VERB_PUT_IN	21	252	0.000002	0.000000	21	0	336	0
#153	VERB_PUT_ON	30	360	0.000002	0.000000	30	0	432	48
#154	VERB_TAKE_OFF	19	228	0.000001	0.000000	19	0	304	0
#155	VERB_OPEN	21	428	0.000008	0.000000	21	0	336	0
#156	VERB_CLOSE	1	12	0.000000	0.000000	1	0	16	0
#160	VERB_ENGAGE	49	784	0.000004	0.000000	49	0	784	0
#161	VERB_CONSUME	6	72	0.000000	0.000000	6	0	96	0
#162	VERB_SIT	7	84	0.000000	0.000000	7	0	112	0
#163	VERB_STAND	5	60	0.000000	0.000000	5	0	80	0
#164	VERB_GIVE	11	184	0.000010	0.000001	11	0	160	16
#165	VERB_MEMORIZE	133	1596	0.000010	0.000000	133	0	1936	192
#169	VERB_DYE	1	12	0.000000	0.000000	1	0	16	0
#180	NPC_PULSE	7497	0	0.083050	0.000011	0	0	0	0
#182	COMBAT_PULSE	7497	0	0.000122	0.000000	0	0	0	0
#184	PROCESS_AFFECT_PULSE	124	0	0.009586	0.000077	0	0	0	0
#185	CHAR_DOIT_PULSE	8	0	0.000000	0.000000	0	0	0	0
#186	HEAL_PULSE	62	0	0.000002	0.000000	0	0	0	0
#188	MONSTER_PULSE	62	0	0.000016	0.000000	0	0	0	0
#189	MAINTENANCE_PULSE	62	0	0.000000	0.000000	0	0	0	0
#193	TOSS_DEAD_HOUSES	249	0	0.000029	0.000000	0	0	0	0
#194	DUNGEON_QUEUE_PULSE	499	0	0.000008	0.000000	0	0	0	0
#196	AMBUSH_PULSE	1499	0	0.000048	0.000000	0	0	0	0
#197		124	0	0.000607	0.000005	0	0	0	0
#210	DATAMGR_LOG_PERMANENT	0	0	0	0	26	1125	0	0
#211	DATAMGR_LOGIN	16	105412	0.000063	0.000004	16	528	0	0
#212	DATAMGR_LOGOUT	0	0	0	0	5	25	0	0
#213	DATAMGR_NEW_CHAR	3	60	0.000002	0.000001	3	6272	0	0
#214	DATAMGR_SAVE_CHAR	0	0	0	0	892	6231014	0	0
#221	DATAMGR_NEW_HOUSE	0	0	0	0	3	6471	0	0
#222	DATAMGR_WRITE_HOUSE	0	0	0	0	209	6493359	0	0
#224	DATAMGR_GET_HOUSE	20	505516	0.000295	0.000015	20	387	0	0
#225	DATAMGR_HELLO	0	0	0	0	1	3	0	0
#231		1	84	0.000000	0.000000	1	5	0	0
#233		14	848	0.000000	0.000000	14	140	0	0
#234		0	0	0	0	2	18	0	0
#236		14	956	0.000001	0.000000	330	11434	0	0

	Total)	25280	770012	0.094348	0.000004	39985	15936840	279146	704

Slowest Msg #180 took  0.000102 seconds.
Total process time =  134.664278
Total run time =           7498