Msg#	Message	Count	Inbound	Total_Time	Average_Time	Count	Outbound	Acked	Naked
#1	CLIENT_CONNECTED	3	0	0.000000	0.000000	0	0	0	0
#2	CLIENT_HUNG_UP	2	0	0.000001	0.000000	0	0	0	0
#14	PLAYER_CHECK_LOGIN	3	68	0.000000	0.000000	3	63	0	0
#15	SECURITY	3	0	0.000000	0.000000	0	0	0	0
#16	INN_LOGIN	3	36	0.000000	0.000000	0	0	0	0
#17	SERVER_PING	120	480	0.000002	0.000000	120	0	1920	0
#18	PLAYER_QUERY_CHARACTERS	3	0	0.000000	0.000000	3	1539	0	0
#21	PLAYER_LOGIN	0	0	0	0	3	0	48	0
#22	PLAYER_LOGOUT	1	0	0.000000	0.000000	0	0	0	0
#24	PLAYER_SYSTEM_MSG	0	0	0	0	4	633	0	0
#25	PLAYER_ACK	0	0	0	0	913	41956	0	0
#26	PLAYER_NAK	0	0	0	0	8	128	0	0
#32	PLAYER_CHANGE_ROOM	19	228	0.000002	0.000000	3	0	0	48
#33	PLAYER_NEW_ROOM	0	0	0	0	100	65454	0	0
#37	PLAYER_ROOM_CHAT	25	236	0.000002	0.000000	0	0	0	0
#38	PLAYER_TEXT	0	0	0	0	91	4957	0	0
#41	PLAYER_MOVIE	653	15516	0.000019	0.000000	653	0	10448	0
#42	PLAYER_MOVIE_DATA	0	0	0	0	1698	77922	0	0
#45	PLAYER_DESTROY_OBJECT	0	0	0	0	133	2425	0	0
#52	PLAYER_SHIFT_ROOM	85	340	0.000008	0.000000	3	0	42	16
#55	PLAYER_GET_BIOGRAPHY	4	16	0.000000	0.000000	4	0	292	0
#57	PLAYER_GET_DESCRIPTION	5	20	0.000000	0.000000	5	0	770	0
#58	PLAYER_GET_EXTENDED_PROPS	5	20	0.000000	0.000000	5	0	1760	0
#61	PLAYER_WHO	0	0	0	0	7	115	0	0
#69	COMBAT_EXIT	33	0	0.000001	0.000000	70	690	528	0
#71	GET_SHOP_INFO	8	32	0.000001	0.000000	8	0	23000	0
#73	SHOP_EXAMINE	2	16	0.000000	0.000000	2	0	899	0
#80	CAST_SPELL	9	144	0.000001	0.000000	9	0	144	0
#81	PLAYER_INFO	0	0	0	0	6	310	0	0
#92	GET_POSN	3	12	0.000000	0.000000	3	0	78	0
#94	GET_HOUSE	1	12	0.000000	0.000000	1	0	0	16
#95	GET_ENTRY_INFO	7	28	0.000000	0.000000	7	0	217	0
#98	LOGIN_UPDATE	0	0	0	0	3	33	0	0
#112	COMBAT_ACTION	67	1000	0.000002	0.000000	0	0	0	0
#116	GET_LOOK_INFO	2	8	0.000000	0.000000	2	0	520	0
#126	MASS_SELL	2	40	0.000000	0.000000	2	0	74	0
#127	MASS_BUY	4	88	0.000000	0.000000	4	0	263	0
#128	GET_SELL_PRICES	2	8	0.000000	0.000000	2	0	106	0
#130	PLAYER_CHARACTER_LOGIN	3	12	0.000000	0.000000	3	0	75	0
#135	MAIL_LIST_GET	0	0	0	0	3	0	52	32
#145		62	796	0.000001	0.000000	0	0	0	0
#150	VERB_GET	3	60	0.000001	0.000000	3	0	48	0
#153	VERB_PUT_ON	1	12	0.000000	0.000000	1	0	16	0
#154	VERB_TAKE_OFF	1	12	0.000000	0.000000	1	0	16	0
#155	VERB_OPEN	5	136	0.000000	0.000000	5	0	80	0
#156	VERB_CLOSE	1	12	0.000000	0.000000	1	0	16	0
#160	VERB_ENGAGE	24	384	0.000002	0.000000	24	0	368	16
#161	VERB_CONSUME	4	48	0.000000	0.000000	4	0	64	0
#165	VERB_MEMORIZE	7	84	0.000001	0.000000	7	0	112	0
#180	NPC_PULSE	11498	0	0.103434	0.000009	0	0	0	0
#182	COMBAT_PULSE	11498	0	0.000023	0.000000	0	0	0	0
#184	PROCESS_AFFECT_PULSE	191	0	0.013465	0.000070	0	0	0	0
#185	CHAR_DOIT_PULSE	12	0	0.000000	0.000000	0	0	0	0
#186	HEAL_PULSE	95	0	0.000003	0.000000	0	0	0	0
#188	MONSTER_PULSE	95	0	0.000032	0.000000	0	0	0	0
#189	MAINTENANCE_PULSE	95	0	0.000000	0.000000	0	0	0	0
#193	TOSS_DEAD_HOUSES	383	0	0.000001	0.000000	0	0	0	0
#194	DUNGEON_QUEUE_PULSE	766	0	0.000043	0.000000	0	0	0	0
#196	AMBUSH_PULSE	2299	0	0.000106	0.000000	0	0	0	0
#197		191	0	0.000032	0.000000	0	0	0	0
#210	DATAMGR_LOG_PERMANENT	0	0	0	0	1	31	0	0
#211	DATAMGR_LOGIN	3	7700	0.000003	0.000001	3	89	0	0
#212	DATAMGR_LOGOUT	0	0	0	0	2	10	0	0
#214	DATAMGR_SAVE_CHAR	0	0	0	0	125	353353	0	0
#222	DATAMGR_WRITE_HOUSE	0	0	0	0	5	10755	0	0
#224	DATAMGR_GET_HOUSE	2	4336	0.000001	0.000000	2	32	0	0
#225	DATAMGR_HELLO	0	0	0	0	1	3	0	0
#233		3	56	0.000000	0.000000	3	30	0	0
#236		3	72	0.000000	0.000000	65	950	0	0

	Total)	28319	32068	0.117190	0.000004	4134	561478	41956	128

Slowest Msg #184 took  0.000111 seconds.
Total process time =  148.526088
Total run time =          11499