Msg#	Message	Count	Inbound	Total_Time	Average_Time	Count	Outbound	Acked	Naked
#1	CLIENT_CONNECTED	17	0	0.000001	0.000000	0	0	0	0
#2	CLIENT_HUNG_UP	2	0	0.000001	0.000001	0	0	0	0
#14	PLAYER_CHECK_LOGIN	18	448	0.000001	0.000000	18	468	0	0
#15	SECURITY	17	0	0.000000	0.000000	0	0	0	0
#16	INN_LOGIN	17	204	0.000000	0.000000	0	0	0	0
#17	SERVER_PING	285	1140	0.000004	0.000000	285	0	4560	0
#18	PLAYER_QUERY_CHARACTERS	17	0	0.000002	0.000000	17	15000	0	0
#21	PLAYER_LOGIN	0	0	0	0	17	0	272	0
#22	PLAYER_LOGOUT	1	0	0.000000	0.000000	0	0	0	0
#24	PLAYER_SYSTEM_MSG	0	0	0	0	4	471	0	0
#25	PLAYER_ACK	0	0	0	0	2252	135349	0	0
#26	PLAYER_NAK	0	0	0	0	22	352	0	0
#32	PLAYER_CHANGE_ROOM	147	1764	0.000030	0.000000	0	0	0	0
#33	PLAYER_NEW_ROOM	0	0	0	0	324	678295	0	0
#37	PLAYER_ROOM_CHAT	72	712	0.000007	0.000000	0	0	0	0
#38	PLAYER_TEXT	0	0	0	0	200	11529	0	0
#41	PLAYER_MOVIE	1447	36540	0.000034	0.000000	1447	0	23152	0
#42	PLAYER_MOVIE_DATA	0	0	0	0	11034	1186208	0	0
#45	PLAYER_DESTROY_OBJECT	0	0	0	0	1489	26045	0	0
#52	PLAYER_SHIFT_ROOM	177	708	0.000034	0.000000	0	0	0	0
#55	PLAYER_GET_BIOGRAPHY	4	16	0.000000	0.000000	4	0	292	0
#57	PLAYER_GET_DESCRIPTION	6	24	0.000000	0.000000	6	0	1687	0
#58	PLAYER_GET_EXTENDED_PROPS	19	76	0.000001	0.000000	19	0	6700	0
#61	PLAYER_WHO	0	0	0	0	5	488	0	0
#69	COMBAT_EXIT	154	0	0.000006	0.000000	315	3306	2464	0
#71	GET_SHOP_INFO	3	12	0.000003	0.000001	3	0	88545	0
#73	SHOP_EXAMINE	1	8	0.000000	0.000000	1	0	516	0
#80	CAST_SPELL	100	1600	0.000014	0.000000	100	0	1584	16
#81	PLAYER_INFO	0	0	0	0	34	1558	0	0
#87	GROUP_JOIN	8	32	0.000000	0.000000	31	584	582	0
#90	OLD_SECURITY	8	64	0.000000	0.000000	8	535	0	0
#92	GET_POSN	17	68	0.000000	0.000000	17	0	442	0
#95	GET_ENTRY_INFO	7	28	0.000000	0.000000	7	0	31	96
#98	LOGIN_UPDATE	0	0	0	0	18	198	0	0
#112	COMBAT_ACTION	234	2884	0.000004	0.000000	0	0	0	0
#114	WHATS_NEW	1	0	0.000000	0.000000	1	10022	0	0
#116	GET_LOOK_INFO	2	8	0.000000	0.000000	2	0	570	0
#126	MASS_SELL	2	40	0.000001	0.000000	2	0	74	0
#127	MASS_BUY	3	48	0.000001	0.000000	3	0	249	0
#128	GET_SELL_PRICES	2	8	0.000000	0.000000	2	0	122	0
#130	PLAYER_CHARACTER_LOGIN	17	68	0.000001	0.000000	17	0	726	0
#131	GET_REPAIR_PRICES	1	4	0.000000	0.000000	1	0	81	0
#132	MASS_REPAIR	1	40	0.000000	0.000000	1	0	16	0
#135	MAIL_LIST_GET	0	0	0	0	17	0	108	240
#145		264	5860	0.000005	0.000000	0	0	0	0
#150	VERB_GET	90	1756	0.000046	0.000001	90	0	1440	0
#151	VERB_DROP	14	168	0.000001	0.000000	14	0	224	0
#152	VERB_PUT_IN	8	104	0.000001	0.000000	8	0	128	0
#153	VERB_PUT_ON	5	60	0.000000	0.000000	5	0	80	0
#154	VERB_TAKE_OFF	3	36	0.000000	0.000000	3	0	48	0
#155	VERB_OPEN	7	128	0.000000	0.000000	7	0	112	0
#158	VERB_UNLOCK	1	20	0.000000	0.000000	1	0	16	0
#160	VERB_ENGAGE	19	304	0.000003	0.000000	19	0	304	0
#161	VERB_CONSUME	10	120	0.000001	0.000000	10	0	160	0
#165	VERB_MEMORIZE	2	24	0.000000	0.000000	2	0	32	0
#167	VERB_USE	2	24	0.000000	0.000000	2	0	32	0
#180	NPC_PULSE	1515	0	0.016351	0.000011	0	0	0	0
#182	COMBAT_PULSE	1515	0	0.000062	0.000000	0	0	0	0
#184	PROCESS_AFFECT_PULSE	25	0	0.002114	0.000085	0	0	0	0
#185	CHAR_DOIT_PULSE	1	0	0.000000	0.000000	0	0	0	0
#186	HEAL_PULSE	12	0	0.000001	0.000000	0	0	0	0
#188	MONSTER_PULSE	12	0	0.000004	0.000000	0	0	0	0
#189	MAINTENANCE_PULSE	12	0	0.000000	0.000000	0	0	0	0
#193	TOSS_DEAD_HOUSES	50	0	0.000009	0.000000	0	0	0	0
#194	DUNGEON_QUEUE_PULSE	100	0	0.000123	0.000001	0	0	0	0
#196	AMBUSH_PULSE	303	0	0.000016	0.000000	0	0	0	0
#197		25	0	0.000075	0.000003	0	0	0	0
#210	DATAMGR_LOG_PERMANENT	0	0	0	0	10	515	0	0
#211	DATAMGR_LOGIN	18	69564	0.000026	0.000001	18	568	0	0
#212	DATAMGR_LOGOUT	0	0	0	0	2	10	0	0
#214	DATAMGR_SAVE_CHAR	0	0	0	0	383	1636043	0	0
#222	DATAMGR_WRITE_HOUSE	0	0	0	0	67	585501	0	0
#224	DATAMGR_GET_HOUSE	13	86720	0.000031	0.000002	13	269	0	0
#225	DATAMGR_HELLO	0	0	0	0	1	3	0	0
#231		1	10008	0.000000	0.000000	1	5	0	0
#233		17	204	0.000000	0.000000	17	170	0	0
#236		17	708	0.000000	0.000000	292	7338	0	0

	Total)	6868	222352	0.019017	0.000003	18688	4300830	135349	352

Slowest Msg #184 took  0.000095 seconds.
Total process time =  26.950921
Total run time =           1515