Msg#	Message	Count	Inbound	Total_Time	Average_Time	Count	Outbound	Acked	Naked
#1	CLIENT_CONNECTED	6	0	0.000000	0.000000	0	0	0	0
#2	CLIENT_HUNG_UP	5	0	0.000004	0.000001	0	0	0	0
#14	PLAYER_CHECK_LOGIN	8	164	0.000001	0.000000	8	356	0	0
#15	SECURITY	6	0	0.000000	0.000000	0	0	0	0
#16	INN_LOGIN	6	72	0.000000	0.000000	0	0	0	0
#17	SERVER_PING	231	924	0.000004	0.000000	231	0	3696	0
#18	PLAYER_QUERY_CHARACTERS	6	0	0.000001	0.000000	6	6171	0	0
#21	PLAYER_LOGIN	0	0	0	0	6	0	96	0
#22	PLAYER_LOGOUT	2	0	0.000000	0.000000	0	0	0	0
#24	PLAYER_SYSTEM_MSG	0	0	0	0	3	684	0	0
#25	PLAYER_ACK	0	0	0	0	472	16889	0	0
#26	PLAYER_NAK	0	0	0	0	6	96	0	0
#32	PLAYER_CHANGE_ROOM	12	144	0.000002	0.000000	0	0	0	0
#33	PLAYER_NEW_ROOM	0	0	0	0	21	12067	0	0
#37	PLAYER_ROOM_CHAT	59	1032	0.000007	0.000000	0	0	0	0
#38	PLAYER_TEXT	0	0	0	0	60	2797	0	0
#41	PLAYER_MOVIE	128	3132	0.000003	0.000000	128	0	2048	0
#42	PLAYER_MOVIE_DATA	0	0	0	0	916	36418	0	0
#45	PLAYER_DESTROY_OBJECT	0	0	0	0	9	181	0	0
#52	PLAYER_SHIFT_ROOM	9	36	0.000001	0.000000	0	0	0	0
#55	PLAYER_GET_BIOGRAPHY	4	16	0.000000	0.000000	4	0	292	0
#57	PLAYER_GET_DESCRIPTION	6	24	0.000000	0.000000	6	0	3081	0
#58	PLAYER_GET_EXTENDED_PROPS	8	32	0.000000	0.000000	8	0	2558	0
#61	PLAYER_WHO	0	0	0	0	3	129	0	0
#71	GET_SHOP_INFO	2	8	0.000000	0.000000	2	0	2696	0
#74	SHOP_SELL	1	8	0.000000	0.000000	1	0	16	0
#75	SHOP_GET_PRICE	1	8	0.000000	0.000000	1	0	16	0
#80	CAST_SPELL	30	480	0.000004	0.000000	30	0	480	0
#81	PLAYER_INFO	0	0	0	0	30	1110	0	0
#92	GET_POSN	6	24	0.000000	0.000000	6	0	156	0
#95	GET_ENTRY_INFO	4	16	0.000000	0.000000	4	0	124	0
#98	LOGIN_UPDATE	0	0	0	0	7	77	0	0
#113	CREATE_OBJECT	5	96	0.000001	0.000000	0	0	0	0
#116	GET_LOOK_INFO	2	8	0.000000	0.000000	2	0	608	0
#126	MASS_SELL	1	16	0.000000	0.000000	1	0	29	0
#127	MASS_BUY	2	32	0.000000	0.000000	2	0	88	0
#128	GET_SELL_PRICES	1	4	0.000000	0.000000	1	0	121	0
#130	PLAYER_CHARACTER_LOGIN	6	24	0.000002	0.000000	6	0	256	0
#135	MAIL_LIST_GET	0	0	0	0	6	0	0	96
#145		37	1252	0.000001	0.000000	0	0	0	0
#150	VERB_GET	14	168	0.000006	0.000000	14	0	224	0
#151	VERB_DROP	1	20	0.000000	0.000000	1	0	16	0
#153	VERB_PUT_ON	10	132	0.000001	0.000000	10	0	160	0
#154	VERB_TAKE_OFF	2	24	0.000000	0.000000	2	0	32	0
#155	VERB_OPEN	1	24	0.000000	0.000000	1	0	16	0
#169	VERB_DYE	5	60	0.000001	0.000000	5	0	80	0
#180	NPC_PULSE	9218	0	0.096503	0.000010	0	0	0	0
#182	COMBAT_PULSE	9218	0	0.000010	0.000000	0	0	0	0
#184	PROCESS_AFFECT_PULSE	153	0	0.013016	0.000085	0	0	0	0
#185	CHAR_DOIT_PULSE	10	0	0.000000	0.000000	0	0	0	0
#186	HEAL_PULSE	76	0	0.000003	0.000000	0	0	0	0
#188	MONSTER_PULSE	76	0	0.000037	0.000000	0	0	0	0
#189	MAINTENANCE_PULSE	76	0	0.000000	0.000000	0	0	0	0
#193	TOSS_DEAD_HOUSES	307	0	0.000002	0.000000	0	0	0	0
#194	DUNGEON_QUEUE_PULSE	614	0	0.000027	0.000000	0	0	0	0
#196	AMBUSH_PULSE	1843	0	0.000080	0.000000	0	0	0	0
#197		153	0	0.000056	0.000000	0	0	0	0
#210	DATAMGR_LOG_PERMANENT	0	0	0	0	16	608	0	0
#211	DATAMGR_LOGIN	7	27228	0.000018	0.000003	7	187	0	0
#212	DATAMGR_LOGOUT	0	0	0	0	5	25	0	0
#214	DATAMGR_SAVE_CHAR	0	0	0	0	254	713184	0	0
#222	DATAMGR_WRITE_HOUSE	0	0	0	0	19	62611	0	0
#224	DATAMGR_GET_HOUSE	2	6752	0.000001	0.000001	2	32	0	0
#225	DATAMGR_HELLO	0	0	0	0	1	3	0	0
#233		6	48	0.000000	0.000000	6	60	0	0
#236		6	244	0.000000	0.000000	43	1456	0	0

	Total)	22392	42252	0.109791	0.000005	2372	855141	16889	96

Slowest Msg #184 took  0.000116 seconds.
Total process time =  163.551956
Total run time =           9219