Msg#	Message	Count	Inbound	Total_Time	Average_Time	Count	Outbound	Acked	Naked
#1	CLIENT_CONNECTED	3	0	0.000000	0.000000	0	0	0	0
#14	PLAYER_CHECK_LOGIN	3	64	0.000000	0.000000	3	63	0	0
#15	SECURITY	3	0	0.000000	0.000000	0	0	0	0
#16	INN_LOGIN	3	36	0.000000	0.000000	0	0	0	0
#17	SERVER_PING	54	216	0.000001	0.000000	54	0	864	0
#18	PLAYER_QUERY_CHARACTERS	3	0	0.000000	0.000000	3	3908	0	0
#21	PLAYER_LOGIN	0	0	0	0	3	0	48	0
#24	PLAYER_SYSTEM_MSG	0	0	0	0	3	357	0	0
#25	PLAYER_ACK	0	0	0	0	563	12638	0	0
#26	PLAYER_NAK	0	0	0	0	3	48	0	0
#32	PLAYER_CHANGE_ROOM	7	84	0.000001	0.000000	0	0	0	0
#33	PLAYER_NEW_ROOM	0	0	0	0	100	67642	0	0
#37	PLAYER_ROOM_CHAT	52	1268	0.000009	0.000000	0	0	0	0
#38	PLAYER_TEXT	0	0	0	0	186	11257	0	0
#41	PLAYER_MOVIE	381	10684	0.000009	0.000000	381	0	6096	0
#42	PLAYER_MOVIE_DATA	0	0	0	0	1459	169737	0	0
#45	PLAYER_DESTROY_OBJECT	0	0	0	0	146	2758	0	0
#52	PLAYER_SHIFT_ROOM	93	372	0.000010	0.000000	0	0	0	0
#55	PLAYER_GET_BIOGRAPHY	2	8	0.000000	0.000000	2	0	146	0
#57	PLAYER_GET_DESCRIPTION	3	12	0.000000	0.000000	3	0	1072	0
#58	PLAYER_GET_EXTENDED_PROPS	4	16	0.000000	0.000000	4	0	1438	0
#61	PLAYER_WHO	0	0	0	0	4	173	0	0
#69	COMBAT_EXIT	32	0	0.000001	0.000000	64	628	512	0
#79	MONEY_TAKE	2	8	0.000000	0.000000	2	0	32	0
#80	CAST_SPELL	53	848	0.000006	0.000000	53	0	848	0
#81	PLAYER_INFO	0	0	0	0	6	270	0	0
#92	GET_POSN	3	12	0.000000	0.000000	3	0	78	0
#95	GET_ENTRY_INFO	2	8	0.000000	0.000000	2	0	62	0
#98	LOGIN_UPDATE	0	0	0	0	3	33	0	0
#112	COMBAT_ACTION	40	280	0.000001	0.000000	0	0	0	0
#114	WHATS_NEW	1	0	0.000000	0.000000	1	2765	0	0
#116	GET_LOOK_INFO	1	4	0.000000	0.000000	1	0	305	0
#126	MASS_SELL	1	160	0.000001	0.000001	1	0	317	0
#128	GET_SELL_PRICES	1	4	0.000000	0.000000	1	0	409	0
#130	PLAYER_CHARACTER_LOGIN	3	12	0.000000	0.000000	3	0	123	0
#135	MAIL_LIST_GET	0	0	0	0	3	0	0	48
#145		73	1676	0.000001	0.000000	0	0	0	0
#150	VERB_GET	5	100	0.000003	0.000001	5	0	80	0
#155	VERB_OPEN	1	24	0.000000	0.000000	1	0	16	0
#160	VERB_ENGAGE	10	160	0.000001	0.000000	10	0	160	0
#162	VERB_SIT	1	12	0.000000	0.000000	1	0	16	0
#163	VERB_STAND	1	12	0.000000	0.000000	1	0	16	0
#180	NPC_PULSE	1070	0	0.012270	0.000011	0	0	0	0
#182	COMBAT_PULSE	1070	0	0.000024	0.000000	0	0	0	0
#184	PROCESS_AFFECT_PULSE	17	0	0.001418	0.000083	0	0	0	0
#185	CHAR_DOIT_PULSE	1	0	0.000000	0.000000	0	0	0	0
#186	HEAL_PULSE	8	0	0.000000	0.000000	0	0	0	0
#188	MONSTER_PULSE	8	0	0.000010	0.000001	0	0	0	0
#189	MAINTENANCE_PULSE	8	0	0.000000	0.000000	0	0	0	0
#193	TOSS_DEAD_HOUSES	35	0	0.000000	0.000000	0	0	0	0
#194	DUNGEON_QUEUE_PULSE	71	0	0.000005	0.000000	0	0	0	0
#196	AMBUSH_PULSE	214	0	0.000012	0.000000	0	0	0	0
#197		17	0	0.000012	0.000001	0	0	0	0
#211	DATAMGR_LOGIN	3	18656	0.000005	0.000002	3	86	0	0
#214	DATAMGR_SAVE_CHAR	0	0	0	0	59	276617	0	0
#225	DATAMGR_HELLO	0	0	0	0	1	3	0	0
#231		1	2760	0.000000	0.000000	1	5	0	0
#233		3	24	0.000000	0.000000	3	30	0	0
#236		3	116	0.000000	0.000000	76	1998	0	0

	Total)	3370	37636	0.013802	0.000004	3221	551016	12638	48

Slowest Msg #184 took  0.000100 seconds.
Total process time =  19.111857
Total run time =           1071