Msg#	Message	Count	Inbound	Total_Time	Average_Time	Count	Outbound	Acked	Naked
#1	CLIENT_CONNECTED	96	0	0.000004	0.000000	0	0	0	0
#2	CLIENT_HUNG_UP	83	0	0.000071	0.000001	0	0	0	0
#14	PLAYER_CHECK_LOGIN	110	2660	0.000005	0.000000	110	4558	0	0
#15	SECURITY	87	0	0.000000	0.000000	0	0	0	0
#16	INN_LOGIN	87	1044	0.000002	0.000000	0	0	0	0
#17	SERVER_PING	8781	35124	0.000131	0.000000	8781	0	140496	0
#18	PLAYER_QUERY_CHARACTERS	87	0	0.000011	0.000000	87	90170	0	0
#21	PLAYER_LOGIN	0	0	0	0	87	0	1392	0
#22	PLAYER_LOGOUT	33	0	0.000000	0.000000	0	0	0	0
#24	PLAYER_SYSTEM_MSG	0	0	0	0	37	6300	0	0
#25	PLAYER_ACK	0	0	0	0	53640	1380875	0	0
#26	PLAYER_NAK	0	0	0	0	433	6928	0	0
#32	PLAYER_CHANGE_ROOM	1180	14160	0.000279	0.000000	51	0	0	816
#33	PLAYER_NEW_ROOM	0	0	0	0	6428	7114345	0	0
#37	PLAYER_ROOM_CHAT	1433	37348	0.000298	0.000000	0	0	0	0
#38	PLAYER_TEXT	0	0	0	0	23396	1320783	0	0
#41	PLAYER_MOVIE	31517	811852	0.000762	0.000000	31497	0	503952	0
#42	PLAYER_MOVIE_DATA	0	0	0	0	245359	18818738	0	0
#45	PLAYER_DESTROY_OBJECT	0	0	0	0	22074	394198	0	0
#48	PLAYER_CREATE_CHARACTER	2	56	0.000001	0.000000	2	0	655	0
#52	PLAYER_SHIFT_ROOM	5356	21424	0.001146	0.000000	79	0	462	912
#55	PLAYER_GET_BIOGRAPHY	180	720	0.000004	0.000000	180	0	12692	0
#56	PLAYER_SET_BIOGRAPHY	2	68	0.000000	0.000000	2	0	32	0
#57	PLAYER_GET_DESCRIPTION	365	1460	0.000024	0.000000	365	0	96876	0
#58	PLAYER_GET_EXTENDED_PROPS	174	696	0.000008	0.000000	174	0	58097	0
#59	PLAYER_SET_HEAD_DATA	2	40	0.000000	0.000000	2	0	32	0
#61	PLAYER_WHO	0	0	0	0	23	2899	0	0
#69	COMBAT_EXIT	3384	0	0.000114	0.000000	7124	73712	54144	0
#71	GET_SHOP_INFO	83	332	0.000015	0.000000	83	0	303059	0
#73	SHOP_EXAMINE	29	232	0.000002	0.000000	29	0	7727	0
#74	SHOP_SELL	16	128	0.000014	0.000001	16	0	256	0
#75	SHOP_GET_PRICE	16	128	0.000001	0.000000	16	0	256	0
#78	MONEY_GIVE	9	108	0.000006	0.000001	9	0	144	0
#79	MONEY_TAKE	523	2092	0.000059	0.000000	523	0	7856	512
#80	CAST_SPELL	2401	38416	0.000372	0.000000	2401	0	38256	160
#81	PLAYER_INFO	0	0	0	0	168	7635	0	0
#84	FATAL_DATA	6	2460	0.000003	0.000000	6	0	96	0
#87	GROUP_JOIN	45	180	0.000001	0.000000	150	2594	2627	16
#88	GROUP_LEAVE	2	0	0.000000	0.000000	106	1352	32	0
#90	OLD_SECURITY	44	352	0.000002	0.000000	44	2957	0	0
#92	GET_POSN	84	336	0.000002	0.000000	84	0	2184	0
#94	GET_HOUSE	22	288	0.000001	0.000000	22	0	0	352
#95	GET_ENTRY_INFO	385	1540	0.000013	0.000000	385	0	10013	992
#98	LOGIN_UPDATE	0	0	0	0	109	1199	0	0
#101	SHOP_RECHARGE	1	8	0.000000	0.000000	1	0	16	0
#102	SHOP_GET_RECHARGE_PRICE	1	8	0.000000	0.000000	1	0	16	0
#103	SET_TITLE	1	16	0.000000	0.000000	1	0	0	16
#112	COMBAT_ACTION	10206	108780	0.000189	0.000000	0	0	0	0
#114	WHATS_NEW	10	0	0.000000	0.000000	10	22052	0	0
#115	SET_ENGRAVE_NAME	32	524	0.000001	0.000000	0	0	0	0
#116	GET_LOOK_INFO	90	360	0.000009	0.000000	90	0	25623	0
#126	MASS_SELL	31	1640	0.000013	0.000000	31	0	3187	0
#127	MASS_BUY	62	2332	0.000011	0.000000	62	0	10617	0
#128	GET_SELL_PRICES	36	144	0.000002	0.000000	36	0	5204	0
#130	PLAYER_CHARACTER_LOGIN	84	336	0.000010	0.000000	84	0	3802	0
#131	GET_REPAIR_PRICES	25	100	0.000001	0.000000	25	0	998	48
#132	MASS_REPAIR	21	472	0.000001	0.000000	21	0	336	0
#135	MAIL_LIST_GET	3	0	0.000000	0.000000	87	0	1338	1120
#136	MAIL_MESSAGE_GET	15	60	0.000000	0.000000	15	0	4074	0
#137	MAIL_MESSAGE_DELETE	1	4	0.000000	0.000000	1	0	21	0
#138	MAIL_MESSAGE_SEND	3	1184	0.000000	0.000000	3	0	51	0
#145		7937	235288	0.000148	0.000000	0	0	0	0
#150	VERB_GET	1732	28512	0.000864	0.000000	1732	0	27120	592
#151	VERB_DROP	241	2920	0.000026	0.000000	241	0	3824	32
#152	VERB_PUT_IN	272	3604	0.000036	0.000000	272	0	4352	0
#153	VERB_PUT_ON	227	2724	0.000022	0.000000	227	0	3328	304
#154	VERB_TAKE_OFF	211	2540	0.000021	0.000000	211	0	3376	0
#155	VERB_OPEN	298	5784	0.000022	0.000000	298	0	4576	192
#156	VERB_CLOSE	28	440	0.000001	0.000000	28	0	448	0
#158	VERB_UNLOCK	59	1632	0.000012	0.000000	59	0	928	16
#160	VERB_ENGAGE	1886	30356	0.000187	0.000000	1886	0	29520	656
#161	VERB_CONSUME	38	456	0.000005	0.000000	38	0	608	0
#162	VERB_SIT	4	48	0.000000	0.000000	4	0	64	0
#163	VERB_STAND	4	48	0.000000	0.000000	4	0	64	0
#164	VERB_GIVE	84	1272	0.000073	0.000001	84	0	1296	48
#165	VERB_MEMORIZE	282	3384	0.000036	0.000000	282	0	4368	144
#167	VERB_USE	4	48	0.000001	0.000000	4	0	64	0
#169	VERB_DYE	20	240	0.000003	0.000000	20	0	320	0
#180	NPC_PULSE	38905	0	0.445303	0.000011	0	0	0	0
#182	COMBAT_PULSE	38905	0	0.002471	0.000000	0	0	0	0
#184	PROCESS_AFFECT_PULSE	648	0	0.058441	0.000090	0	0	0	0
#185	CHAR_DOIT_PULSE	43	0	0.000001	0.000000	0	0	0	0
#186	HEAL_PULSE	324	0	0.000020	0.000000	0	0	0	0
#188	MONSTER_PULSE	324	0	0.000444	0.000001	0	0	0	0
#189	MAINTENANCE_PULSE	324	0	0.000000	0.000000	0	0	0	0
#193	TOSS_DEAD_HOUSES	1296	0	0.000145	0.000000	0	0	0	0
#194	DUNGEON_QUEUE_PULSE	2593	0	0.001282	0.000000	0	0	0	0
#196	AMBUSH_PULSE	7781	0	0.000403	0.000000	0	0	0	0
#197		648	0	0.002954	0.000005	0	0	0	0
#210	DATAMGR_LOG_PERMANENT	0	0	0	0	74	3084	0	0
#211	DATAMGR_LOGIN	109	426004	0.000191	0.000002	109	3379	0	0
#212	DATAMGR_LOGOUT	0	0	0	0	74	370	0	0
#213	DATAMGR_NEW_CHAR	2	40	0.000001	0.000001	2	2644	0	0
#214	DATAMGR_SAVE_CHAR	0	0	0	0	10182	52011110	0	0
#221	DATAMGR_NEW_HOUSE	0	0	0	0	2	4366	0	0
#222	DATAMGR_WRITE_HOUSE	0	0	0	0	1660	12442572	0	0
#224	DATAMGR_GET_HOUSE	100	788448	0.000382	0.000004	100	1873	0	0
#225	DATAMGR_HELLO	0	0	0	0	1	3	0	0
#231		10	22008	0.000000	0.000000	10	50	0	0
#232		0	0	0	0	31	873	0	0
#233		106	5656	0.000001	0.000000	106	2326	0	0
#236		85	4132	0.000003	0.000000	9303	300977	0	0
#254	CLIENT_HACKED_MSG	1	8	0.000000	0.000000	0	0	0	0

	Total)	172777	2654804	0.517091	0.000003	431594	94024922	1380875	6928

Slowest Msg #184 took  0.000127 seconds.
Total process time =  700.032185
Total run time =          38906