Msg#	Message	Count	Inbound	Total_Time	Average_Time	Count	Outbound	Acked	Naked
#1	CLIENT_CONNECTED	107	0	0.000004	0.000000	0	0	0	0
#2	CLIENT_HUNG_UP	90	0	0.000105	0.000001	0	0	0	0
#14	PLAYER_CHECK_LOGIN	111	2732	0.000005	0.000000	111	2707	0	0
#15	SECURITY	107	0	0.000000	0.000000	0	0	0	0
#16	INN_LOGIN	107	1284	0.000002	0.000000	0	0	0	0
#17	SERVER_PING	10006	40024	0.000149	0.000000	10006	0	160096	0
#18	PLAYER_QUERY_CHARACTERS	107	0	0.000023	0.000000	107	222166	0	0
#21	PLAYER_LOGIN	0	0	0	0	107	0	1712	0
#22	PLAYER_LOGOUT	18	0	0.000000	0.000000	0	0	0	0
#24	PLAYER_SYSTEM_MSG	0	0	0	0	35	6877	0	0
#25	PLAYER_ACK	0	0	0	0	61806	1543040	0	0
#26	PLAYER_NAK	0	0	0	0	500	8000	0	0
#32	PLAYER_CHANGE_ROOM	1948	23376	0.000621	0.000000	56	0	0	896
#33	PLAYER_NEW_ROOM	0	0	0	0	7048	9998273	0	0
#37	PLAYER_ROOM_CHAT	1490	30412	0.000255	0.000000	0	0	0	0
#38	PLAYER_TEXT	0	0	0	0	13555	759370	0	0
#41	PLAYER_MOVIE	35499	887032	0.000868	0.000000	35466	0	567456	0
#42	PLAYER_MOVIE_DATA	0	0	0	0	272123	31629793	0	0
#45	PLAYER_DESTROY_OBJECT	0	0	0	0	27073	495073	0	0
#52	PLAYER_SHIFT_ROOM	5173	20692	0.001270	0.000000	39	0	462	272
#55	PLAYER_GET_BIOGRAPHY	195	780	0.000004	0.000000	195	0	14155	0
#57	PLAYER_GET_DESCRIPTION	306	1224	0.000021	0.000000	306	0	134863	0
#58	PLAYER_GET_EXTENDED_PROPS	203	812	0.000014	0.000000	203	0	64755	0
#61	PLAYER_WHO	0	0	0	0	4	656	0	0
#69	COMBAT_EXIT	2038	0	0.000064	0.000000	4285	45298	32608	0
#71	GET_SHOP_INFO	31	124	0.000012	0.000000	31	0	298510	0
#74	SHOP_SELL	9	72	0.000031	0.000003	9	0	144	0
#75	SHOP_GET_PRICE	9	72	0.000001	0.000000	9	0	144	0
#78	MONEY_GIVE	9	108	0.000009	0.000001	9	0	144	0
#79	MONEY_TAKE	483	1932	0.000069	0.000000	483	0	7616	112
#80	CAST_SPELL	2701	43216	0.000482	0.000000	2701	0	43152	64
#81	PLAYER_INFO	0	0	0	0	210	9555	0	0
#84	FATAL_DATA	15	5360	0.000005	0.000000	15	0	240	0
#87	GROUP_JOIN	52	208	0.000002	0.000000	179	2995	3143	16
#88	GROUP_LEAVE	11	0	0.000000	0.000000	133	1586	176	0
#90	OLD_SECURITY	51	408	0.000002	0.000000	51	3424	0	0
#92	GET_POSN	105	420	0.000003	0.000000	105	0	2730	0
#94	GET_HOUSE	39	536	0.000002	0.000000	39	0	0	624
#95	GET_ENTRY_INFO	261	1044	0.000009	0.000000	261	0	6851	640
#98	LOGIN_UPDATE	0	0	0	0	109	1199	0	0
#101	SHOP_RECHARGE	5	40	0.000000	0.000000	5	0	80	0
#102	SHOP_GET_RECHARGE_PRICE	5	40	0.000000	0.000000	5	0	80	0
#104	TREE_GET	3	12	0.000000	0.000000	3	0	336	0
#105	TREE_CHOOSE_TOPIC	3	12	0.000000	0.000000	3	0	418	0
#107	TREE_BACK	2	0	0.000000	0.000000	2	0	276	0
#108	QUEST_ACCEPT	2	8	0.000000	0.000000	2	0	224	0
#112	COMBAT_ACTION	5490	55092	0.000098	0.000000	0	0	0	0
#114	WHATS_NEW	1	0	0.000000	0.000000	1	10829	0	0
#115	SET_ENGRAVE_NAME	21	344	0.000000	0.000000	0	0	0	0
#116	GET_LOOK_INFO	98	392	0.000014	0.000000	98	0	29856	0
#126	MASS_SELL	71	2256	0.000104	0.000001	71	0	4299	0
#127	MASS_BUY	26	748	0.000004	0.000000	26	0	3229	0
#128	GET_SELL_PRICES	75	300	0.000007	0.000000	75	0	7203	0
#130	PLAYER_CHARACTER_LOGIN	105	420	0.000029	0.000000	105	0	5633	0
#131	GET_REPAIR_PRICES	30	120	0.000002	0.000000	30	0	1627	48
#132	MASS_REPAIR	27	800	0.000001	0.000000	27	0	432	0
#135	MAIL_LIST_GET	0	0	0	0	105	0	438	1552
#145		5553	181688	0.000101	0.000000	0	0	0	0
#150	VERB_GET	6582	108164	0.005369	0.000001	6582	0	102640	2672
#151	VERB_DROP	148	1800	0.000017	0.000000	148	0	2368	0
#152	VERB_PUT_IN	307	4636	0.000044	0.000000	307	0	4896	16
#153	VERB_PUT_ON	392	4704	0.000048	0.000000	392	0	5776	496
#154	VERB_TAKE_OFF	296	3572	0.000035	0.000000	296	0	4736	0
#155	VERB_OPEN	318	5928	0.000041	0.000000	318	0	4960	128
#156	VERB_CLOSE	11	228	0.000001	0.000000	11	0	176	0
#158	VERB_UNLOCK	91	2484	0.000013	0.000000	91	0	1440	16
#160	VERB_ENGAGE	1091	17696	0.000136	0.000000	1091	0	17232	224
#161	VERB_CONSUME	41	492	0.000006	0.000000	41	0	656	0
#162	VERB_SIT	2	24	0.000000	0.000000	2	0	32	0
#164	VERB_GIVE	186	3100	0.000163	0.000001	186	0	2848	128
#165	VERB_MEMORIZE	62	744	0.000007	0.000000	62	0	944	48
#167	VERB_USE	60	728	0.000012	0.000000	60	0	960	0
#169	VERB_DYE	21	252	0.000003	0.000000	21	0	288	48
#180	NPC_PULSE	55351	0	0.588967	0.000011	0	0	0	0
#182	COMBAT_PULSE	55351	0	0.003969	0.000000	0	0	0	0
#184	PROCESS_AFFECT_PULSE	922	0	0.077710	0.000084	0	0	0	0
#185	CHAR_DOIT_PULSE	61	0	0.000002	0.000000	0	0	0	0
#186	HEAL_PULSE	461	0	0.000034	0.000000	0	0	0	0
#188	MONSTER_PULSE	461	0	0.000682	0.000001	0	0	0	0
#189	MAINTENANCE_PULSE	461	0	0.000000	0.000000	0	0	0	0
#193	TOSS_DEAD_HOUSES	1845	0	0.000257	0.000000	0	0	0	0
#194	DUNGEON_QUEUE_PULSE	3690	0	0.001239	0.000000	0	0	0	0
#196	AMBUSH_PULSE	11070	0	0.000491	0.000000	0	0	0	0
#197		922	0	0.003528	0.000004	0	0	0	0
#210	DATAMGR_LOG_PERMANENT	0	0	0	0	27	996	0	0
#211	DATAMGR_LOGIN	109	983980	0.000421	0.000004	109	3412	0	0
#212	DATAMGR_LOGOUT	0	0	0	0	90	450	0	0
#214	DATAMGR_SAVE_CHAR	0	0	0	0	16353	145522293	0	0
#222	DATAMGR_WRITE_HOUSE	0	0	0	0	2239	17477289	0	0
#224	DATAMGR_GET_HOUSE	136	1761996	0.000735	0.000005	136	2717	0	0
#225	DATAMGR_HELLO	0	0	0	0	1	3	0	0
#231		1	10816	0.000000	0.000000	1	5	0	0
#232		0	0	0	0	21	727	0	0
#233		105	1124	0.000001	0.000000	105	1050	0	0
#236		107	6464	0.000004	0.000000	12399	405342	0	0

	Total)	213459	4223072	0.688326	0.000003	479016	208155125	1543040	8000

Slowest Msg #184 took  0.000115 seconds.
Total process time =  929.147799
Total run time =          55352