Msg#	Message	Count	Inbound	Total_Time	Average_Time	Count	Outbound	Acked	Naked
#1	CLIENT_CONNECTED	47	0	0.000001	0.000000	0	0	0	0
#2	CLIENT_HUNG_UP	43	0	0.000027	0.000001	0	0	0	0
#14	PLAYER_CHECK_LOGIN	49	1044	0.000002	0.000000	49	1219	0	0
#15	SECURITY	47	0	0.000000	0.000000	0	0	0	0
#16	INN_LOGIN	47	564	0.000001	0.000000	0	0	0	0
#17	SERVER_PING	2136	8544	0.000035	0.000000	2136	0	34176	0
#18	PLAYER_QUERY_CHARACTERS	47	0	0.000009	0.000000	47	92917	0	0
#21	PLAYER_LOGIN	0	0	0	0	47	0	752	0
#22	PLAYER_LOGOUT	15	0	0.000000	0.000000	0	0	0	0
#24	PLAYER_SYSTEM_MSG	0	0	0	0	47	3497	0	0
#25	PLAYER_ACK	0	0	0	0	9370	204029	0	0
#26	PLAYER_NAK	0	0	0	0	108	1728	0	0
#32	PLAYER_CHANGE_ROOM	232	2784	0.000052	0.000000	9	0	0	144
#33	PLAYER_NEW_ROOM	0	0	0	0	915	1230073	0	0
#37	PLAYER_ROOM_CHAT	392	7588	0.000046	0.000000	0	0	0	0
#38	PLAYER_TEXT	0	0	0	0	2175	113500	0	0
#41	PLAYER_MOVIE	4743	123852	0.000106	0.000000	4742	0	75872	0
#42	PLAYER_MOVIE_DATA	0	0	0	0	52378	6350152	0	0
#45	PLAYER_DESTROY_OBJECT	0	0	0	0	4289	75089	0	0
#52	PLAYER_SHIFT_ROOM	705	2820	0.000124	0.000000	24	0	231	208
#55	PLAYER_GET_BIOGRAPHY	27	108	0.000001	0.000000	27	0	1971	0
#57	PLAYER_GET_DESCRIPTION	59	236	0.000004	0.000000	59	0	18220	0
#58	PLAYER_GET_EXTENDED_PROPS	58	232	0.000003	0.000000	58	0	19812	0
#61	PLAYER_WHO	0	0	0	0	12	482	0	0
#69	COMBAT_EXIT	294	0	0.000008	0.000000	671	7822	4704	0
#71	GET_SHOP_INFO	5	20	0.000000	0.000000	5	0	8071	0
#74	SHOP_SELL	1	8	0.000001	0.000001	1	0	16	0
#75	SHOP_GET_PRICE	1	8	0.000000	0.000000	1	0	16	0
#78	MONEY_GIVE	1	12	0.000001	0.000001	1	0	16	0
#79	MONEY_TAKE	152	608	0.000011	0.000000	152	0	2400	32
#80	CAST_SPELL	873	13968	0.000116	0.000000	873	0	13776	192
#81	PLAYER_INFO	0	0	0	0	88	4049	0	0
#84	FATAL_DATA	1	536	0.000000	0.000000	1	0	16	0
#87	GROUP_JOIN	19	76	0.000001	0.000000	50	818	888	0
#88	GROUP_LEAVE	2	0	0.000000	0.000000	33	403	32	0
#90	OLD_SECURITY	15	120	0.000000	0.000000	19	1124	0	0
#92	GET_POSN	44	176	0.000001	0.000000	44	0	1144	0
#94	GET_HOUSE	11	160	0.000000	0.000000	11	0	0	176
#95	GET_ENTRY_INFO	45	180	0.000001	0.000000	45	0	1240	80
#98	LOGIN_UPDATE	0	0	0	0	49	539	0	0
#112	COMBAT_ACTION	1031	10372	0.000016	0.000000	0	0	0	0
#114	WHATS_NEW	1	0	0.000000	0.000000	1	87	0	0
#116	GET_LOOK_INFO	14	56	0.000001	0.000000	14	0	4076	0
#126	MASS_SELL	4	72	0.000002	0.000000	4	0	132	0
#127	MASS_BUY	4	64	0.000000	0.000000	4	0	563	0
#128	GET_SELL_PRICES	5	20	0.000000	0.000000	5	0	541	0
#130	PLAYER_CHARACTER_LOGIN	44	176	0.000013	0.000000	44	0	2206	0
#131	GET_REPAIR_PRICES	3	12	0.000000	0.000000	3	0	251	0
#132	MASS_REPAIR	3	124	0.000000	0.000000	3	0	48	0
#135	MAIL_LIST_GET	0	0	0	0	44	0	139	656
#145		1395	42772	0.000027	0.000000	0	0	0	0
#150	VERB_GET	393	5508	0.000152	0.000000	393	0	6224	64
#151	VERB_DROP	59	708	0.000005	0.000000	59	0	944	0
#152	VERB_PUT_IN	83	1028	0.000007	0.000000	83	0	1248	80
#153	VERB_PUT_ON	98	1176	0.000009	0.000000	98	0	1552	16
#154	VERB_TAKE_OFF	53	636	0.000004	0.000000	53	0	848	0
#155	VERB_OPEN	57	1164	0.000006	0.000000	57	0	848	64
#156	VERB_CLOSE	2	24	0.000000	0.000000	2	0	32	0
#158	VERB_UNLOCK	10	232	0.000001	0.000000	10	0	160	0
#160	VERB_ENGAGE	5	80	0.000000	0.000000	5	0	80	0
#161	VERB_CONSUME	6	72	0.000001	0.000000	6	0	96	0
#162	VERB_SIT	2	24	0.000000	0.000000	2	0	32	0
#164	VERB_GIVE	39	580	0.000029	0.000001	39	0	624	0
#165	VERB_MEMORIZE	2	24	0.000000	0.000000	2	0	16	16
#167	VERB_USE	1	12	0.000000	0.000000	1	0	16	0
#180	NPC_PULSE	62835	0	0.703445	0.000011	0	0	0	0
#182	COMBAT_PULSE	62835	0	0.000769	0.000000	0	0	0	0
#184	PROCESS_AFFECT_PULSE	1047	0	0.080358	0.000077	0	0	0	0
#185	CHAR_DOIT_PULSE	69	0	0.000001	0.000000	0	0	0	0
#186	HEAL_PULSE	523	0	0.000013	0.000000	0	0	0	0
#188	MONSTER_PULSE	523	0	0.000082	0.000000	0	0	0	0
#189	MAINTENANCE_PULSE	523	0	0.000000	0.000000	0	0	0	0
#193	TOSS_DEAD_HOUSES	2094	0	0.000052	0.000000	0	0	0	0
#194	DUNGEON_QUEUE_PULSE	4189	0	0.000130	0.000000	0	0	0	0
#196	AMBUSH_PULSE	12567	0	0.000381	0.000000	0	0	0	0
#197		1047	0	0.000962	0.000001	0	0	0	0
#210	DATAMGR_LOG_PERMANENT	0	0	0	0	12	460	0	0
#211	DATAMGR_LOGIN	49	451408	0.000301	0.000006	49	1361	0	0
#212	DATAMGR_LOGOUT	0	0	0	0	43	215	0	0
#214	DATAMGR_SAVE_CHAR	0	0	0	0	2437	13753132	0	0
#222	DATAMGR_WRITE_HOUSE	0	0	0	0	211	5146202	0	0
#224	DATAMGR_GET_HOUSE	32	619768	0.000416	0.000013	32	690	0	0
#225	DATAMGR_HELLO	0	0	0	0	1	3	0	0
#228	DATAMGR_LOGINMESSAGE	0	0	0	0	2	96	0	0
#231		1	84	0.000000	0.000000	1	5	0	0
#233		44	432	0.000000	0.000000	44	440	0	0
#236		44	2740	0.000001	0.000000	1865	59772	0	0

	Total)	161847	1303012	0.787736	0.000005	84165	27049904	204029	1728

Slowest Msg #184 took  0.000119 seconds.
Total process time =  1054.017798
Total run time =          62836