Msg#	Message	Count	Inbound	Total_Time	Average_Time	Count	Outbound	Acked	Naked
#1	CLIENT_CONNECTED	13	0	0.000000	0.000000	0	0	0	0
#2	CLIENT_HUNG_UP	9	0	0.000006	0.000001	0	0	0	0
#14	PLAYER_CHECK_LOGIN	13	312	0.000000	0.000000	13	273	0	0
#15	SECURITY	13	0	0.000000	0.000000	0	0	0	0
#16	INN_LOGIN	13	156	0.000000	0.000000	0	0	0	0
#17	SERVER_PING	1167	4668	0.000020	0.000000	1167	0	18672	0
#18	PLAYER_QUERY_CHARACTERS	13	0	0.000002	0.000000	13	22364	0	0
#21	PLAYER_LOGIN	0	0	0	0	13	0	208	0
#22	PLAYER_LOGOUT	6	0	0.000000	0.000000	0	0	0	0
#24	PLAYER_SYSTEM_MSG	0	0	0	0	29	3769	0	0
#25	PLAYER_ACK	0	0	0	0	6866	224610	0	0
#26	PLAYER_NAK	0	0	0	0	129	2064	0	0
#32	PLAYER_CHANGE_ROOM	168	2016	0.000033	0.000000	18	0	0	288
#33	PLAYER_NEW_ROOM	0	0	0	0	1069	1245919	0	0
#37	PLAYER_ROOM_CHAT	232	6764	0.000035	0.000000	0	0	0	0
#38	PLAYER_TEXT	0	0	0	0	3344	191760	0	0
#41	PLAYER_MOVIE	4306	120068	0.000100	0.000000	4305	0	68880	0
#42	PLAYER_MOVIE_DATA	0	0	0	0	45031	4989264	0	0
#45	PLAYER_DESTROY_OBJECT	0	0	0	0	2688	48000	0	0
#52	PLAYER_SHIFT_ROOM	928	3712	0.000147	0.000000	13	0	84	144
#55	PLAYER_GET_BIOGRAPHY	36	144	0.000001	0.000000	36	0	2628	0
#57	PLAYER_GET_DESCRIPTION	15	60	0.000001	0.000000	15	0	4690	0
#58	PLAYER_GET_EXTENDED_PROPS	31	124	0.000001	0.000000	31	0	10596	0
#61	PLAYER_WHO	0	0	0	0	6	285	0	0
#69	COMBAT_EXIT	354	0	0.000010	0.000000	803	8578	5664	0
#71	GET_SHOP_INFO	23	92	0.000002	0.000000	23	0	84873	0
#73	SHOP_EXAMINE	1	8	0.000000	0.000000	1	0	164	0
#74	SHOP_SELL	1	8	0.000001	0.000001	1	0	16	0
#75	SHOP_GET_PRICE	1	8	0.000000	0.000000	1	0	16	0
#76	MONEY_DROP	2	16	0.000000	0.000000	2	0	32	0
#77	MONEY_PUT	1	12	0.000000	0.000000	1	0	16	0
#78	MONEY_GIVE	2	24	0.000001	0.000001	2	0	32	0
#79	MONEY_TAKE	53	212	0.000004	0.000000	53	0	848	0
#80	CAST_SPELL	235	3760	0.000030	0.000000	235	0	3664	96
#81	PLAYER_INFO	0	0	0	0	26	1193	0	0
#87	GROUP_JOIN	7	28	0.000000	0.000000	19	274	323	16
#88	GROUP_LEAVE	3	0	0.000000	0.000000	17	182	48	0
#90	OLD_SECURITY	6	48	0.000000	0.000000	6	387	0	0
#92	GET_POSN	13	52	0.000000	0.000000	13	0	338	0
#94	GET_HOUSE	3	36	0.000000	0.000000	3	0	0	48
#95	GET_ENTRY_INFO	42	168	0.000001	0.000000	42	0	1302	0
#98	LOGIN_UPDATE	0	0	0	0	13	143	0	0
#112	COMBAT_ACTION	1595	16296	0.000026	0.000000	0	0	0	0
#116	GET_LOOK_INFO	18	72	0.000002	0.000000	18	0	5383	0
#126	MASS_SELL	11	376	0.000002	0.000000	11	0	719	0
#127	MASS_BUY	15	1056	0.000004	0.000000	15	0	5223	0
#128	GET_SELL_PRICES	14	56	0.000000	0.000000	14	0	1300	32
#130	PLAYER_CHARACTER_LOGIN	13	52	0.000002	0.000000	13	0	672	0
#131	GET_REPAIR_PRICES	6	24	0.000000	0.000000	6	0	253	16
#132	MASS_REPAIR	5	124	0.000000	0.000000	5	0	80	0
#135	MAIL_LIST_GET	0	0	0	0	13	0	174	160
#145		872	24140	0.000018	0.000000	0	0	0	0
#150	VERB_GET	129	2140	0.000044	0.000000	129	0	2048	16
#151	VERB_DROP	14	176	0.000001	0.000000	14	0	224	0
#152	VERB_PUT_IN	19	236	0.000001	0.000000	19	0	304	0
#153	VERB_PUT_ON	49	588	0.000004	0.000000	49	0	688	96
#154	VERB_TAKE_OFF	29	348	0.000002	0.000000	29	0	464	0
#155	VERB_OPEN	21	440	0.000006	0.000000	21	0	336	0
#160	VERB_ENGAGE	113	1824	0.000009	0.000000	113	0	1776	32
#161	VERB_CONSUME	3	36	0.000001	0.000000	3	0	48	0
#164	VERB_GIVE	15	192	0.000010	0.000001	15	0	240	0
#165	VERB_MEMORIZE	169	2028	0.000010	0.000000	169	0	1584	1120
#180	NPC_PULSE	9643	0	0.117560	0.000012	0	0	0	0
#182	COMBAT_PULSE	9643	0	0.000787	0.000000	0	0	0	0
#184	PROCESS_AFFECT_PULSE	160	0	0.012896	0.000081	0	0	0	0
#185	CHAR_DOIT_PULSE	10	0	0.000000	0.000000	0	0	0	0
#186	HEAL_PULSE	80	0	0.000003	0.000000	0	0	0	0
#188	MONSTER_PULSE	80	0	0.000054	0.000001	0	0	0	0
#189	MAINTENANCE_PULSE	80	0	0.000000	0.000000	0	0	0	0
#193	TOSS_DEAD_HOUSES	321	0	0.000019	0.000000	0	0	0	0
#194	DUNGEON_QUEUE_PULSE	642	0	0.000012	0.000000	0	0	0	0
#196	AMBUSH_PULSE	1928	0	0.000064	0.000000	0	0	0	0
#197		160	0	0.000568	0.000004	0	0	0	0
#210	DATAMGR_LOG_PERMANENT	0	0	0	0	4	166	0	0
#211	DATAMGR_LOGIN	13	102128	0.000062	0.000005	13	394	0	0
#212	DATAMGR_LOGOUT	0	0	0	0	9	45	0	0
#214	DATAMGR_SAVE_CHAR	0	0	0	0	1290	8166775	0	0
#222	DATAMGR_WRITE_HOUSE	0	0	0	0	115	3592629	0	0
#224	DATAMGR_GET_HOUSE	10	217440	0.000136	0.000014	10	192	0	0
#225	DATAMGR_HELLO	0	0	0	0	1	3	0	0
#233		13	216	0.000000	0.000000	13	130	0	0
#234		0	0	0	0	4	36	0	0
#236		13	780	0.000000	0.000000	885	27004	0	0

	Total)	33616	513264	0.132701	0.000004	69047	18526439	224610	2064

Slowest Msg #180 took  0.000105 seconds.
Total process time =  186.628381
Total run time =           9644