Msg#	Message	Count	Inbound	Total_Time	Average_Time	Count	Outbound	Acked	Naked
#1	CLIENT_CONNECTED	11	0	0.000001	0.000000	0	0	0	0
#2	CLIENT_HUNG_UP	9	0	0.000006	0.000001	0	0	0	0
#14	PLAYER_CHECK_LOGIN	13	268	0.000001	0.000000	13	543	0	0
#15	SECURITY	10	0	0.000000	0.000000	0	0	0	0
#16	INN_LOGIN	10	120	0.000000	0.000000	0	0	0	0
#17	SERVER_PING	361	1444	0.000006	0.000000	361	0	5776	0
#18	PLAYER_QUERY_CHARACTERS	10	0	0.000001	0.000000	10	9840	0	0
#21	PLAYER_LOGIN	0	0	0	0	10	0	160	0
#22	PLAYER_LOGOUT	3	0	0.000000	0.000000	0	0	0	0
#24	PLAYER_SYSTEM_MSG	0	0	0	0	7	1414	0	0
#25	PLAYER_ACK	0	0	0	0	1393	332806	0	0
#26	PLAYER_NAK	0	0	0	0	20	320	0	0
#32	PLAYER_CHANGE_ROOM	25	300	0.000003	0.000000	7	0	0	112
#33	PLAYER_NEW_ROOM	0	0	0	0	71	75812	0	0
#37	PLAYER_ROOM_CHAT	86	1500	0.000012	0.000000	0	0	0	0
#38	PLAYER_TEXT	0	0	0	0	291	12298	0	0
#41	PLAYER_MOVIE	654	15152	0.000016	0.000000	654	0	10464	0
#42	PLAYER_MOVIE_DATA	0	0	0	0	16265	614018	0	0
#45	PLAYER_DESTROY_OBJECT	0	0	0	0	1331	23063	0	0
#48	PLAYER_CREATE_CHARACTER	6	148	0.000003	0.000001	6	0	2283	0
#52	PLAYER_SHIFT_ROOM	53	212	0.000020	0.000000	0	0	0	0
#55	PLAYER_GET_BIOGRAPHY	10	40	0.000000	0.000000	10	0	730	0
#56	PLAYER_SET_BIOGRAPHY	6	360	0.000001	0.000000	6	0	96	0
#57	PLAYER_GET_DESCRIPTION	22	88	0.000002	0.000000	22	0	5352	0
#58	PLAYER_GET_EXTENDED_PROPS	13	52	0.000000	0.000000	13	0	4264	0
#59	PLAYER_SET_HEAD_DATA	6	120	0.000001	0.000000	6	0	96	0
#61	PLAYER_WHO	0	0	0	0	1	12	0	0
#69	COMBAT_EXIT	53	0	0.000002	0.000000	131	1420	848	0
#71	GET_SHOP_INFO	9	36	0.000012	0.000001	9	0	295294	0
#74	SHOP_SELL	1	8	0.000001	0.000001	1	0	16	0
#75	SHOP_GET_PRICE	1	8	0.000000	0.000000	1	0	16	0
#80	CAST_SPELL	1	16	0.000000	0.000000	1	0	16	0
#81	PLAYER_INFO	0	0	0	0	58	2030	0	0
#87	GROUP_JOIN	2	8	0.000000	0.000000	4	45	46	16
#88	GROUP_LEAVE	0	0	0	0	2	26	0	0
#90	OLD_SECURITY	1	8	0.000000	0.000000	1	64	0	0
#92	GET_POSN	8	32	0.000000	0.000000	8	0	208	0
#95	GET_ENTRY_INFO	9	36	0.000000	0.000000	9	0	279	0
#98	LOGIN_UPDATE	0	0	0	0	13	143	0	0
#112	COMBAT_ACTION	164	972	0.000004	0.000000	0	0	0	0
#116	GET_LOOK_INFO	5	20	0.000000	0.000000	5	0	1536	0
#126	MASS_SELL	4	88	0.000001	0.000000	4	0	156	0
#127	MASS_BUY	9	252	0.000002	0.000000	9	0	1602	0
#128	GET_SELL_PRICES	4	16	0.000000	0.000000	4	0	252	0
#130	PLAYER_CHARACTER_LOGIN	8	32	0.000002	0.000000	8	0	244	0
#135	MAIL_LIST_GET	0	0	0	0	8	0	0	128
#150	VERB_GET	34	560	0.000015	0.000000	34	0	512	32
#151	VERB_DROP	14	168	0.000001	0.000000	14	0	224	0
#152	VERB_PUT_IN	5	60	0.000000	0.000000	5	0	80	0
#153	VERB_PUT_ON	30	360	0.000002	0.000000	30	0	464	16
#154	VERB_TAKE_OFF	32	384	0.000002	0.000000	32	0	512	0
#155	VERB_OPEN	6	124	0.000000	0.000000	6	0	96	0
#156	VERB_CLOSE	1	12	0.000000	0.000000	1	0	16	0
#160	VERB_ENGAGE	52	832	0.000005	0.000000	52	0	816	16
#161	VERB_CONSUME	21	252	0.000002	0.000000	21	0	336	0
#169	VERB_DYE	1	12	0.000000	0.000000	1	0	16	0
#180	NPC_PULSE	8272	0	0.086583	0.000010	0	0	0	0
#182	COMBAT_PULSE	8272	0	0.000041	0.000000	0	0	0	0
#184	PROCESS_AFFECT_PULSE	137	0	0.011638	0.000085	0	0	0	0
#185	CHAR_DOIT_PULSE	9	0	0.000000	0.000000	0	0	0	0
#186	HEAL_PULSE	68	0	0.000002	0.000000	0	0	0	0
#188	MONSTER_PULSE	68	0	0.000039	0.000001	0	0	0	0
#189	MAINTENANCE_PULSE	68	0	0.000000	0.000000	0	0	0	0
#193	TOSS_DEAD_HOUSES	275	0	0.000003	0.000000	0	0	0	0
#194	DUNGEON_QUEUE_PULSE	551	0	0.000024	0.000000	0	0	0	0
#196	AMBUSH_PULSE	1654	0	0.000075	0.000000	0	0	0	0
#197		137	0	0.000070	0.000001	0	0	0	0
#210	DATAMGR_LOG_PERMANENT	0	0	0	0	11	369	0	0
#211	DATAMGR_LOGIN	13	40996	0.000016	0.000001	13	352	0	0
#212	DATAMGR_LOGOUT	0	0	0	0	8	40	0	0
#213	DATAMGR_NEW_CHAR	6	120	0.000005	0.000001	6	9227	0	0
#214	DATAMGR_SAVE_CHAR	0	0	0	0	396	877536	0	0
#221	DATAMGR_NEW_HOUSE	0	0	0	0	6	12952	0	0
#222	DATAMGR_WRITE_HOUSE	0	0	0	0	43	92258	0	0
#224	DATAMGR_GET_HOUSE	6	12996	0.000002	0.000000	6	105	0	0
#225	DATAMGR_HELLO	0	0	0	0	1	3	0	0
#233		8	64	0.000000	0.000000	8	80	0	0
#236		8	232	0.000000	0.000000	8	80	0	0

	Total)	21335	78508	0.098623	0.000005	21475	2066856	332806	320

Slowest Msg #184 took  0.000124 seconds.
Total process time =  148.857250
Total run time =           8273