Msg#	Message	Count	Inbound	Total_Time	Average_Time	Count	Outbound	Acked	Naked
#1	CLIENT_CONNECTED	4	0	0.000000	0.000000	0	0	0	0
#2	CLIENT_HUNG_UP	2	0	0.000002	0.000001	0	0	0	0
#14	PLAYER_CHECK_LOGIN	4	72	0.000000	0.000000	4	84	0	0
#15	SECURITY	4	0	0.000000	0.000000	0	0	0	0
#16	INN_LOGIN	4	48	0.000000	0.000000	0	0	0	0
#17	SERVER_PING	467	1868	0.000008	0.000000	467	0	7472	0
#18	PLAYER_QUERY_CHARACTERS	4	0	0.000000	0.000000	4	4394	0	0
#21	PLAYER_LOGIN	0	0	0	0	4	0	64	0
#22	PLAYER_LOGOUT	1	0	0.000000	0.000000	0	0	0	0
#24	PLAYER_SYSTEM_MSG	0	0	0	0	5	637	0	0
#25	PLAYER_ACK	0	0	0	0	820	187872	0	0
#26	PLAYER_NAK	0	0	0	0	13	208	0	0
#32	PLAYER_CHANGE_ROOM	12	144	0.000002	0.000000	4	0	0	64
#33	PLAYER_NEW_ROOM	0	0	0	0	31	26559	0	0
#37	PLAYER_ROOM_CHAT	132	3752	0.000020	0.000000	0	0	0	0
#38	PLAYER_TEXT	0	0	0	0	188	11000	0	0
#41	PLAYER_MOVIE	214	5136	0.000005	0.000000	214	0	3424	0
#42	PLAYER_MOVIE_DATA	0	0	0	0	5473	150012	0	0
#45	PLAYER_DESTROY_OBJECT	0	0	0	0	221	3857	0	0
#48	PLAYER_CREATE_CHARACTER	1	32	0.000001	0.000001	1	0	499	0
#52	PLAYER_SHIFT_ROOM	23	92	0.000003	0.000000	0	0	0	0
#55	PLAYER_GET_BIOGRAPHY	20	80	0.000001	0.000000	20	0	1460	0
#56	PLAYER_SET_BIOGRAPHY	1	60	0.000000	0.000000	1	0	16	0
#57	PLAYER_GET_DESCRIPTION	1	4	0.000000	0.000000	1	0	387	0
#58	PLAYER_GET_EXTENDED_PROPS	14	56	0.000001	0.000000	14	0	5049	0
#59	PLAYER_SET_HEAD_DATA	1	20	0.000000	0.000000	1	0	16	0
#61	PLAYER_WHO	0	0	0	0	3	109	0	0
#69	COMBAT_EXIT	9	0	0.000000	0.000000	18	178	144	0
#71	GET_SHOP_INFO	6	24	0.000005	0.000001	6	0	164060	0
#80	CAST_SPELL	1	16	0.000000	0.000000	1	0	16	0
#81	PLAYER_INFO	0	0	0	0	20	680	0	0
#92	GET_POSN	4	16	0.000000	0.000000	4	0	104	0
#95	GET_ENTRY_INFO	1	4	0.000000	0.000000	1	0	31	0
#98	LOGIN_UPDATE	0	0	0	0	4	44	0	0
#112	COMBAT_ACTION	15	116	0.000000	0.000000	0	0	0	0
#116	GET_LOOK_INFO	10	40	0.000001	0.000000	10	0	3189	0
#126	MASS_SELL	1	44	0.000000	0.000000	1	0	85	0
#127	MASS_BUY	2	100	0.000001	0.000000	2	0	555	0
#128	GET_SELL_PRICES	2	8	0.000000	0.000000	2	0	274	0
#130	PLAYER_CHARACTER_LOGIN	4	16	0.000001	0.000000	4	0	115	0
#135	MAIL_LIST_GET	0	0	0	0	4	0	0	64
#150	VERB_GET	21	276	0.000007	0.000000	21	0	304	32
#152	VERB_PUT_IN	2	24	0.000000	0.000000	2	0	32	0
#153	VERB_PUT_ON	12	144	0.000001	0.000000	12	0	176	16
#154	VERB_TAKE_OFF	13	156	0.000001	0.000000	13	0	208	0
#155	VERB_OPEN	1	20	0.000000	0.000000	1	0	16	0
#160	VERB_ENGAGE	11	176	0.000001	0.000000	11	0	144	32
#161	VERB_CONSUME	2	24	0.000000	0.000000	2	0	32	0
#180	NPC_PULSE	17185	0	0.172292	0.000010	0	0	0	0
#182	COMBAT_PULSE	17185	0	0.000028	0.000000	0	0	0	0
#184	PROCESS_AFFECT_PULSE	286	0	0.022933	0.000080	0	0	0	0
#185	CHAR_DOIT_PULSE	19	0	0.000000	0.000000	0	0	0	0
#186	HEAL_PULSE	143	0	0.000005	0.000000	0	0	0	0
#188	MONSTER_PULSE	143	0	0.000065	0.000000	0	0	0	0
#189	MAINTENANCE_PULSE	143	0	0.000000	0.000000	0	0	0	0
#193	TOSS_DEAD_HOUSES	572	0	0.000001	0.000000	0	0	0	0
#194	DUNGEON_QUEUE_PULSE	1145	0	0.000043	0.000000	0	0	0	0
#196	AMBUSH_PULSE	3437	0	0.000148	0.000000	0	0	0	0
#197		286	0	0.000180	0.000001	0	0	0	0
#210	DATAMGR_LOG_PERMANENT	0	0	0	0	23	816	0	0
#211	DATAMGR_LOGIN	4	18220	0.000008	0.000002	4	103	0	0
#212	DATAMGR_LOGOUT	0	0	0	0	2	10	0	0
#213	DATAMGR_NEW_CHAR	1	20	0.000001	0.000001	1	2016	0	0
#214	DATAMGR_SAVE_CHAR	0	0	0	0	484	1581844	0	0
#221	DATAMGR_NEW_HOUSE	0	0	0	0	1	2157	0	0
#222	DATAMGR_WRITE_HOUSE	0	0	0	0	293	642461	0	0
#224	DATAMGR_GET_HOUSE	2	4996	0.000001	0.000001	2	33	0	0
#225	DATAMGR_HELLO	0	0	0	0	1	3	0	0
#233		4	32	0.000000	0.000000	4	40	0	0
#236		7	156	0.000000	0.000000	7	91	0	0

	Total)	41588	35992	0.195768	0.000005	8450	2615208	187872	208

Slowest Msg #180 took  0.000111 seconds.
Total process time =  297.464321
Total run time =          17186