Msg#	Message	Count	Inbound	Total_Time	Average_Time	Count	Outbound	Acked	Naked
#1	CLIENT_CONNECTED	10	0	0.000000	0.000000	0	0	0	0
#2	CLIENT_HUNG_UP	6	0	0.000005	0.000001	0	0	0	0
#14	PLAYER_CHECK_LOGIN	10	216	0.000000	0.000000	10	210	0	0
#15	SECURITY	10	0	0.000000	0.000000	0	0	0	0
#16	INN_LOGIN	10	120	0.000000	0.000000	0	0	0	0
#17	SERVER_PING	458	1832	0.000007	0.000000	458	0	7328	0
#18	PLAYER_QUERY_CHARACTERS	10	0	0.000001	0.000000	10	22651	0	0
#21	PLAYER_LOGIN	0	0	0	0	10	0	160	0
#22	PLAYER_LOGOUT	1	0	0.000000	0.000000	0	0	0	0
#24	PLAYER_SYSTEM_MSG	0	0	0	0	10	1550	0	0
#25	PLAYER_ACK	0	0	0	0	3443	101740	0	0
#26	PLAYER_NAK	0	0	0	0	39	624	0	0
#32	PLAYER_CHANGE_ROOM	103	1236	0.000026	0.000000	1	0	0	16
#33	PLAYER_NEW_ROOM	0	0	0	0	255	550014	0	0
#37	PLAYER_ROOM_CHAT	209	4200	0.000031	0.000000	0	0	0	0
#38	PLAYER_TEXT	0	0	0	0	1354	70241	0	0
#41	PLAYER_MOVIE	1519	36860	0.000038	0.000000	1516	0	24256	0
#42	PLAYER_MOVIE_DATA	0	0	0	0	24488	1968945	0	0
#45	PLAYER_DESTROY_OBJECT	0	0	0	0	3086	56386	0	0
#52	PLAYER_SHIFT_ROOM	155	620	0.000038	0.000000	5	0	63	32
#55	PLAYER_GET_BIOGRAPHY	16	64	0.000000	0.000000	16	0	1064	0
#57	PLAYER_GET_DESCRIPTION	14	56	0.000001	0.000000	14	0	6287	0
#58	PLAYER_GET_EXTENDED_PROPS	17	68	0.000001	0.000000	17	0	5965	0
#61	PLAYER_WHO	0	0	0	0	4	207	0	0
#69	COMBAT_EXIT	223	0	0.000008	0.000000	475	5712	3568	0
#71	GET_SHOP_INFO	10	40	0.000001	0.000000	10	0	27759	0
#74	SHOP_SELL	2	16	0.000011	0.000005	2	0	32	0
#75	SHOP_GET_PRICE	2	16	0.000000	0.000000	2	0	32	0
#79	MONEY_TAKE	56	224	0.000011	0.000000	56	0	896	0
#80	CAST_SPELL	128	2048	0.000021	0.000000	127	0	2032	0
#81	PLAYER_INFO	0	0	0	0	18	810	0	0
#87	GROUP_JOIN	3	12	0.000000	0.000000	9	136	152	0
#88	GROUP_LEAVE	0	0	0	0	5	65	0	0
#90	OLD_SECURITY	3	24	0.000000	0.000000	3	208	0	0
#92	GET_POSN	9	36	0.000000	0.000000	9	0	234	0
#94	GET_HOUSE	1	12	0.000000	0.000000	1	0	0	16
#95	GET_ENTRY_INFO	52	208	0.000002	0.000000	52	0	992	320
#98	LOGIN_UPDATE	0	0	0	0	10	110	0	0
#110	GET_QUEST_LIST	1	0	0.000000	0.000000	1	0	71	0
#112	COMBAT_ACTION	546	6060	0.000010	0.000000	0	0	0	0
#116	GET_LOOK_INFO	8	32	0.000001	0.000000	8	0	2385	0
#126	MASS_SELL	3	304	0.000006	0.000002	3	0	599	0
#127	MASS_BUY	7	208	0.000001	0.000000	7	0	1354	0
#128	GET_SELL_PRICES	3	12	0.000000	0.000000	3	0	907	0
#130	PLAYER_CHARACTER_LOGIN	9	36	0.000002	0.000000	9	0	372	0
#131	GET_REPAIR_PRICES	2	8	0.000000	0.000000	2	0	162	0
#132	MASS_REPAIR	2	80	0.000000	0.000000	2	0	32	0
#135	MAIL_LIST_GET	0	0	0	0	9	0	510	112
#145		458	14988	0.000009	0.000000	0	0	0	0
#150	VERB_GET	710	13484	0.000854	0.000001	710	0	11344	16
#151	VERB_DROP	11	144	0.000002	0.000000	11	0	176	0
#152	VERB_PUT_IN	43	560	0.000013	0.000000	43	0	688	0
#153	VERB_PUT_ON	15	180	0.000002	0.000000	15	0	240	0
#154	VERB_TAKE_OFF	13	156	0.000001	0.000000	13	0	208	0
#155	VERB_OPEN	9	224	0.000002	0.000000	9	0	144	0
#156	VERB_CLOSE	2	32	0.000000	0.000000	2	0	32	0
#160	VERB_ENGAGE	61	980	0.000007	0.000000	61	0	976	0
#161	VERB_CONSUME	2	24	0.000000	0.000000	2	0	32	0
#164	VERB_GIVE	11	180	0.000008	0.000001	11	0	144	32
#165	VERB_MEMORIZE	35	420	0.000004	0.000000	35	0	480	80
#167	VERB_USE	3	36	0.000000	0.000000	3	0	48	0
#169	VERB_DYE	1	12	0.000000	0.000000	1	0	16	0
#180	NPC_PULSE	4914	0	0.049388	0.000010	0	0	0	0
#182	COMBAT_PULSE	4914	0	0.000220	0.000000	0	0	0	0
#184	PROCESS_AFFECT_PULSE	81	0	0.006206	0.000077	0	0	0	0
#185	CHAR_DOIT_PULSE	5	0	0.000000	0.000000	0	0	0	0
#186	HEAL_PULSE	40	0	0.000002	0.000000	0	0	0	0
#188	MONSTER_PULSE	40	0	0.000083	0.000002	0	0	0	0
#189	MAINTENANCE_PULSE	40	0	0.000000	0.000000	0	0	0	0
#193	TOSS_DEAD_HOUSES	163	0	0.000032	0.000000	0	0	0	0
#194	DUNGEON_QUEUE_PULSE	327	0	0.000299	0.000001	0	0	0	0
#196	AMBUSH_PULSE	982	0	0.000047	0.000000	0	0	0	0
#197		81	0	0.000448	0.000006	0	0	0	0
#210	DATAMGR_LOG_PERMANENT	0	0	0	0	3	108	0	0
#211	DATAMGR_LOGIN	10	92792	0.000029	0.000003	10	282	0	0
#212	DATAMGR_LOGOUT	0	0	0	0	6	30	0	0
#214	DATAMGR_SAVE_CHAR	0	0	0	0	1096	23162447	0	0
#222	DATAMGR_WRITE_HOUSE	0	0	0	0	75	6336768	0	0
#224	DATAMGR_GET_HOUSE	7	330180	0.000099	0.000014	7	140	0	0
#225	DATAMGR_HELLO	0	0	0	0	1	3	0	0
#233		9	540	0.000000	0.000000	9	90	0	0
#236		19	628	0.000001	0.000000	665	22157	0	0

	Total)	16624	510208	0.057981	0.000003	38347	32301634	101740	624

Slowest Msg #184 took  0.000090 seconds.
Total process time =  76.533500
Total run time =           4915