Msg#	Message	Count	Inbound	Total_Time	Average_Time	Count	Outbound	Acked	Naked
#1	CLIENT_CONNECTED	5	0	0.000000	0.000000	0	0	0	0
#2	CLIENT_HUNG_UP	3	0	0.000002	0.000001	0	0	0	0
#14	PLAYER_CHECK_LOGIN	5	112	0.000000	0.000000	5	105	0	0
#15	SECURITY	5	0	0.000000	0.000000	0	0	0	0
#16	INN_LOGIN	5	60	0.000000	0.000000	0	0	0	0
#17	SERVER_PING	52	208	0.000001	0.000000	52	0	832	0
#18	PLAYER_QUERY_CHARACTERS	5	0	0.000001	0.000000	5	12987	0	0
#21	PLAYER_LOGIN	0	0	0	0	5	0	80	0
#22	PLAYER_LOGOUT	1	0	0.000000	0.000000	0	0	0	0
#24	PLAYER_SYSTEM_MSG	0	0	0	0	2	238	0	0
#25	PLAYER_ACK	0	0	0	0	639	16018	0	0
#26	PLAYER_NAK	0	0	0	0	6	96	0	0
#32	PLAYER_CHANGE_ROOM	22	264	0.000004	0.000000	2	0	0	32
#33	PLAYER_NEW_ROOM	0	0	0	0	90	93935	0	0
#37	PLAYER_ROOM_CHAT	121	2484	0.000017	0.000000	0	0	0	0
#38	PLAYER_TEXT	0	0	0	0	287	16582	0	0
#41	PLAYER_MOVIE	452	12204	0.000009	0.000000	452	0	7232	0
#42	PLAYER_MOVIE_DATA	0	0	0	0	1836	144602	0	0
#45	PLAYER_DESTROY_OBJECT	0	0	0	0	180	3120	0	0
#52	PLAYER_SHIFT_ROOM	70	280	0.000013	0.000000	0	0	0	0
#55	PLAYER_GET_BIOGRAPHY	8	32	0.000000	0.000000	8	0	584	0
#57	PLAYER_GET_DESCRIPTION	4	16	0.000000	0.000000	4	0	604	0
#58	PLAYER_GET_EXTENDED_PROPS	9	36	0.000001	0.000000	9	0	3216	0
#69	COMBAT_EXIT	13	0	0.000000	0.000000	28	322	208	0
#76	MONEY_DROP	1	8	0.000000	0.000000	1	0	16	0
#79	MONEY_TAKE	23	92	0.000002	0.000000	23	0	368	0
#80	CAST_SPELL	10	160	0.000002	0.000000	10	0	160	0
#81	PLAYER_INFO	0	0	0	0	36	1295	0	0
#92	GET_POSN	5	20	0.000000	0.000000	5	0	130	0
#95	GET_ENTRY_INFO	1	4	0.000000	0.000000	1	0	0	16
#98	LOGIN_UPDATE	0	0	0	0	5	55	0	0
#112	COMBAT_ACTION	34	496	0.000001	0.000000	0	0	0	0
#116	GET_LOOK_INFO	4	16	0.000001	0.000000	4	0	1259	0
#130	PLAYER_CHARACTER_LOGIN	5	20	0.000001	0.000000	5	0	483	0
#135	MAIL_LIST_GET	0	0	0	0	5	0	110	48
#145		42	2156	0.000001	0.000000	0	0	0	0
#150	VERB_GET	18	324	0.000010	0.000001	18	0	288	0
#152	VERB_PUT_IN	6	96	0.000000	0.000000	6	0	96	0
#153	VERB_PUT_ON	2	24	0.000000	0.000000	2	0	32	0
#154	VERB_TAKE_OFF	2	24	0.000000	0.000000	2	0	32	0
#155	VERB_OPEN	4	68	0.000001	0.000000	4	0	64	0
#160	VERB_ENGAGE	14	224	0.000002	0.000000	14	0	224	0
#180	NPC_PULSE	1730	0	0.016299	0.000009	0	0	0	0
#182	COMBAT_PULSE	1730	0	0.000026	0.000000	0	0	0	0
#184	PROCESS_AFFECT_PULSE	28	0	0.002077	0.000074	0	0	0	0
#185	CHAR_DOIT_PULSE	1	0	0.000000	0.000000	0	0	0	0
#186	HEAL_PULSE	14	0	0.000000	0.000000	0	0	0	0
#188	MONSTER_PULSE	14	0	0.000007	0.000001	0	0	0	0
#189	MAINTENANCE_PULSE	14	0	0.000000	0.000000	0	0	0	0
#193	TOSS_DEAD_HOUSES	57	0	0.000003	0.000000	0	0	0	0
#194	DUNGEON_QUEUE_PULSE	115	0	0.000026	0.000000	0	0	0	0
#196	AMBUSH_PULSE	346	0	0.000014	0.000000	0	0	0	0
#197		28	0	0.000020	0.000001	0	0	0	0
#210	DATAMGR_LOG_PERMANENT	0	0	0	0	7	307	0	0
#211	DATAMGR_LOGIN	5	61564	0.000022	0.000004	5	149	0	0
#212	DATAMGR_LOGOUT	0	0	0	0	3	15	0	0
#214	DATAMGR_SAVE_CHAR	0	0	0	0	69	436983	0	0
#222	DATAMGR_WRITE_HOUSE	0	0	0	0	4	87591	0	0
#224	DATAMGR_GET_HOUSE	1	21352	0.000007	0.000007	1	23	0	0
#225	DATAMGR_HELLO	0	0	0	0	1	3	0	0
#233		5	112	0.000000	0.000000	5	50	0	0
#236		5	664	0.000000	0.000000	84	3484	0	0

	Total)	5044	103120	0.018572	0.000004	3930	817960	16018	96

Slowest Msg #184 took  0.000098 seconds.
Total process time =  25.386121
Total run time =           1731