Msg#	Message	Count	Inbound	Total_Time	Average_Time	Count	Outbound	Acked	Naked
#1	CLIENT_CONNECTED	83	0	0.000003	0.000000	0	0	0	0
#2	CLIENT_HUNG_UP	62	0	0.000069	0.000001	0	0	0	0
#14	PLAYER_CHECK_LOGIN	86	2068	0.000004	0.000000	86	2354	0	0
#15	SECURITY	80	0	0.000000	0.000000	0	0	0	0
#16	INN_LOGIN	80	960	0.000001	0.000000	0	0	0	0
#17	SERVER_PING	13118	52472	0.000208	0.000000	13118	0	209888	0
#18	PLAYER_QUERY_CHARACTERS	80	0	0.000014	0.000000	80	145322	0	0
#21	PLAYER_LOGIN	0	0	0	0	80	0	1280	0
#22	PLAYER_LOGOUT	12	0	0.000000	0.000000	0	0	0	0
#24	PLAYER_SYSTEM_MSG	0	0	0	0	75	10183	0	0
#25	PLAYER_ACK	0	0	0	0	51537	1214721	0	0
#26	PLAYER_NAK	0	0	0	0	430	6880	0	0
#32	PLAYER_CHANGE_ROOM	1282	15384	0.000328	0.000000	35	0	0	560
#33	PLAYER_NEW_ROOM	0	0	0	0	5051	5915676	0	0
#37	PLAYER_ROOM_CHAT	2055	44304	0.000588	0.000000	0	0	0	0
#38	PLAYER_TEXT	0	0	0	0	30655	1679560	0	0
#41	PLAYER_MOVIE	26134	650216	0.000626	0.000000	26118	0	417888	0
#42	PLAYER_MOVIE_DATA	0	0	0	0	279730	23137049	0	0
#45	PLAYER_DESTROY_OBJECT	0	0	0	0	23960	424060	0	0
#52	PLAYER_SHIFT_ROOM	3813	15252	0.000790	0.000000	18	0	189	144
#55	PLAYER_GET_BIOGRAPHY	163	652	0.000004	0.000000	163	0	12219	0
#56	PLAYER_SET_BIOGRAPHY	4	532	0.000002	0.000001	4	0	64	0
#57	PLAYER_GET_DESCRIPTION	297	1188	0.000024	0.000000	297	0	115042	0
#58	PLAYER_GET_EXTENDED_PROPS	162	648	0.000009	0.000000	162	0	54438	0
#61	PLAYER_WHO	0	0	0	0	3	715	0	0
#69	COMBAT_EXIT	2638	0	0.000085	0.000000	5435	55530	42208	0
#71	GET_SHOP_INFO	63	252	0.000009	0.000000	63	0	165138	0
#73	SHOP_EXAMINE	5	40	0.000000	0.000000	5	0	1987	0
#74	SHOP_SELL	6	48	0.000023	0.000004	6	0	96	0
#75	SHOP_GET_PRICE	6	48	0.000001	0.000000	6	0	96	0
#76	MONEY_DROP	1	8	0.000000	0.000000	1	0	16	0
#78	MONEY_GIVE	2	24	0.000002	0.000001	2	0	32	0
#79	MONEY_TAKE	522	2088	0.000068	0.000000	522	0	8320	32
#80	CAST_SPELL	1977	31632	0.000352	0.000000	1977	0	31504	128
#81	PLAYER_INFO	0	0	0	0	250	9966	0	0
#84	FATAL_DATA	7	3008	0.000003	0.000000	7	0	112	0
#87	GROUP_JOIN	29	116	0.000001	0.000000	90	1374	1488	16
#88	GROUP_LEAVE	1	0	0.000000	0.000000	35	442	16	0
#90	OLD_SECURITY	29	232	0.000001	0.000000	29	1916	0	0
#92	GET_POSN	79	316	0.000002	0.000000	79	0	2054	0
#93	CHANGE_PASSWORD	1	24	0.000000	0.000000	1	0	16	0
#94	GET_HOUSE	53	744	0.000002	0.000000	53	0	0	848
#95	GET_ENTRY_INFO	515	2060	0.000016	0.000000	515	0	11253	2432
#98	LOGIN_UPDATE	0	0	0	0	85	935	0	0
#104	TREE_GET	6	24	0.000000	0.000000	6	0	787	0
#105	TREE_CHOOSE_TOPIC	5	20	0.000000	0.000000	5	0	275	0
#108	QUEST_ACCEPT	1	4	0.000000	0.000000	1	0	110	0
#112	COMBAT_ACTION	5169	54100	0.000102	0.000000	0	0	0	0
#114	WHATS_NEW	9	0	0.000000	0.000000	9	81990	0	0
#116	GET_LOOK_INFO	83	332	0.000010	0.000000	83	0	24832	0
#126	MASS_SELL	28	1996	0.000025	0.000001	28	0	3900	0
#127	MASS_BUY	51	1896	0.000008	0.000000	51	0	8070	0
#128	GET_SELL_PRICES	32	128	0.000002	0.000000	32	0	5792	0
#130	PLAYER_CHARACTER_LOGIN	79	316	0.000018	0.000000	79	0	3944	0
#131	GET_REPAIR_PRICES	24	96	0.000002	0.000000	24	0	1310	32
#132	MASS_REPAIR	22	644	0.000001	0.000000	22	0	352	0
#135	MAIL_LIST_GET	0	0	0	0	79	0	1045	1136
#145		4540	150312	0.000091	0.000000	0	0	0	0
#150	VERB_GET	2500	44984	0.002922	0.000001	2500	0	39568	432
#151	VERB_DROP	116	1400	0.000011	0.000000	116	0	1856	0
#152	VERB_PUT_IN	233	2992	0.000023	0.000000	233	0	3680	48
#153	VERB_PUT_ON	188	2256	0.000018	0.000000	188	0	2848	160
#154	VERB_TAKE_OFF	129	1548	0.000012	0.000000	129	0	2064	0
#155	VERB_OPEN	369	6620	0.000039	0.000000	369	0	5680	224
#156	VERB_CLOSE	8	112	0.000001	0.000000	8	0	128	0
#158	VERB_UNLOCK	16	384	0.000002	0.000000	16	0	144	112
#160	VERB_ENGAGE	1695	27244	0.000151	0.000000	1695	0	26944	176
#161	VERB_CONSUME	35	428	0.000004	0.000000	35	0	560	0
#162	VERB_SIT	7	84	0.000000	0.000000	7	0	112	0
#163	VERB_STAND	2	24	0.000000	0.000000	2	0	32	0
#164	VERB_GIVE	89	1404	0.000073	0.000001	89	0	1312	112
#165	VERB_MEMORIZE	234	2808	0.000026	0.000000	234	0	3456	288
#167	VERB_USE	10	120	0.000002	0.000000	10	0	160	0
#169	VERB_DYE	26	312	0.000003	0.000000	26	0	416	0
#180	NPC_PULSE	60386	0	0.650897	0.000011	0	0	0	0
#182	COMBAT_PULSE	60386	0	0.002416	0.000000	0	0	0	0
#184	PROCESS_AFFECT_PULSE	1006	0	0.087278	0.000087	0	0	0	0
#185	CHAR_DOIT_PULSE	67	0	0.000002	0.000000	0	0	0	0
#186	HEAL_PULSE	503	0	0.000029	0.000000	0	0	0	0
#188	MONSTER_PULSE	503	0	0.000626	0.000001	0	0	0	0
#189	MAINTENANCE_PULSE	503	0	0.000000	0.000000	0	0	0	0
#193	TOSS_DEAD_HOUSES	2012	0	0.000303	0.000000	0	0	0	0
#194	DUNGEON_QUEUE_PULSE	4025	0	0.002404	0.000001	0	0	0	0
#196	AMBUSH_PULSE	12077	0	0.000616	0.000000	0	0	0	0
#197		1006	0	0.009955	0.000010	0	0	0	0
#210	DATAMGR_LOG_PERMANENT	0	0	0	0	64	2364	0	0
#211	DATAMGR_LOGIN	85	626484	0.000258	0.000003	85	2605	0	0
#212	DATAMGR_LOGOUT	0	0	0	0	59	295	0	0
#214	DATAMGR_SAVE_CHAR	0	0	0	0	15360	131017875	0	0
#218	DATAMGR_REVOKE	0	0	0	0	15	90	0	0
#219	DATAMGR_GAG	0	0	0	0	9	54	0	0
#220	DATAMGR_SETPASS	0	0	0	0	1	18	0	0
#222	DATAMGR_WRITE_HOUSE	0	0	0	0	2657	115140431	0	0
#224	DATAMGR_GET_HOUSE	124	2621288	0.000912	0.000007	124	2509	0	0
#225	DATAMGR_HELLO	0	0	0	0	1	3	0	0
#231		9	81864	0.000001	0.000000	9	45	0	0
#233		79	1512	0.000001	0.000000	79	790	0	0
#236		81	4560	0.000003	0.000000	7612	256142	0	0

	Total)	212003	4462612	0.762484	0.000004	472914	279111894	1214721	6880

Slowest Msg #184 took  0.000127 seconds.
Total process time =  1026.125794
Total run time =          60387