Msg#	Message	Count	Inbound	Total_Time	Average_Time	Count	Outbound	Acked	Naked
#1	CLIENT_CONNECTED	66	0	0.000003	0.000000	0	0	0	0
#2	CLIENT_HUNG_UP	65	0	0.000056	0.000001	0	0	0	0
#14	PLAYER_CHECK_LOGIN	66	1684	0.000003	0.000000	66	2256	0	0
#15	SECURITY	57	0	0.000000	0.000000	0	0	0	0
#16	INN_LOGIN	57	684	0.000001	0.000000	0	0	0	0
#17	SERVER_PING	1736	6944	0.000031	0.000000	1736	0	27776	0
#18	PLAYER_QUERY_CHARACTERS	57	0	0.000014	0.000000	57	164762	0	0
#21	PLAYER_LOGIN	0	0	0	0	57	0	912	0
#22	PLAYER_LOGOUT	5	0	0.000000	0.000000	0	0	0	0
#24	PLAYER_SYSTEM_MSG	0	0	0	0	10	1715	0	0
#25	PLAYER_ACK	0	0	0	0	4152	137800	0	0
#26	PLAYER_NAK	0	0	0	0	28	448	0	0
#32	PLAYER_CHANGE_ROOM	142	1704	0.000042	0.000000	1	0	0	16
#33	PLAYER_NEW_ROOM	0	0	0	0	300	581788	0	0
#37	PLAYER_ROOM_CHAT	102	920	0.000008	0.000000	0	0	0	0
#38	PLAYER_TEXT	0	0	0	0	224	13897	0	0
#41	PLAYER_MOVIE	1526	36560	0.000039	0.000000	1526	0	24416	0
#42	PLAYER_MOVIE_DATA	0	0	0	0	8883	1763219	0	0
#45	PLAYER_DESTROY_OBJECT	0	0	0	0	936	17064	0	0
#52	PLAYER_SHIFT_ROOM	162	648	0.000036	0.000000	4	0	21	48
#55	PLAYER_GET_BIOGRAPHY	50	200	0.000001	0.000000	50	0	3650	0
#57	PLAYER_GET_DESCRIPTION	34	136	0.000002	0.000000	34	0	14692	0
#58	PLAYER_GET_EXTENDED_PROPS	73	292	0.000004	0.000000	73	0	25568	0
#61	PLAYER_WHO	0	0	0	0	7	275	0	0
#69	COMBAT_EXIT	92	0	0.000004	0.000000	210	3044	1472	0
#71	GET_SHOP_INFO	2	8	0.000000	0.000000	2	0	7136	0
#74	SHOP_SELL	1	8	0.000002	0.000002	1	0	16	0
#75	SHOP_GET_PRICE	1	8	0.000000	0.000000	1	0	16	0
#78	MONEY_GIVE	2	24	0.000002	0.000001	2	0	32	0
#79	MONEY_TAKE	68	272	0.000007	0.000000	68	0	1088	0
#80	CAST_SPELL	97	1552	0.000020	0.000000	97	0	1536	16
#81	PLAYER_INFO	0	0	0	0	89	4299	0	0
#87	GROUP_JOIN	13	52	0.000001	0.000000	41	629	683	32
#88	GROUP_LEAVE	0	0	0	0	31	403	0	0
#90	OLD_SECURITY	11	88	0.000000	0.000000	11	741	0	0
#92	GET_POSN	44	176	0.000002	0.000000	44	0	1144	0
#95	GET_ENTRY_INFO	14	56	0.000001	0.000000	14	0	403	16
#98	LOGIN_UPDATE	0	0	0	0	66	726	0	0
#112	COMBAT_ACTION	320	3040	0.000007	0.000000	0	0	0	0
#116	GET_LOOK_INFO	29	116	0.000003	0.000000	29	0	8075	0
#127	MASS_BUY	1	16	0.000000	0.000000	1	0	44	0
#128	GET_SELL_PRICES	2	8	0.000000	0.000000	2	0	258	0
#130	PLAYER_CHARACTER_LOGIN	44	176	0.000029	0.000001	44	0	4817	0
#131	GET_REPAIR_PRICES	9	36	0.000001	0.000000	9	0	441	0
#132	MASS_REPAIR	9	216	0.000000	0.000000	9	0	144	0
#135	MAIL_LIST_GET	0	0	0	0	44	0	5267	192
#136	MAIL_MESSAGE_GET	5	20	0.000000	0.000000	5	0	4769	0
#145		185	6252	0.000004	0.000000	0	0	0	0
#150	VERB_GET	95	1308	0.000072	0.000001	95	0	1520	0
#151	VERB_DROP	8	96	0.000001	0.000000	8	0	128	0
#152	VERB_PUT_IN	24	288	0.000004	0.000000	24	0	368	16
#153	VERB_PUT_ON	24	288	0.000003	0.000000	24	0	304	80
#154	VERB_TAKE_OFF	17	204	0.000002	0.000000	17	0	272	0
#155	VERB_OPEN	14	276	0.000001	0.000000	14	0	224	0
#158	VERB_UNLOCK	2	36	0.000001	0.000000	2	0	32	0
#160	VERB_ENGAGE	34	548	0.000005	0.000000	34	0	512	32
#164	VERB_GIVE	1	20	0.000002	0.000002	1	0	16	0
#165	VERB_MEMORIZE	1	12	0.000000	0.000000	1	0	16	0
#167	VERB_USE	1	12	0.000000	0.000000	1	0	16	0
#169	VERB_DYE	1	12	0.000000	0.000000	1	0	16	0
#180	NPC_PULSE	252177	0	2.132530	0.000008	0	0	0	0
#182	COMBAT_PULSE	252177	0	0.000356	0.000000	0	0	0	0
#184	PROCESS_AFFECT_PULSE	4202	0	0.291615	0.000069	0	0	0	0
#185	CHAR_DOIT_PULSE	280	0	0.000004	0.000000	0	0	0	0
#186	HEAL_PULSE	2101	0	0.000061	0.000000	0	0	0	0
#188	MONSTER_PULSE	2101	0	0.000742	0.000000	0	0	0	0
#189	MAINTENANCE_PULSE	2101	0	0.000001	0.000000	0	0	0	0
#193	TOSS_DEAD_HOUSES	8405	0	0.000043	0.000000	0	0	0	0
#194	DUNGEON_QUEUE_PULSE	16811	0	0.000878	0.000000	0	0	0	0
#196	AMBUSH_PULSE	50435	0	0.002088	0.000000	0	0	0	0
#197		4202	0	0.001283	0.000000	0	0	0	0
#210	DATAMGR_LOG_PERMANENT	0	0	0	0	4	209	0	0
#211	DATAMGR_LOGIN	66	770388	0.000295	0.000004	66	2084	0	0
#212	DATAMGR_LOGOUT	0	0	0	0	56	280	0	0
#214	DATAMGR_SAVE_CHAR	0	0	0	0	1861	20533371	0	0
#222	DATAMGR_WRITE_HOUSE	0	0	0	0	143	2291713	0	0
#224	DATAMGR_GET_HOUSE	14	318368	0.000119	0.000008	14	282	0	0
#225	DATAMGR_HELLO	0	0	0	0	1	3	0	0
#233		49	9668	0.000001	0.000000	49	510	0	0
#236		44	5052	0.000005	0.000000	229	7240	0	0

	Total)	600534	1168472	2.430434	0.000004	21609	25528758	137800	448

Slowest Msg #184 took  0.000117 seconds.
Total process time = -1179.492437
Total run time =         252178