Msg#	Message	Count	Inbound	Total_Time	Average_Time	Count	Outbound	Acked	Naked
#1	CLIENT_CONNECTED	91	0	0.000004	0.000000	0	0	0	0
#2	CLIENT_HUNG_UP	81	0	0.000054	0.000001	0	0	0	0
#14	PLAYER_CHECK_LOGIN	88	2248	0.000004	0.000000	88	2238	0	0
#15	SECURITY	84	0	0.000000	0.000000	0	0	0	0
#16	INN_LOGIN	84	1008	0.000002	0.000000	0	0	0	0
#17	SERVER_PING	10511	42044	0.000167	0.000000	10511	0	168176	0
#18	PLAYER_QUERY_CHARACTERS	84	0	0.000007	0.000000	84	52077	0	0
#21	PLAYER_LOGIN	0	0	0	0	84	0	1344	0
#22	PLAYER_LOGOUT	24	0	0.000000	0.000000	0	0	0	0
#24	PLAYER_SYSTEM_MSG	0	0	0	0	88	14464	0	0
#25	PLAYER_ACK	0	0	0	0	53805	4319760	0	0
#26	PLAYER_NAK	0	0	0	0	667	10672	0	0
#32	PLAYER_CHANGE_ROOM	2271	27252	0.000302	0.000000	159	0	0	2544
#33	PLAYER_NEW_ROOM	0	0	0	0	7117	4735659	0	0
#37	PLAYER_ROOM_CHAT	1163	23552	0.000203	0.000000	0	0	0	0
#38	PLAYER_TEXT	0	0	0	0	7292	432322	0	0
#41	PLAYER_MOVIE	29953	805600	0.000682	0.000000	29944	0	479104	0
#42	PLAYER_MOVIE_DATA	0	0	0	0	179223	9712176	0	0
#45	PLAYER_DESTROY_OBJECT	0	0	0	0	12127	222167	0	0
#48	PLAYER_CREATE_CHARACTER	18	448	0.000012	0.000001	18	0	5878	0
#49	PLAYER_DESTROY_CHARACTER	1	4	0.000000	0.000000	1	0	16	0
#52	PLAYER_SHIFT_ROOM	5043	20172	0.000670	0.000000	77	0	819	608
#55	PLAYER_GET_BIOGRAPHY	235	940	0.000005	0.000000	235	0	14737	0
#56	PLAYER_SET_BIOGRAPHY	19	940	0.000004	0.000000	19	0	304	0
#57	PLAYER_GET_DESCRIPTION	342	1368	0.000025	0.000000	342	0	161160	0
#58	PLAYER_GET_EXTENDED_PROPS	199	796	0.000008	0.000000	199	0	64618	0
#59	PLAYER_SET_HEAD_DATA	18	360	0.000003	0.000000	18	0	288	0
#61	PLAYER_WHO	0	0	0	0	48	3319	0	0
#69	COMBAT_EXIT	1325	0	0.000042	0.000000	2684	25310	21200	0
#71	GET_SHOP_INFO	311	1244	0.000131	0.000000	311	0	3093697	0
#73	SHOP_EXAMINE	56	448	0.000006	0.000000	56	0	14222	0
#74	SHOP_SELL	8	64	0.000007	0.000001	8	0	128	0
#75	SHOP_GET_PRICE	9	72	0.000000	0.000000	9	0	144	0
#78	MONEY_GIVE	10	120	0.000007	0.000001	10	0	160	0
#79	MONEY_TAKE	47	188	0.000005	0.000000	47	0	752	0
#80	CAST_SPELL	2830	45280	0.000364	0.000000	2830	0	45216	64
#81	PLAYER_INFO	0	0	0	0	162	7293	0	0
#87	GROUP_JOIN	35	140	0.000001	0.000000	99	1454	1588	16
#88	GROUP_LEAVE	8	0	0.000000	0.000000	73	845	128	0
#90	OLD_SECURITY	32	256	0.000001	0.000000	34	2206	0	0
#92	GET_POSN	81	324	0.000003	0.000000	81	0	2106	0
#94	GET_HOUSE	8	96	0.000000	0.000000	8	0	0	128
#95	GET_ENTRY_INFO	1166	4664	0.000035	0.000000	1166	0	29605	3376
#98	LOGIN_UPDATE	0	0	0	0	88	968	0	0
#101	SHOP_RECHARGE	1	8	0.000000	0.000000	1	0	16	0
#102	SHOP_GET_RECHARGE_PRICE	1	8	0.000000	0.000000	1	0	16	0
#104	TREE_GET	11	44	0.000001	0.000000	11	0	2200	0
#105	TREE_CHOOSE_TOPIC	16	64	0.000000	0.000000	16	0	2784	0
#106	TREE_GET_TEXT	10	40	0.000000	0.000000	10	0	896	0
#107	TREE_BACK	3	0	0.000000	0.000000	3	0	464	0
#108	QUEST_ACCEPT	1	4	0.000000	0.000000	1	0	110	0
#112	COMBAT_ACTION	3573	46132	0.000073	0.000000	0	0	0	0
#113	CREATE_OBJECT	2	40	0.000001	0.000000	0	0	0	0
#114	WHATS_NEW	4	0	0.000000	0.000000	4	2254	0	0
#115	SET_ENGRAVE_NAME	56	1008	0.000001	0.000000	0	0	0	0
#116	GET_LOOK_INFO	118	472	0.000011	0.000000	118	0	32305	0
#117	SELL_CRYSTALS	1	8	0.000000	0.000000	1	0	25	0
#126	MASS_SELL	113	8924	0.000064	0.000001	113	0	17485	0
#127	MASS_BUY	241	6196	0.000039	0.000000	241	0	32791	0
#128	GET_SELL_PRICES	127	508	0.000007	0.000000	127	0	22543	128
#130	PLAYER_CHARACTER_LOGIN	81	324	0.000008	0.000000	81	0	2608	0
#131	GET_REPAIR_PRICES	6	24	0.000000	0.000000	6	0	179	48
#132	MASS_REPAIR	3	88	0.000000	0.000000	3	0	48	0
#135	MAIL_LIST_GET	9	0	0.000000	0.000000	90	0	1040	1136
#136	MAIL_MESSAGE_GET	11	44	0.000000	0.000000	11	0	3223	0
#137	MAIL_MESSAGE_DELETE	6	24	0.000000	0.000000	6	0	126	0
#138	MAIL_MESSAGE_SEND	7	10560	0.000000	0.000000	7	0	119	0
#145		5337	142932	0.000101	0.000000	0	0	0	0
#150	VERB_GET	2689	47440	0.001234	0.000000	2689	0	42592	432
#151	VERB_DROP	272	3324	0.000024	0.000000	272	0	4352	0
#152	VERB_PUT_IN	112	1524	0.000010	0.000000	112	0	1696	96
#153	VERB_PUT_ON	379	4588	0.000035	0.000000	379	0	5632	432
#154	VERB_TAKE_OFF	289	3468	0.000023	0.000000	289	0	4624	0
#155	VERB_OPEN	594	12244	0.000032	0.000000	594	0	9392	112
#156	VERB_CLOSE	31	632	0.000001	0.000000	31	0	496	0
#158	VERB_UNLOCK	9	180	0.000001	0.000000	9	0	144	0
#160	VERB_ENGAGE	829	13344	0.000090	0.000000	829	0	13088	176
#161	VERB_CONSUME	139	1708	0.000021	0.000000	139	0	2224	0
#162	VERB_SIT	7	84	0.000000	0.000000	7	0	112	0
#163	VERB_STAND	3	36	0.000000	0.000000	3	0	48	0
#164	VERB_GIVE	125	1752	0.000070	0.000001	125	0	1904	96
#165	VERB_MEMORIZE	540	6480	0.000050	0.000000	540	0	7360	1280
#167	VERB_USE	1	12	0.000000	0.000000	1	0	16	0
#169	VERB_DYE	107	1284	0.000014	0.000000	107	0	1712	0
#180	NPC_PULSE	101151	0	0.874137	0.000009	0	0	0	0
#182	COMBAT_PULSE	101151	0	0.001155	0.000000	0	0	0	0
#184	PROCESS_AFFECT_PULSE	1685	0	0.115284	0.000068	0	0	0	0
#185	CHAR_DOIT_PULSE	112	0	0.000002	0.000000	0	0	0	0
#186	HEAL_PULSE	842	0	0.000032	0.000000	0	0	0	0
#188	MONSTER_PULSE	842	0	0.000301	0.000000	0	0	0	0
#189	MAINTENANCE_PULSE	842	0	0.000000	0.000000	0	0	0	0
#193	TOSS_DEAD_HOUSES	3371	0	0.000049	0.000000	0	0	0	0
#194	DUNGEON_QUEUE_PULSE	6743	0	0.002792	0.000000	0	0	0	0
#196	AMBUSH_PULSE	20230	0	0.000841	0.000000	0	0	0	0
#197		1685	0	0.003192	0.000002	0	0	0	0
#210	DATAMGR_LOG_PERMANENT	0	0	0	0	470	25016	0	0
#211	DATAMGR_LOGIN	88	247564	0.000116	0.000001	88	2841	0	0
#212	DATAMGR_LOGOUT	0	0	0	0	74	370	0	0
#213	DATAMGR_NEW_CHAR	18	360	0.000011	0.000001	18	24218	0	0
#214	DATAMGR_SAVE_CHAR	0	0	0	0	13258	44386801	0	0
#215	DATAMGR_DEL_CHAR	0	0	0	0	1	9	0	0
#221	DATAMGR_NEW_HOUSE	0	0	0	0	18	38940	0	0
#222	DATAMGR_WRITE_HOUSE	0	0	0	0	4933	20445640	0	0
#224	DATAMGR_GET_HOUSE	79	241628	0.000080	0.000001	79	1440	0	0
#225	DATAMGR_HELLO	0	0	0	0	1	3	0	0
#231		4	2240	0.000000	0.000000	4	20	0	0
#232		0	0	0	0	55	1986	0	0
#233		114	4636	0.000002	0.000000	114	11810	0	0
#236		83	2636	0.000002	0.000000	6517	194259	0	0
#253		0	0	0	0	1	5	0	0
#254	CLIENT_HACKED_MSG	2	16	0.000000	0.000000	0	0	0	0

	Total)	311141	1794260	1.002666	0.000003	342420	84678542	4319760	10672

Slowest Msg #184 took  0.000105 seconds.
Total process time =  1337.897134
Total run time =         101152