Msg#	Message	Count	Inbound	Total_Time	Average_Time	Count	Outbound	Acked	Naked
#1	CLIENT_CONNECTED	12	0	0.000001	0.000000	0	0	0	0
#2	CLIENT_HUNG_UP	11	0	0.000008	0.000001	0	0	0	0
#14	PLAYER_CHECK_LOGIN	14	260	0.000001	0.000000	14	564	0	0
#15	SECURITY	11	0	0.000000	0.000000	0	0	0	0
#16	INN_LOGIN	11	132	0.000000	0.000000	0	0	0	0
#17	SERVER_PING	378	1512	0.000006	0.000000	378	0	6048	0
#18	PLAYER_QUERY_CHARACTERS	11	0	0.000001	0.000000	11	14228	0	0
#21	PLAYER_LOGIN	0	0	0	0	11	0	176	0
#22	PLAYER_LOGOUT	4	0	0.000000	0.000000	0	0	0	0
#24	PLAYER_SYSTEM_MSG	0	0	0	0	2	286	0	0
#25	PLAYER_ACK	0	0	0	0	885	24453	0	0
#26	PLAYER_NAK	0	0	0	0	19	304	0	0
#32	PLAYER_CHANGE_ROOM	19	228	0.000002	0.000000	1	0	0	16
#33	PLAYER_NEW_ROOM	0	0	0	0	86	59239	0	0
#37	PLAYER_ROOM_CHAT	57	628	0.000011	0.000000	0	0	0	0
#38	PLAYER_TEXT	0	0	0	0	229	10380	0	0
#41	PLAYER_MOVIE	366	10048	0.000008	0.000000	366	0	5856	0
#42	PLAYER_MOVIE_DATA	0	0	0	0	6904	202166	0	0
#45	PLAYER_DESTROY_OBJECT	0	0	0	0	517	8837	0	0
#48	PLAYER_CREATE_CHARACTER	2	44	0.000001	0.000001	2	0	863	0
#49	PLAYER_DESTROY_CHARACTER	2	8	0.000001	0.000000	2	0	32	0
#52	PLAYER_SHIFT_ROOM	72	288	0.000008	0.000000	4	0	0	64
#55	PLAYER_GET_BIOGRAPHY	11	44	0.000000	0.000000	11	0	803	0
#56	PLAYER_SET_BIOGRAPHY	2	120	0.000000	0.000000	2	0	32	0
#57	PLAYER_GET_DESCRIPTION	7	28	0.000000	0.000000	7	0	1524	0
#58	PLAYER_GET_EXTENDED_PROPS	17	68	0.000000	0.000000	17	0	5754	0
#59	PLAYER_SET_HEAD_DATA	2	40	0.000000	0.000000	2	0	32	0
#61	PLAYER_WHO	0	0	0	0	5	169	0	0
#69	COMBAT_EXIT	6	0	0.000000	0.000000	14	160	96	0
#80	CAST_SPELL	3	48	0.000000	0.000000	3	0	48	0
#81	PLAYER_INFO	0	0	0	0	56	2204	0	0
#92	GET_POSN	11	44	0.000000	0.000000	11	0	286	0
#94	GET_HOUSE	1	12	0.000000	0.000000	1	0	0	16
#95	GET_ENTRY_INFO	2	8	0.000000	0.000000	2	0	62	0
#98	LOGIN_UPDATE	0	0	0	0	14	154	0	0
#112	COMBAT_ACTION	12	124	0.000000	0.000000	0	0	0	0
#116	GET_LOOK_INFO	6	24	0.000000	0.000000	6	0	1762	0
#130	PLAYER_CHARACTER_LOGIN	11	44	0.000004	0.000000	11	0	311	0
#135	MAIL_LIST_GET	0	0	0	0	11	0	0	176
#145		9	108	0.000000	0.000000	0	0	0	0
#150	VERB_GET	10	152	0.000006	0.000001	10	0	160	0
#153	VERB_PUT_ON	12	144	0.000001	0.000000	12	0	160	32
#154	VERB_TAKE_OFF	16	192	0.000001	0.000000	16	0	256	0
#155	VERB_OPEN	2	56	0.000000	0.000000	2	0	32	0
#160	VERB_ENGAGE	8	128	0.000001	0.000000	8	0	128	0
#169	VERB_DYE	2	24	0.000000	0.000000	2	0	32	0
#180	NPC_PULSE	89984	0	0.065651	0.000001	0	0	0	0
#182	COMBAT_PULSE	89984	0	0.000086	0.000000	0	0	0	0
#184	PROCESS_AFFECT_PULSE	1499	0	0.008742	0.000006	0	0	0	0
#185	CHAR_DOIT_PULSE	99	0	0.000000	0.000000	0	0	0	0
#186	HEAL_PULSE	749	0	0.000004	0.000000	0	0	0	0
#188	MONSTER_PULSE	749	0	0.000014	0.000000	0	0	0	0
#189	MAINTENANCE_PULSE	749	0	0.000001	0.000000	0	0	0	0
#193	TOSS_DEAD_HOUSES	2999	0	0.000004	0.000000	0	0	0	0
#194	DUNGEON_QUEUE_PULSE	5998	0	0.000058	0.000000	0	0	0	0
#196	AMBUSH_PULSE	17996	0	0.000133	0.000000	0	0	0	0
#197		1499	0	0.000115	0.000000	0	0	0	0
#210	DATAMGR_LOG_PERMANENT	0	0	0	0	21	661	0	0
#211	DATAMGR_LOGIN	14	61800	0.000027	0.000002	14	359	0	0
#212	DATAMGR_LOGOUT	0	0	0	0	10	50	0	0
#213	DATAMGR_NEW_CHAR	2	40	0.000001	0.000001	2	3598	0	0
#214	DATAMGR_SAVE_CHAR	0	0	0	0	411	1210166	0	0
#215	DATAMGR_DEL_CHAR	0	0	0	0	2	18	0	0
#221	DATAMGR_NEW_HOUSE	0	0	0	0	2	4282	0	0
#222	DATAMGR_WRITE_HOUSE	0	0	0	0	7	14958	0	0
#224	DATAMGR_GET_HOUSE	3	6464	0.000001	0.000000	3	47	0	0
#225	DATAMGR_HELLO	0	0	0	0	1	3	0	0
#233		11	88	0.000000	0.000000	11	110	0	0
#236		11	308	0.000000	0.000000	245	7004	0	0

	Total)	213466	83256	0.074901	0.000000	10383	1564400	24453	304

Slowest Msg #180 took  0.000017 seconds.
Total process time =  432.848631
Total run time =          89985