Msg#	Message	Count	Inbound	Total_Time	Average_Time	Count	Outbound	Acked	Naked
#1	CLIENT_CONNECTED	17	0	0.000001	0.000000	0	0	0	0
#2	CLIENT_HUNG_UP	16	0	0.000011	0.000001	0	0	0	0
#14	PLAYER_CHECK_LOGIN	18	320	0.000001	0.000000	18	468	0	0
#15	SECURITY	17	0	0.000000	0.000000	0	0	0	0
#16	INN_LOGIN	17	204	0.000000	0.000000	0	0	0	0
#17	SERVER_PING	394	1576	0.000006	0.000000	394	0	6304	0
#18	PLAYER_QUERY_CHARACTERS	17	0	0.000001	0.000000	17	12238	0	0
#21	PLAYER_LOGIN	0	0	0	0	17	0	272	0
#22	PLAYER_LOGOUT	2	0	0.000000	0.000000	0	0	0	0
#24	PLAYER_SYSTEM_MSG	0	0	0	0	1	45	0	0
#25	PLAYER_ACK	0	0	0	0	1204	50839	0	0
#26	PLAYER_NAK	0	0	0	0	23	368	0	0
#32	PLAYER_CHANGE_ROOM	41	492	0.000005	0.000000	0	0	0	0
#33	PLAYER_NEW_ROOM	0	0	0	0	148	93671	0	0
#37	PLAYER_ROOM_CHAT	108	1380	0.000012	0.000000	0	0	0	0
#38	PLAYER_TEXT	0	0	0	0	208	11263	0	0
#41	PLAYER_MOVIE	616	16256	0.000020	0.000000	616	0	9856	0
#42	PLAYER_MOVIE_DATA	0	0	0	0	6851	216932	0	0
#45	PLAYER_DESTROY_OBJECT	0	0	0	0	681	11617	0	0
#52	PLAYER_SHIFT_ROOM	107	428	0.000011	0.000000	0	0	0	0
#55	PLAYER_GET_BIOGRAPHY	13	52	0.000000	0.000000	13	0	949	0
#57	PLAYER_GET_DESCRIPTION	14	56	0.000001	0.000000	14	0	5986	0
#58	PLAYER_GET_EXTENDED_PROPS	23	92	0.000001	0.000000	23	0	8096	0
#61	PLAYER_WHO	0	0	0	0	7	287	0	0
#69	COMBAT_EXIT	6	0	0.000000	0.000000	14	144	96	0
#71	GET_SHOP_INFO	2	8	0.000001	0.000000	2	0	14406	0
#73	SHOP_EXAMINE	2	16	0.000000	0.000000	2	0	150	0
#79	MONEY_TAKE	1	4	0.000000	0.000000	1	0	16	0
#80	CAST_SPELL	10	160	0.000002	0.000000	10	0	160	0
#81	PLAYER_INFO	0	0	0	0	75	2973	0	0
#84	FATAL_DATA	2	640	0.000001	0.000000	2	0	32	0
#92	GET_POSN	16	64	0.000001	0.000000	16	0	416	0
#94	GET_HOUSE	1	12	0.000000	0.000000	1	0	0	16
#95	GET_ENTRY_INFO	15	60	0.000000	0.000000	15	0	372	48
#98	LOGIN_UPDATE	0	0	0	0	18	198	0	0
#112	COMBAT_ACTION	8	44	0.000000	0.000000	0	0	0	0
#116	GET_LOOK_INFO	7	28	0.000000	0.000000	7	0	2262	0
#130	PLAYER_CHARACTER_LOGIN	16	64	0.000002	0.000000	16	0	618	0
#135	MAIL_LIST_GET	0	0	0	0	15	0	0	240
#145		11	176	0.000000	0.000000	0	0	0	0
#150	VERB_GET	21	296	0.000007	0.000000	21	0	336	0
#153	VERB_PUT_ON	8	96	0.000000	0.000000	8	0	64	64
#154	VERB_TAKE_OFF	4	48	0.000000	0.000000	4	0	64	0
#155	VERB_OPEN	18	376	0.000003	0.000000	18	0	288	0
#158	VERB_UNLOCK	1	12	0.000000	0.000000	1	0	16	0
#160	VERB_ENGAGE	2	32	0.000000	0.000000	2	0	32	0
#162	VERB_SIT	1	12	0.000000	0.000000	1	0	16	0
#167	VERB_USE	2	24	0.000002	0.000001	2	0	32	0
#180	NPC_PULSE	14395	0	0.152804	0.000011	0	0	0	0
#182	COMBAT_PULSE	14395	0	0.000019	0.000000	0	0	0	0
#184	PROCESS_AFFECT_PULSE	239	0	0.020736	0.000087	0	0	0	0
#185	CHAR_DOIT_PULSE	15	0	0.000000	0.000000	0	0	0	0
#186	HEAL_PULSE	119	0	0.000004	0.000000	0	0	0	0
#188	MONSTER_PULSE	119	0	0.000068	0.000001	0	0	0	0
#189	MAINTENANCE_PULSE	119	0	0.000000	0.000000	0	0	0	0
#193	TOSS_DEAD_HOUSES	479	0	0.000003	0.000000	0	0	0	0
#194	DUNGEON_QUEUE_PULSE	959	0	0.000053	0.000000	0	0	0	0
#196	AMBUSH_PULSE	2879	0	0.000127	0.000000	0	0	0	0
#197		239	0	0.000088	0.000000	0	0	0	0
#210	DATAMGR_LOG_PERMANENT	0	0	0	0	10	336	0	0
#211	DATAMGR_LOGIN	18	46156	0.000021	0.000001	18	448	0	0
#212	DATAMGR_LOGOUT	0	0	0	0	16	80	0	0
#214	DATAMGR_SAVE_CHAR	0	0	0	0	378	905402	0	0
#222	DATAMGR_WRITE_HOUSE	0	0	0	0	54	166803	0	0
#224	DATAMGR_GET_HOUSE	5	15084	0.000003	0.000001	5	82	0	0
#225	DATAMGR_HELLO	0	0	0	0	1	3	0	0
#233		15	120	0.000000	0.000000	15	150	0	0
#236		16	576	0.000001	0.000000	27	380	0	0

	Total)	35585	84964	0.174021	0.000005	11010	1474727	50839	368

Slowest Msg #184 took  0.000132 seconds.
Total process time =  271.081927
Total run time =          14396