Msg#	Message	Count	Inbound	Total_Time	Average_Time	Count	Outbound	Acked	Naked
#1	CLIENT_CONNECTED	42	0	0.000002	0.000000	0	0	0	0
#2	CLIENT_HUNG_UP	25	0	0.000026	0.000001	0	0	0	0
#14	PLAYER_CHECK_LOGIN	45	1060	0.000002	0.000000	45	1315	0	0
#15	SECURITY	40	0	0.000000	0.000000	0	0	0	0
#16	INN_LOGIN	40	480	0.000001	0.000000	0	0	0	0
#17	SERVER_PING	5746	22984	0.000085	0.000000	5746	0	91936	0
#18	PLAYER_QUERY_CHARACTERS	40	0	0.000006	0.000000	40	65491	0	0
#21	PLAYER_LOGIN	0	0	0	0	40	0	640	0
#22	PLAYER_LOGOUT	6	0	0.000000	0.000000	0	0	0	0
#24	PLAYER_SYSTEM_MSG	0	0	0	0	49	4787	0	0
#25	PLAYER_ACK	0	0	0	0	16871	426042	0	0
#26	PLAYER_NAK	0	0	0	0	118	1888	0	0
#32	PLAYER_CHANGE_ROOM	428	5136	0.000120	0.000000	29	0	0	464
#33	PLAYER_NEW_ROOM	0	0	0	0	1299	2170148	0	0
#37	PLAYER_ROOM_CHAT	210	2584	0.000020	0.000000	0	0	0	0
#38	PLAYER_TEXT	0	0	0	0	3083	170449	0	0
#41	PLAYER_MOVIE	7538	186100	0.000187	0.000000	7535	0	120560	0
#42	PLAYER_MOVIE_DATA	0	0	0	0	117625	11230019	0	0
#45	PLAYER_DESTROY_OBJECT	0	0	0	0	10043	178259	0	0
#52	PLAYER_SHIFT_ROOM	904	3616	0.000183	0.000000	5	0	21	64
#55	PLAYER_GET_BIOGRAPHY	68	272	0.000001	0.000000	68	0	6234	0
#57	PLAYER_GET_DESCRIPTION	104	416	0.000007	0.000000	104	0	36308	0
#58	PLAYER_GET_EXTENDED_PROPS	73	292	0.000004	0.000000	73	0	25724	0
#61	PLAYER_WHO	0	0	0	0	9	1576	0	0
#69	COMBAT_EXIT	896	0	0.000033	0.000000	1890	19668	14336	0
#71	GET_SHOP_INFO	12	48	0.000002	0.000000	12	0	72151	0
#73	SHOP_EXAMINE	1	8	0.000000	0.000000	1	0	139	0
#74	SHOP_SELL	12	96	0.000004	0.000000	12	0	192	0
#75	SHOP_GET_PRICE	12	96	0.000000	0.000000	12	0	192	0
#79	MONEY_TAKE	236	944	0.000028	0.000000	236	0	3664	112
#80	CAST_SPELL	634	10144	0.000112	0.000000	634	0	10112	32
#81	PLAYER_INFO	0	0	0	0	126	5042	0	0
#84	FATAL_DATA	4	1524	0.000001	0.000000	4	0	64	0
#87	GROUP_JOIN	17	68	0.000001	0.000000	63	1141	1098	0
#88	GROUP_LEAVE	0	0	0	0	20	260	0	0
#90	OLD_SECURITY	17	136	0.000001	0.000000	17	1128	0	0
#92	GET_POSN	39	156	0.000001	0.000000	39	0	1014	0
#94	GET_HOUSE	2	24	0.000000	0.000000	2	0	0	32
#95	GET_ENTRY_INFO	39	156	0.000001	0.000000	39	0	899	160
#98	LOGIN_UPDATE	0	0	0	0	45	495	0	0
#112	COMBAT_ACTION	2639	26952	0.000051	0.000000	0	0	0	0
#114	WHATS_NEW	3	0	0.000000	0.000000	3	32075	0	0
#115	SET_ENGRAVE_NAME	1	20	0.000000	0.000000	0	0	0	0
#116	GET_LOOK_INFO	34	136	0.000004	0.000000	34	0	10163	0
#126	MASS_SELL	12	1408	0.000009	0.000001	12	0	2780	0
#127	MASS_BUY	9	240	0.000001	0.000000	9	0	1023	0
#128	GET_SELL_PRICES	13	52	0.000001	0.000000	13	0	3541	0
#130	PLAYER_CHARACTER_LOGIN	39	156	0.000008	0.000000	39	0	1930	0
#131	GET_REPAIR_PRICES	11	44	0.000000	0.000000	11	0	441	32
#132	MASS_REPAIR	8	196	0.000000	0.000000	8	0	128	0
#135	MAIL_LIST_GET	0	0	0	0	39	0	0	624
#145		2109	62048	0.000040	0.000000	0	0	0	0
#150	VERB_GET	712	11736	0.000375	0.000001	712	0	11344	48
#151	VERB_DROP	25	300	0.000003	0.000000	25	0	400	0
#152	VERB_PUT_IN	74	968	0.000010	0.000000	74	0	1184	0
#153	VERB_PUT_ON	83	1004	0.000010	0.000000	83	0	1264	64
#154	VERB_TAKE_OFF	58	708	0.000006	0.000000	58	0	928	0
#155	VERB_OPEN	57	1164	0.000015	0.000000	57	0	800	112
#156	VERB_CLOSE	2	32	0.000000	0.000000	2	0	32	0
#157	VERB_LOCK	1	44	0.000000	0.000000	1	0	16	0
#158	VERB_UNLOCK	12	304	0.000002	0.000000	12	0	192	0
#160	VERB_ENGAGE	208	3328	0.000025	0.000000	208	0	3328	0
#161	VERB_CONSUME	19	228	0.000004	0.000000	19	0	304	0
#162	VERB_SIT	3	36	0.000000	0.000000	3	0	48	0
#163	VERB_STAND	1	12	0.000000	0.000000	1	0	16	0
#164	VERB_GIVE	32	472	0.000026	0.000001	32	0	448	64
#165	VERB_MEMORIZE	29	348	0.000004	0.000000	29	0	384	80
#167	VERB_USE	2	24	0.000000	0.000000	2	0	32	0
#169	VERB_DYE	2	24	0.000000	0.000000	2	0	32	0
#180	NPC_PULSE	33314	0	0.349384	0.000010	0	0	0	0
#182	COMBAT_PULSE	33314	0	0.000997	0.000000	0	0	0	0
#184	PROCESS_AFFECT_PULSE	555	0	0.046494	0.000084	0	0	0	0
#185	CHAR_DOIT_PULSE	37	0	0.000001	0.000000	0	0	0	0
#186	HEAL_PULSE	277	0	0.000014	0.000000	0	0	0	0
#188	MONSTER_PULSE	277	0	0.000178	0.000001	0	0	0	0
#189	MAINTENANCE_PULSE	277	0	0.000000	0.000000	0	0	0	0
#193	TOSS_DEAD_HOUSES	1110	0	0.000044	0.000000	0	0	0	0
#194	DUNGEON_QUEUE_PULSE	2220	0	0.000383	0.000000	0	0	0	0
#196	AMBUSH_PULSE	6662	0	0.000309	0.000000	0	0	0	0
#197		555	0	0.004992	0.000009	0	0	0	0
#210	DATAMGR_LOG_PERMANENT	0	0	0	0	11	573	0	0
#211	DATAMGR_LOGIN	45	295252	0.000133	0.000003	45	1349	0	0
#212	DATAMGR_LOGOUT	0	0	0	0	24	120	0	0
#214	DATAMGR_SAVE_CHAR	0	0	0	0	6409	35775944	0	0
#222	DATAMGR_WRITE_HOUSE	0	0	0	0	1096	78158976	0	0
#224	DATAMGR_GET_HOUSE	26	585768	0.000186	0.000007	26	517	0	0
#225	DATAMGR_HELLO	0	0	0	0	1	3	0	0
#231		3	32036	0.000000	0.000000	3	15	0	0
#232		0	0	0	0	1	34	0	0
#233		39	312	0.000000	0.000000	39	390	0	0
#236		39	2060	0.000001	0.000000	3070	97562	0	0

	Total)	102178	1263752	0.404543	0.000004	178147	128345266	426042	1888

Slowest Msg #184 took  0.000122 seconds.
Total process time =  554.184050
Total run time =          33315