Msg#	Message	Count	Inbound	Total_Time	Average_Time	Count	Outbound	Acked	Naked
#1	CLIENT_CONNECTED	23	0	0.000001	0.000000	0	0	0	0
#2	CLIENT_HUNG_UP	22	0	0.000023	0.000001	0	0	0	0
#14	PLAYER_CHECK_LOGIN	28	560	0.000001	0.000000	28	1288	0	0
#15	SECURITY	21	0	0.000000	0.000000	0	0	0	0
#16	INN_LOGIN	21	252	0.000000	0.000000	0	0	0	0
#17	SERVER_PING	744	2976	0.000011	0.000000	744	0	11904	0
#18	PLAYER_QUERY_CHARACTERS	21	0	0.000004	0.000000	21	81484	0	0
#21	PLAYER_LOGIN	0	0	0	0	21	0	336	0
#22	PLAYER_LOGOUT	3	0	0.000000	0.000000	0	0	0	0
#24	PLAYER_SYSTEM_MSG	0	0	0	0	22	1843	0	0
#25	PLAYER_ACK	0	0	0	0	6105	138286	0	0
#26	PLAYER_NAK	0	0	0	0	287	4592	0	0
#32	PLAYER_CHANGE_ROOM	537	6444	0.000123	0.000000	6	0	0	96
#33	PLAYER_NEW_ROOM	0	0	0	0	777	776644	0	0
#37	PLAYER_ROOM_CHAT	208	4260	0.000029	0.000000	0	0	0	0
#38	PLAYER_TEXT	0	0	0	0	1186	65289	0	0
#41	PLAYER_MOVIE	4021	95384	0.000095	0.000000	4021	0	64336	0
#42	PLAYER_MOVIE_DATA	0	0	0	0	14227	1171084	0	0
#45	PLAYER_DESTROY_OBJECT	0	0	0	0	1443	26211	0	0
#52	PLAYER_SHIFT_ROOM	250	1000	0.000037	0.000000	4	0	0	64
#55	PLAYER_GET_BIOGRAPHY	64	256	0.000001	0.000000	64	0	4672	0
#57	PLAYER_GET_DESCRIPTION	10	40	0.000001	0.000000	10	0	3562	0
#58	PLAYER_GET_EXTENDED_PROPS	53	212	0.000002	0.000000	53	0	18336	0
#61	PLAYER_WHO	0	0	0	0	11	397	0	0
#69	COMBAT_EXIT	286	0	0.000008	0.000000	576	5456	4576	0
#71	GET_SHOP_INFO	1	4	0.000000	0.000000	1	0	2080	0
#76	MONEY_DROP	9	72	0.000001	0.000000	9	0	144	0
#77	MONEY_PUT	1	12	0.000000	0.000000	1	0	16	0
#78	MONEY_GIVE	1	12	0.000001	0.000001	1	0	16	0
#79	MONEY_TAKE	2	8	0.000000	0.000000	2	0	32	0
#80	CAST_SPELL	63	1008	0.000010	0.000000	63	0	1008	0
#81	PLAYER_INFO	0	0	0	0	290	9903	0	0
#84	FATAL_DATA	1	368	0.000000	0.000000	1	0	16	0
#92	GET_POSN	21	84	0.000001	0.000000	21	0	546	0
#94	GET_HOUSE	3	36	0.000000	0.000000	3	0	0	48
#95	GET_ENTRY_INFO	466	1864	0.000016	0.000000	466	0	7192	3744
#98	LOGIN_UPDATE	0	0	0	0	28	308	0	0
#112	COMBAT_ACTION	210	840	0.000003	0.000000	0	0	0	0
#116	GET_LOOK_INFO	32	128	0.000003	0.000000	32	0	7788	0
#126	MASS_SELL	3	60	0.000003	0.000001	3	0	111	0
#127	MASS_BUY	1	32	0.000000	0.000000	1	0	122	0
#128	GET_SELL_PRICES	3	12	0.000000	0.000000	3	0	2011	0
#130	PLAYER_CHARACTER_LOGIN	21	84	0.000002	0.000000	21	0	1109	0
#131	GET_REPAIR_PRICES	6	24	0.000001	0.000000	6	0	213	16
#132	MASS_REPAIR	5	104	0.000000	0.000000	5	0	80	0
#135	MAIL_LIST_GET	0	0	0	0	21	0	0	336
#145		69	1216	0.000001	0.000000	0	0	0	0
#150	VERB_GET	27	444	0.000013	0.000000	27	0	432	0
#151	VERB_DROP	110	1320	0.000012	0.000000	110	0	1760	0
#152	VERB_PUT_IN	18	228	0.000002	0.000000	18	0	288	0
#153	VERB_PUT_ON	50	600	0.000010	0.000000	50	0	544	256
#154	VERB_TAKE_OFF	23	276	0.000002	0.000000	23	0	368	0
#155	VERB_OPEN	9	172	0.000003	0.000000	9	0	144	0
#160	VERB_ENGAGE	275	4408	0.000025	0.000000	275	0	4384	16
#165	VERB_MEMORIZE	5	60	0.000000	0.000000	5	0	64	16
#167	VERB_USE	6	72	0.000001	0.000000	6	0	96	0
#180	NPC_PULSE	7357	0	0.078442	0.000011	0	0	0	0
#182	COMBAT_PULSE	7357	0	0.000184	0.000000	0	0	0	0
#184	PROCESS_AFFECT_PULSE	122	0	0.011263	0.000092	0	0	0	0
#185	CHAR_DOIT_PULSE	8	0	0.000000	0.000000	0	0	0	0
#186	HEAL_PULSE	61	0	0.000004	0.000000	0	0	0	0
#188	MONSTER_PULSE	61	0	0.000026	0.000000	0	0	0	0
#189	MAINTENANCE_PULSE	61	0	0.000000	0.000000	0	0	0	0
#193	TOSS_DEAD_HOUSES	245	0	0.000030	0.000000	0	0	0	0
#194	DUNGEON_QUEUE_PULSE	490	0	0.003244	0.000007	0	0	0	0
#196	AMBUSH_PULSE	1471	0	0.000082	0.000000	0	0	0	0
#197		122	0	0.000755	0.000006	0	0	0	0
#210	DATAMGR_LOG_PERMANENT	0	0	0	0	37	1141	0	0
#211	DATAMGR_LOGIN	28	446572	0.000229	0.000008	28	784	0	0
#212	DATAMGR_LOGOUT	0	0	0	0	20	100	0	0
#214	DATAMGR_SAVE_CHAR	0	0	0	0	770	9114478	0	0
#222	DATAMGR_WRITE_HOUSE	0	0	0	0	185	9202714	0	0
#224	DATAMGR_GET_HOUSE	15	495872	0.000169	0.000011	15	254	0	0
#225	DATAMGR_HELLO	0	0	0	0	1	3	0	0
#233		21	168	0.000000	0.000000	21	210	0	0
#236		21	1360	0.000001	0.000000	212	5320	0	0

	Total)	25193	1068904	0.094876	0.000004	32396	20607789	138286	4592

Slowest Msg #184 took  0.000143 seconds.
Total process time =  127.198074
Total run time =           7358