Msg#	Message	Count	Inbound	Total_Time	Average_Time	Count	Outbound	Acked	Naked
#1	CLIENT_CONNECTED	88	0	0.000003	0.000000	0	0	0	0
#2	CLIENT_HUNG_UP	84	0	0.000069	0.000001	0	0	0	0
#14	PLAYER_CHECK_LOGIN	89	2172	0.000003	0.000000	89	2067	0	0
#15	SECURITY	87	0	0.000000	0.000000	0	0	0	0
#16	INN_LOGIN	87	1044	0.000002	0.000000	0	0	0	0
#17	SERVER_PING	6863	27452	0.000118	0.000000	6863	0	109808	0
#18	PLAYER_QUERY_CHARACTERS	87	0	0.000017	0.000000	87	172723	0	0
#21	PLAYER_LOGIN	0	0	0	0	87	0	1392	0
#22	PLAYER_LOGOUT	41	0	0.000000	0.000000	0	0	0	0
#24	PLAYER_SYSTEM_MSG	0	0	0	0	111	12264	0	0
#25	PLAYER_ACK	0	0	0	0	36068	880407	0	0
#26	PLAYER_NAK	0	0	0	0	387	6192	0	0
#32	PLAYER_CHANGE_ROOM	1001	12012	0.000247	0.000000	38	0	0	608
#33	PLAYER_NEW_ROOM	0	0	0	0	3838	6457577	0	0
#37	PLAYER_ROOM_CHAT	2726	81608	0.000481	0.000000	0	0	0	0
#38	PLAYER_TEXT	0	0	0	0	20526	1285080	0	0
#41	PLAYER_MOVIE	20375	520184	0.000488	0.000000	20373	0	325968	0
#42	PLAYER_MOVIE_DATA	0	0	0	0	219857	21683048	0	0
#45	PLAYER_DESTROY_OBJECT	0	0	0	0	17469	308245	0	0
#52	PLAYER_SHIFT_ROOM	2927	11708	0.000587	0.000000	104	0	1092	832
#55	PLAYER_GET_BIOGRAPHY	148	592	0.000003	0.000000	148	0	10804	0
#57	PLAYER_GET_DESCRIPTION	254	1016	0.000017	0.000000	254	0	95755	0
#58	PLAYER_GET_EXTENDED_PROPS	160	640	0.000007	0.000000	160	0	53945	0
#61	PLAYER_WHO	0	0	0	0	14	1300	0	0
#69	COMBAT_EXIT	1645	0	0.000049	0.000000	3590	37666	26320	0
#71	GET_SHOP_INFO	36	144	0.000003	0.000000	36	0	113199	0
#73	SHOP_EXAMINE	6	48	0.000000	0.000000	6	0	1708	0
#74	SHOP_SELL	15	120	0.000012	0.000001	15	0	240	0
#75	SHOP_GET_PRICE	17	136	0.000001	0.000000	17	0	272	0
#78	MONEY_GIVE	6	72	0.000011	0.000002	6	0	96	0
#79	MONEY_TAKE	769	3076	0.000069	0.000000	769	0	12192	112
#80	CAST_SPELL	1888	30208	0.000282	0.000000	1888	0	29968	240
#81	PLAYER_INFO	0	0	0	0	172	7787	0	0
#84	FATAL_DATA	4	1600	0.000001	0.000000	4	0	64	0
#87	GROUP_JOIN	27	108	0.000001	0.000000	85	1320	1391	16
#88	GROUP_LEAVE	0	0	0	0	53	689	0	0
#90	OLD_SECURITY	26	208	0.000001	0.000000	26	1744	0	0
#92	GET_POSN	86	344	0.000002	0.000000	86	0	2236	0
#94	GET_HOUSE	25	340	0.000001	0.000000	25	0	0	400
#95	GET_ENTRY_INFO	254	1016	0.000007	0.000000	254	0	5177	1392
#98	LOGIN_UPDATE	0	0	0	0	88	968	0	0
#103	SET_TITLE	6	96	0.000004	0.000001	6	0	96	0
#112	COMBAT_ACTION	7051	84588	0.000121	0.000000	0	0	0	0
#115	SET_ENGRAVE_NAME	10	212	0.000000	0.000000	0	0	0	0
#116	GET_LOOK_INFO	74	296	0.000007	0.000000	74	0	22836	0
#126	MASS_SELL	7	336	0.000009	0.000001	7	0	651	0
#127	MASS_BUY	27	580	0.000003	0.000000	27	0	2901	0
#128	GET_SELL_PRICES	10	40	0.000001	0.000000	10	0	2250	0
#130	PLAYER_CHARACTER_LOGIN	86	344	0.000015	0.000000	86	0	4306	0
#131	GET_REPAIR_PRICES	29	116	0.000001	0.000000	29	0	1269	128
#132	MASS_REPAIR	21	624	0.000000	0.000000	21	0	336	0
#135	MAIL_LIST_GET	0	0	0	0	86	0	2823	912
#145		6158	209352	0.000129	0.000000	0	0	0	0
#150	VERB_GET	1498	23112	0.001024	0.000001	1498	0	23280	688
#151	VERB_DROP	181	2180	0.000018	0.000000	181	0	2880	16
#152	VERB_PUT_IN	234	3004	0.000024	0.000000	234	0	3648	96
#153	VERB_PUT_ON	182	2184	0.000015	0.000000	182	0	2560	352
#154	VERB_TAKE_OFF	134	1608	0.000011	0.000000	134	0	2144	0
#155	VERB_OPEN	120	2236	0.000016	0.000000	120	0	1888	32
#156	VERB_CLOSE	8	140	0.000000	0.000000	8	0	128	0
#158	VERB_UNLOCK	22	552	0.000003	0.000000	22	0	352	0
#160	VERB_ENGAGE	751	12148	0.000073	0.000000	751	0	11728	288
#161	VERB_CONSUME	38	456	0.000006	0.000000	38	0	608	0
#162	VERB_SIT	10	120	0.000000	0.000000	10	0	160	0
#163	VERB_STAND	2	24	0.000000	0.000000	2	0	32	0
#164	VERB_GIVE	66	1100	0.000062	0.000001	66	0	1056	0
#165	VERB_MEMORIZE	37	444	0.000003	0.000000	37	0	512	80
#166	VERB_ROB	1	24	0.000000	0.000000	1	0	16	0
#167	VERB_USE	3	36	0.000000	0.000000	3	0	48	0
#169	VERB_DYE	17	204	0.000002	0.000000	17	0	272	0
#180	NPC_PULSE	55113	0	0.591028	0.000011	0	0	0	0
#182	COMBAT_PULSE	55113	0	0.003397	0.000000	0	0	0	0
#184	PROCESS_AFFECT_PULSE	918	0	0.069498	0.000076	0	0	0	0
#185	CHAR_DOIT_PULSE	61	0	0.000001	0.000000	0	0	0	0
#186	HEAL_PULSE	459	0	0.000015	0.000000	0	0	0	0
#188	MONSTER_PULSE	459	0	0.000230	0.000001	0	0	0	0
#189	MAINTENANCE_PULSE	459	0	0.000000	0.000000	0	0	0	0
#193	TOSS_DEAD_HOUSES	1837	0	0.000110	0.000000	0	0	0	0
#194	DUNGEON_QUEUE_PULSE	3674	0	0.001622	0.000000	0	0	0	0
#196	AMBUSH_PULSE	11022	0	0.000332	0.000000	0	0	0	0
#197		918	0	0.003487	0.000004	0	0	0	0
#210	DATAMGR_LOG_PERMANENT	0	0	0	0	9	373	0	0
#211	DATAMGR_LOGIN	88	813060	0.000514	0.000006	88	2678	0	0
#212	DATAMGR_LOGOUT	0	0	0	0	83	415	0	0
#214	DATAMGR_SAVE_CHAR	0	0	0	0	8161	60767872	0	0
#222	DATAMGR_WRITE_HOUSE	0	0	0	0	902	15058083	0	0
#224	DATAMGR_GET_HOUSE	78	1287920	0.000920	0.000012	78	1568	0	0
#225	DATAMGR_HELLO	0	0	0	0	1	3	0	0
#232		0	0	0	0	10	383	0	0
#233		86	2908	0.000002	0.000000	86	860	0	0
#234		0	0	0	0	1	9	0	0
#236		86	5164	0.000003	0.000000	9788	336100	0	0

	Total)	186975	3151056	0.675192	0.000004	356450	107027421	880407	6192

Slowest Msg #180 took  0.000122 seconds.
Total process time =  993.566957
Total run time =          55114