Msg#	Message	Count	Inbound	Total_Time	Average_Time	Count	Outbound	Acked	Naked
#1	CLIENT_CONNECTED	564	0	0.000019	0.000000	0	0	0	0
#2	CLIENT_HUNG_UP	560	0	0.000557	0.000001	0	0	0	0
#14	PLAYER_CHECK_LOGIN	589	14424	0.000021	0.000000	588	15504	0	0
#15	SECURITY	555	0	0.000001	0.000000	0	0	0	0
#16	INN_LOGIN	555	6660	0.000009	0.000000	0	0	0	0
#17	SERVER_PING	42133	168532	0.000688	0.000000	42133	0	674128	0
#18	PLAYER_QUERY_CHARACTERS	555	0	0.000150	0.000000	555	1606229	0	0
#21	PLAYER_LOGIN	0	0	0	0	555	0	8880	0
#22	PLAYER_LOGOUT	107	0	0.000000	0.000000	0	0	0	0
#24	PLAYER_SYSTEM_MSG	0	0	0	0	693	66244	0	0
#25	PLAYER_ACK	0	0	0	0	193952	4523359	0	0
#26	PLAYER_NAK	0	0	0	0	2416	38656	0	0
#32	PLAYER_CHANGE_ROOM	6708	80496	0.001782	0.000000	281	0	0	4496
#33	PLAYER_NEW_ROOM	0	0	0	0	21702	35153581	0	0
#37	PLAYER_ROOM_CHAT	6803	171660	0.001045	0.000000	0	0	0	0
#38	PLAYER_TEXT	0	0	0	0	69026	4117613	0	0
#41	PLAYER_MOVIE	111478	2830332	0.002537	0.000000	111434	0	1782944	0
#42	PLAYER_MOVIE_DATA	0	0	0	0	842655	124789325	0	0
#45	PLAYER_DESTROY_OBJECT	0	0	0	0	73120	1317524	0	0
#48	PLAYER_CREATE_CHARACTER	24	616	0.000009	0.000000	24	0	7078	16
#49	PLAYER_DESTROY_CHARACTER	4	16	0.000001	0.000000	4	0	64	0
#52	PLAYER_SHIFT_ROOM	15402	61608	0.003410	0.000000	206	0	1659	2032
#55	PLAYER_GET_BIOGRAPHY	646	2584	0.000013	0.000000	646	0	50126	0
#56	PLAYER_SET_BIOGRAPHY	41	3444	0.000014	0.000000	41	0	656	0
#57	PLAYER_GET_DESCRIPTION	1025	4100	0.000067	0.000000	1025	0	350923	0
#58	PLAYER_GET_EXTENDED_PROPS	862	3448	0.000042	0.000000	862	0	298948	0
#59	PLAYER_SET_HEAD_DATA	23	460	0.000004	0.000000	23	0	368	0
#61	PLAYER_WHO	0	0	0	0	81	9001	0	0
#69	COMBAT_EXIT	9246	0	0.000280	0.000000	19377	208974	147936	0
#71	GET_SHOP_INFO	186	744	0.000014	0.000000	186	0	525048	0
#73	SHOP_EXAMINE	36	288	0.000002	0.000000	36	0	6972	0
#74	SHOP_SELL	40	320	0.000081	0.000002	40	0	640	0
#75	SHOP_GET_PRICE	45	360	0.000002	0.000000	45	0	720	0
#76	MONEY_DROP	16	128	0.000002	0.000000	16	0	256	0
#77	MONEY_PUT	4	48	0.000000	0.000000	4	0	64	0
#78	MONEY_GIVE	18	216	0.000018	0.000001	18	0	256	32
#79	MONEY_TAKE	3133	12532	0.000325	0.000000	3133	0	50000	128
#80	CAST_SPELL	5937	94992	0.001015	0.000000	5937	0	94416	576
#81	PLAYER_INFO	0	0	0	0	1070	48300	0	0
#84	FATAL_DATA	39	14516	0.000014	0.000000	39	0	624	0
#87	GROUP_JOIN	282	1128	0.000009	0.000000	972	17483	18234	192
#88	GROUP_LEAVE	25	0	0.000001	0.000000	632	7891	400	0
#90	OLD_SECURITY	267	2136	0.000009	0.000000	274	18726	0	0
#92	GET_POSN	535	2140	0.000015	0.000000	535	0	13910	0
#94	GET_HOUSE	140	1796	0.000004	0.000000	140	0	0	2240
#95	GET_ENTRY_INFO	2354	9416	0.000066	0.000000	2354	0	46810	13504
#98	LOGIN_UPDATE	0	0	0	0	581	6391	0	0
#101	SHOP_RECHARGE	8	64	0.000000	0.000000	8	0	128	0
#102	SHOP_GET_RECHARGE_PRICE	12	96	0.000000	0.000000	12	0	192	0
#103	SET_TITLE	3	48	0.000001	0.000000	3	0	32	16
#104	TREE_GET	30	120	0.000001	0.000000	30	0	4456	0
#105	TREE_CHOOSE_TOPIC	30	120	0.000001	0.000000	30	0	2605	0
#106	TREE_GET_TEXT	2	8	0.000000	0.000000	2	0	225	0
#107	TREE_BACK	11	0	0.000000	0.000000	11	0	1470	0
#108	QUEST_ACCEPT	16	64	0.000001	0.000000	16	0	1670	0
#110	GET_QUEST_LIST	7	0	0.000000	0.000000	7	0	247	0
#112	COMBAT_ACTION	31487	295320	0.000492	0.000000	0	0	0	0
#114	WHATS_NEW	1	0	0.000000	0.000000	1	87	0	0
#115	SET_ENGRAVE_NAME	23	416	0.000000	0.000000	0	0	0	0
#116	GET_LOOK_INFO	327	1308	0.000033	0.000000	327	0	97963	0
#126	MASS_SELL	63	2348	0.000032	0.000001	63	0	4499	0
#127	MASS_BUY	139	5492	0.000025	0.000000	139	0	28423	0
#128	GET_SELL_PRICES	74	296	0.000004	0.000000	74	0	18050	0
#130	PLAYER_CHARACTER_LOGIN	535	2140	0.000159	0.000000	535	0	29241	0
#131	GET_REPAIR_PRICES	148	592	0.000008	0.000000	148	0	6663	592
#132	MASS_REPAIR	105	3128	0.000003	0.000000	105	0	1680	0
#135	MAIL_LIST_GET	5	0	0.000000	0.000000	540	0	9526	7360
#136	MAIL_MESSAGE_GET	3	12	0.000000	0.000000	3	0	850	0
#138	MAIL_MESSAGE_SEND	3	1564	0.000000	0.000000	3	0	51	0
#145		18658	517348	0.000378	0.000000	0	0	0	0
#150	VERB_GET	6288	100392	0.005875	0.000001	6288	0	98720	1888
#151	VERB_DROP	515	6312	0.000054	0.000000	515	0	8224	16
#152	VERB_PUT_IN	1215	16644	0.000174	0.000000	1215	0	19248	192
#153	VERB_PUT_ON	782	9412	0.000068	0.000000	782	0	10912	1600
#154	VERB_TAKE_OFF	553	6660	0.000042	0.000000	553	0	8848	0
#155	VERB_OPEN	615	13072	0.000139	0.000000	615	0	9456	384
#156	VERB_CLOSE	73	1116	0.000004	0.000000	73	0	1136	32
#158	VERB_UNLOCK	55	1452	0.000007	0.000000	55	0	880	0
#160	VERB_ENGAGE	3644	59164	0.000338	0.000000	3644	0	56464	1840
#161	VERB_CONSUME	132	1584	0.000019	0.000000	132	0	2112	0
#162	VERB_SIT	24	288	0.000001	0.000000	24	0	384	0
#163	VERB_STAND	8	96	0.000000	0.000000	8	0	128	0
#164	VERB_GIVE	409	6212	0.000539	0.000001	409	0	6240	304
#165	VERB_MEMORIZE	662	7944	0.000057	0.000000	662	0	9376	1216
#167	VERB_USE	33	396	0.000004	0.000000	33	0	528	0
#169	VERB_DYE	42	504	0.000004	0.000000	42	0	672	0
#180	NPC_PULSE	258704	0	-1.326320	-0.000005	0	0	0	0
#182	COMBAT_PULSE	258704	0	0.017226	0.000000	0	0	0	0
#184	PROCESS_AFFECT_PULSE	4311	0	0.370658	0.000086	0	0	0	0
#185	CHAR_DOIT_PULSE	287	0	0.000008	0.000000	0	0	0	0
#186	HEAL_PULSE	2155	0	0.000102	0.000000	0	0	0	0
#188	MONSTER_PULSE	2155	0	0.001898	0.000001	0	0	0	0
#189	MAINTENANCE_PULSE	2155	0	0.000002	0.000000	0	0	0	0
#193	TOSS_DEAD_HOUSES	8623	0	0.000734	0.000000	0	0	0	0
#194	DUNGEON_QUEUE_PULSE	17246	0	0.018870	0.000001	0	0	0	0
#196	AMBUSH_PULSE	51740	0	0.001695	0.000000	0	0	0	0
#197		4311	0	0.024578	0.000006	0	0	0	0
#210	DATAMGR_LOG_PERMANENT	0	0	0	0	108	4651	0	0
#211	DATAMGR_LOGIN	581	6612600	0.004064	0.000007	581	17793	0	0
#212	DATAMGR_LOGOUT	0	0	0	0	551	2755	0	0
#213	DATAMGR_NEW_CHAR	24	480	0.000011	0.000000	24	29831	0	0
#214	DATAMGR_SAVE_CHAR	0	0	0	0	48493	382631660	0	0
#215	DATAMGR_DEL_CHAR	0	0	0	0	4	36	0	0
#218	DATAMGR_REVOKE	0	0	0	0	5	30	0	0
#219	DATAMGR_GAG	0	0	0	0	3	18	0	0
#221	DATAMGR_NEW_HOUSE	0	0	0	0	23	49891	0	0
#222	DATAMGR_WRITE_HOUSE	0	0	0	0	9680	119188020	0	0
#224	DATAMGR_GET_HOUSE	396	7828728	0.005089	0.000013	396	7785	0	0
#225	DATAMGR_HELLO	0	0	0	0	1	3	0	0
#228	DATAMGR_LOGINMESSAGE	0	0	0	0	1	55	0	0
#231		1	84	0.000000	0.000000	1	5	0	0
#232		0	0	0	0	23	829	0	0
#233		546	13056	0.000006	0.000000	546	7054	0	0
#234		0	0	0	0	14	126	0	0
#236		545	32680	0.000017	0.000000	22232	667204	0	0
#253		0	0	0	0	1	5	0	0

	Total)	890161	19038500	-0.860671	-0.000001	1497205	674552639	4523359	38656

Slowest Msg #184 took  0.000132 seconds.
Total process time =  702.069205
Total run time =         258705