Msg#	Message	Count	Inbound	Total_Time	Average_Time	Count	Outbound	Acked	Naked
#1	CLIENT_CONNECTED	6	0	0.000000	0.000000	0	0	0	0
#2	CLIENT_HUNG_UP	5	0	0.000004	0.000001	0	0	0	0
#14	PLAYER_CHECK_LOGIN	6	112	0.000000	0.000000	6	126	0	0
#15	SECURITY	6	0	0.000000	0.000000	0	0	0	0
#16	INN_LOGIN	6	72	0.000000	0.000000	0	0	0	0
#17	SERVER_PING	510	2040	0.000009	0.000000	510	0	8160	0
#18	PLAYER_QUERY_CHARACTERS	6	0	0.000000	0.000000	6	4362	0	0
#21	PLAYER_LOGIN	0	0	0	0	6	0	96	0
#22	PLAYER_LOGOUT	2	0	0.000000	0.000000	0	0	0	0
#24	PLAYER_SYSTEM_MSG	0	0	0	0	8	2925	0	0
#25	PLAYER_ACK	0	0	0	0	1951	248012	0	0
#26	PLAYER_NAK	0	0	0	0	9	144	0	0
#32	PLAYER_CHANGE_ROOM	28	336	0.000003	0.000000	1	0	0	16
#33	PLAYER_NEW_ROOM	0	0	0	0	324	139614	0	0
#37	PLAYER_ROOM_CHAT	120	1488	0.000011	0.000000	0	0	0	0
#38	PLAYER_TEXT	0	0	0	0	213	9783	0	0
#41	PLAYER_MOVIE	1216	36588	0.000027	0.000000	1216	0	19456	0
#42	PLAYER_MOVIE_DATA	0	0	0	0	3982	110486	0	0
#45	PLAYER_DESTROY_OBJECT	0	0	0	0	85	1753	0	0
#48	PLAYER_CREATE_CHARACTER	2	40	0.000001	0.000001	2	0	848	0
#49	PLAYER_DESTROY_CHARACTER	3	12	0.000001	0.000000	3	0	32	16
#52	PLAYER_SHIFT_ROOM	297	1188	0.000033	0.000000	0	0	0	0
#55	PLAYER_GET_BIOGRAPHY	8	32	0.000000	0.000000	8	0	584	0
#56	PLAYER_SET_BIOGRAPHY	2	120	0.000000	0.000000	2	0	32	0
#57	PLAYER_GET_DESCRIPTION	51	204	0.000003	0.000000	51	0	6433	0
#58	PLAYER_GET_EXTENDED_PROPS	10	40	0.000000	0.000000	10	0	3520	0
#59	PLAYER_SET_HEAD_DATA	2	40	0.000000	0.000000	2	0	32	0
#61	PLAYER_WHO	0	0	0	0	1	12	0	0
#71	GET_SHOP_INFO	5	20	0.000007	0.000001	5	0	203710	0
#80	CAST_SPELL	4	64	0.000001	0.000000	4	0	64	0
#81	PLAYER_INFO	0	0	0	0	30	1110	0	0
#92	GET_POSN	6	24	0.000000	0.000000	6	0	156	0
#93	CHANGE_PASSWORD	2	32	0.000000	0.000000	2	0	32	0
#95	GET_ENTRY_INFO	12	48	0.000000	0.000000	12	0	372	0
#98	LOGIN_UPDATE	0	0	0	0	6	66	0	0
#116	GET_LOOK_INFO	4	16	0.000000	0.000000	4	0	1352	0
#126	MASS_SELL	3	160	0.000001	0.000000	3	0	311	0
#127	MASS_BUY	4	116	0.000001	0.000000	4	0	775	0
#128	GET_SELL_PRICES	3	12	0.000000	0.000000	3	0	355	0
#130	PLAYER_CHARACTER_LOGIN	6	24	0.000001	0.000000	6	0	204	0
#135	MAIL_LIST_GET	0	0	0	0	6	0	0	96
#145		3	36	0.000000	0.000000	0	0	0	0
#150	VERB_GET	21	260	0.000009	0.000000	21	0	336	0
#151	VERB_DROP	1	12	0.000000	0.000000	1	0	16	0
#153	VERB_PUT_ON	23	276	0.000002	0.000000	23	0	368	0
#154	VERB_TAKE_OFF	26	320	0.000001	0.000000	26	0	416	0
#155	VERB_OPEN	8	152	0.000000	0.000000	8	0	112	16
#162	VERB_SIT	1	12	0.000000	0.000000	1	0	16	0
#163	VERB_STAND	1	12	0.000000	0.000000	1	0	16	0
#169	VERB_DYE	13	156	0.000001	0.000000	13	0	208	0
#180	NPC_PULSE	22023	0	0.234273	0.000011	0	0	0	0
#182	COMBAT_PULSE	22023	0	0.000026	0.000000	0	0	0	0
#184	PROCESS_AFFECT_PULSE	367	0	0.032153	0.000088	0	0	0	0
#185	CHAR_DOIT_PULSE	24	0	0.000000	0.000000	0	0	0	0
#186	HEAL_PULSE	183	0	0.000006	0.000000	0	0	0	0
#188	MONSTER_PULSE	183	0	0.000093	0.000001	0	0	0	0
#189	MAINTENANCE_PULSE	183	0	0.000000	0.000000	0	0	0	0
#193	TOSS_DEAD_HOUSES	734	0	0.000004	0.000000	0	0	0	0
#194	DUNGEON_QUEUE_PULSE	1468	0	0.000067	0.000000	0	0	0	0
#196	AMBUSH_PULSE	4404	0	0.000202	0.000000	0	0	0	0
#197		367	0	0.000143	0.000000	0	0	0	0
#210	DATAMGR_LOG_PERMANENT	0	0	0	0	38	1190	0	0
#211	DATAMGR_LOGIN	6	17292	0.000008	0.000001	6	156	0	0
#212	DATAMGR_LOGOUT	0	0	0	0	5	25	0	0
#213	DATAMGR_NEW_CHAR	2	40	0.000002	0.000001	2	3656	0	0
#214	DATAMGR_SAVE_CHAR	0	0	0	0	555	1238946	0	0
#215	DATAMGR_DEL_CHAR	0	0	0	0	2	18	0	0
#221	DATAMGR_NEW_HOUSE	0	0	0	0	2	6420	0	0
#222	DATAMGR_WRITE_HOUSE	0	0	0	0	122	390443	0	0
#224	DATAMGR_GET_HOUSE	4	12868	0.000002	0.000000	4	63	0	0
#225	DATAMGR_HELLO	0	0	0	0	1	3	0	0
#233		6	48	0.000000	0.000000	6	60	0	0
#236		10	252	0.000000	0.000000	13	178	0	0

	Total)	54419	74564	0.267098	0.000005	9337	2159551	248012	144

Slowest Msg #180 took  0.000122 seconds.
Total process time =  390.458475
Total run time =          22024