Msg#	Message	Count	Inbound	Total_Time	Average_Time	Count	Outbound	Acked	Naked
#1	CLIENT_CONNECTED	16	0	0.000000	0.000000	0	0	0	0
#2	CLIENT_HUNG_UP	15	0	0.000010	0.000001	0	0	0	0
#14	PLAYER_CHECK_LOGIN	15	400	0.000000	0.000000	15	315	0	0
#15	SECURITY	15	0	0.000000	0.000000	0	0	0	0
#16	INN_LOGIN	15	180	0.000000	0.000000	0	0	0	0
#17	SERVER_PING	957	3828	0.000016	0.000000	957	0	15312	0
#18	PLAYER_QUERY_CHARACTERS	15	0	0.000002	0.000000	15	24259	0	0
#21	PLAYER_LOGIN	0	0	0	0	15	0	240	0
#22	PLAYER_LOGOUT	4	0	0.000000	0.000000	0	0	0	0
#24	PLAYER_SYSTEM_MSG	0	0	0	0	20	1764	0	0
#25	PLAYER_ACK	0	0	0	0	2624	57527	0	0
#26	PLAYER_NAK	0	0	0	0	23	368	0	0
#32	PLAYER_CHANGE_ROOM	37	444	0.000008	0.000000	5	0	0	80
#33	PLAYER_NEW_ROOM	0	0	0	0	201	229604	0	0
#37	PLAYER_ROOM_CHAT	77	848	0.000004	0.000000	0	0	0	0
#38	PLAYER_TEXT	0	0	0	0	463	21752	0	0
#41	PLAYER_MOVIE	986	24840	0.000022	0.000000	986	0	15776	0
#42	PLAYER_MOVIE_DATA	0	0	0	0	11890	992700	0	0
#45	PLAYER_DESTROY_OBJECT	0	0	0	0	1065	18885	0	0
#52	PLAYER_SHIFT_ROOM	172	688	0.000034	0.000000	3	0	0	48
#55	PLAYER_GET_BIOGRAPHY	6	24	0.000000	0.000000	6	0	438	0
#57	PLAYER_GET_DESCRIPTION	6	24	0.000000	0.000000	6	0	2181	0
#58	PLAYER_GET_EXTENDED_PROPS	17	68	0.000001	0.000000	17	0	6020	0
#61	PLAYER_WHO	0	0	0	0	14	442	0	0
#69	COMBAT_EXIT	84	0	0.000002	0.000000	219	2506	1344	0
#71	GET_SHOP_INFO	1	4	0.000000	0.000000	1	0	5050	0
#74	SHOP_SELL	1	8	0.000001	0.000001	1	0	16	0
#75	SHOP_GET_PRICE	1	8	0.000000	0.000000	1	0	16	0
#79	MONEY_TAKE	137	548	0.000013	0.000000	137	0	2192	0
#80	CAST_SPELL	57	912	0.000008	0.000000	57	0	912	0
#81	PLAYER_INFO	0	0	0	0	29	1351	0	0
#87	GROUP_JOIN	4	16	0.000000	0.000000	12	165	179	0
#88	GROUP_LEAVE	0	0	0	0	9	117	0	0
#90	OLD_SECURITY	4	32	0.000000	0.000000	4	251	0	0
#92	GET_POSN	14	56	0.000000	0.000000	14	0	364	0
#95	GET_ENTRY_INFO	5	20	0.000000	0.000000	5	0	124	16
#98	LOGIN_UPDATE	0	0	0	0	15	165	0	0
#112	COMBAT_ACTION	770	11444	0.000014	0.000000	0	0	0	0
#116	GET_LOOK_INFO	3	12	0.000000	0.000000	3	0	845	0
#127	MASS_BUY	1	16	0.000000	0.000000	1	0	27	0
#130	PLAYER_CHARACTER_LOGIN	14	56	0.000002	0.000000	14	0	747	0
#131	GET_REPAIR_PRICES	2	8	0.000000	0.000000	2	0	81	16
#132	MASS_REPAIR	1	40	0.000000	0.000000	1	0	16	0
#135	MAIL_LIST_GET	0	0	0	0	14	0	703	144
#145		748	34900	0.000015	0.000000	0	0	0	0
#150	VERB_GET	205	2752	0.000193	0.000001	205	0	3280	0
#151	VERB_DROP	2	24	0.000000	0.000000	2	0	32	0
#152	VERB_PUT_IN	21	260	0.000003	0.000000	21	0	336	0
#153	VERB_PUT_ON	6	72	0.000001	0.000000	6	0	96	0
#154	VERB_TAKE_OFF	5	60	0.000000	0.000000	5	0	80	0
#155	VERB_OPEN	6	140	0.000001	0.000000	6	0	96	0
#160	VERB_ENGAGE	68	1088	0.000005	0.000000	68	0	1024	64
#180	NPC_PULSE	37888	0	0.436133	0.000012	0	0	0	0
#182	COMBAT_PULSE	37888	0	0.000319	0.000000	0	0	0	0
#184	PROCESS_AFFECT_PULSE	631	0	0.048627	0.000077	0	0	0	0
#185	CHAR_DOIT_PULSE	42	0	0.000001	0.000000	0	0	0	0
#186	HEAL_PULSE	315	0	0.000008	0.000000	0	0	0	0
#188	MONSTER_PULSE	315	0	0.000045	0.000000	0	0	0	0
#189	MAINTENANCE_PULSE	315	0	0.000000	0.000000	0	0	0	0
#193	TOSS_DEAD_HOUSES	1262	0	0.000007	0.000000	0	0	0	0
#194	DUNGEON_QUEUE_PULSE	2525	0	0.000063	0.000000	0	0	0	0
#196	AMBUSH_PULSE	7577	0	0.000241	0.000000	0	0	0	0
#197		631	0	0.000664	0.000001	0	0	0	0
#211	DATAMGR_LOGIN	15	108264	0.000063	0.000004	15	485	0	0
#212	DATAMGR_LOGOUT	0	0	0	0	14	70	0	0
#214	DATAMGR_SAVE_CHAR	0	0	0	0	1161	13860495	0	0
#222	DATAMGR_WRITE_HOUSE	0	0	0	0	19	360284	0	0
#224	DATAMGR_GET_HOUSE	4	67112	0.000042	0.000010	4	68	0	0
#225	DATAMGR_HELLO	0	0	0	0	1	3	0	0
#233		14	712	0.000000	0.000000	14	140	0	0
#236		14	940	0.000001	0.000000	1346	54056	0	0

	Total)	93949	260848	0.486574	0.000005	21751	15627772	57527	368

Slowest Msg #184 took  0.000124 seconds.
Total process time =  658.481358
Total run time =          37889