Msg#	Message	Count	Inbound	Total_Time	Average_Time	Count	Outbound	Acked	Naked
#1	CLIENT_CONNECTED	12	0	0.000000	0.000000	0	0	0	0
#2	CLIENT_HUNG_UP	6	0	0.000007	0.000001	0	0	0	0
#14	PLAYER_CHECK_LOGIN	11	236	0.000001	0.000000	11	231	0	0
#15	SECURITY	11	0	0.000000	0.000000	0	0	0	0
#16	INN_LOGIN	11	132	0.000000	0.000000	0	0	0	0
#17	SERVER_PING	222	888	0.000004	0.000000	222	0	3552	0
#18	PLAYER_QUERY_CHARACTERS	11	0	0.000002	0.000000	11	32661	0	0
#21	PLAYER_LOGIN	0	0	0	0	11	0	176	0
#24	PLAYER_SYSTEM_MSG	0	0	0	0	17	1937	0	0
#25	PLAYER_ACK	0	0	0	0	3960	82360	0	0
#26	PLAYER_NAK	0	0	0	0	20	320	0	0
#32	PLAYER_CHANGE_ROOM	72	864	0.000017	0.000000	0	0	0	0
#33	PLAYER_NEW_ROOM	0	0	0	0	537	650847	0	0
#37	PLAYER_ROOM_CHAT	78	1692	0.000010	0.000000	0	0	0	0
#38	PLAYER_TEXT	0	0	0	0	714	39745	0	0
#41	PLAYER_MOVIE	2663	67204	0.000068	0.000000	2658	0	42528	0
#42	PLAYER_MOVIE_DATA	0	0	0	0	11190	1971135	0	0
#45	PLAYER_DESTROY_OBJECT	0	0	0	0	1229	22285	0	0
#52	PLAYER_SHIFT_ROOM	465	1860	0.000109	0.000000	5	0	105	0
#55	PLAYER_GET_BIOGRAPHY	10	40	0.000000	0.000000	10	0	1930	0
#57	PLAYER_GET_DESCRIPTION	8	32	0.000001	0.000000	8	0	3339	0
#58	PLAYER_GET_EXTENDED_PROPS	16	64	0.000001	0.000000	16	0	5677	0
#61	PLAYER_WHO	0	0	0	0	1	90	0	0
#69	COMBAT_EXIT	345	0	0.000011	0.000000	691	7796	5520	0
#71	GET_SHOP_INFO	1	4	0.000000	0.000000	1	0	5777	0
#79	MONEY_TAKE	93	372	0.000011	0.000000	93	0	1472	16
#80	CAST_SPELL	55	880	0.000008	0.000000	55	0	880	0
#81	PLAYER_INFO	0	0	0	0	217	7379	0	0
#87	GROUP_JOIN	2	8	0.000000	0.000000	6	80	92	0
#88	GROUP_LEAVE	1	0	0.000000	0.000000	4	39	16	0
#90	OLD_SECURITY	2	16	0.000000	0.000000	2	125	0	0
#92	GET_POSN	11	44	0.000000	0.000000	11	0	286	0
#94	GET_HOUSE	1	16	0.000000	0.000000	1	0	0	16
#95	GET_ENTRY_INFO	28	112	0.000001	0.000000	28	0	775	48
#98	LOGIN_UPDATE	0	0	0	0	11	121	0	0
#104	TREE_GET	2	8	0.000000	0.000000	2	0	305	0
#112	COMBAT_ACTION	229	2408	0.000005	0.000000	0	0	0	0
#114	WHATS_NEW	1	0	0.000000	0.000000	1	12747	0	0
#116	GET_LOOK_INFO	5	20	0.000001	0.000000	5	0	1590	0
#128	GET_SELL_PRICES	1	4	0.000000	0.000000	1	0	49	0
#130	PLAYER_CHARACTER_LOGIN	11	44	0.000004	0.000000	11	0	602	0
#131	GET_REPAIR_PRICES	1	4	0.000000	0.000000	1	0	41	0
#132	MASS_REPAIR	1	20	0.000000	0.000000	1	0	16	0
#135	MAIL_LIST_GET	0	0	0	0	11	0	0	176
#145		177	6316	0.000004	0.000000	0	0	0	0
#150	VERB_GET	101	1772	0.000081	0.000001	101	0	1616	0
#153	VERB_PUT_ON	9	108	0.000001	0.000000	9	0	128	16
#154	VERB_TAKE_OFF	11	132	0.000001	0.000000	11	0	176	0
#155	VERB_OPEN	18	344	0.000003	0.000000	18	0	288	0
#158	VERB_UNLOCK	6	140	0.000001	0.000000	6	0	96	0
#160	VERB_ENGAGE	329	5388	0.000032	0.000000	329	0	5216	48
#161	VERB_CONSUME	2	24	0.000000	0.000000	2	0	32	0
#162	VERB_SIT	1	12	0.000000	0.000000	1	0	16	0
#164	VERB_GIVE	3	44	0.000004	0.000001	3	0	48	0
#167	VERB_USE	1	12	0.000000	0.000000	1	0	16	0
#180	NPC_PULSE	1832	0	0.023842	0.000013	0	0	0	0
#182	COMBAT_PULSE	1832	0	0.000355	0.000000	0	0	0	0
#184	PROCESS_AFFECT_PULSE	30	0	0.002868	0.000096	0	0	0	0
#185	CHAR_DOIT_PULSE	2	0	0.000000	0.000000	0	0	0	0
#186	HEAL_PULSE	15	0	0.000001	0.000000	0	0	0	0
#188	MONSTER_PULSE	15	0	0.000099	0.000007	0	0	0	0
#189	MAINTENANCE_PULSE	15	0	0.000000	0.000000	0	0	0	0
#193	TOSS_DEAD_HOUSES	61	0	0.000010	0.000000	0	0	0	0
#194	DUNGEON_QUEUE_PULSE	122	0	0.000051	0.000000	0	0	0	0
#196	AMBUSH_PULSE	366	0	0.000026	0.000000	0	0	0	0
#197		30	0	0.000112	0.000004	0	0	0	0
#211	DATAMGR_LOGIN	11	130048	0.000050	0.000005	11	307	0	0
#212	DATAMGR_LOGOUT	0	0	0	0	5	25	0	0
#214	DATAMGR_SAVE_CHAR	0	0	0	0	326	3314184	0	0
#222	DATAMGR_WRITE_HOUSE	0	0	0	0	39	347421	0	0
#224	DATAMGR_GET_HOUSE	5	76996	0.000025	0.000005	5	94	0	0
#225	DATAMGR_HELLO	0	0	0	0	1	3	0	0
#231		1	12728	0.000000	0.000000	1	5	0	0
#233		11	88	0.000000	0.000000	11	110	0	0
#236		11	740	0.000001	0.000000	389	12918	0	0

	Total)	9403	311864	0.027826	0.000003	23042	6504965	82360	320

Slowest Msg #184 took  0.000126 seconds.
Total process time =  42.322023
Total run time =           1833