Msg#	Message	Count	Inbound	Total_Time	Average_Time	Count	Outbound	Acked	Naked
#1	CLIENT_CONNECTED	38	0	0.000002	0.000000	0	0	0	0
#2	CLIENT_HUNG_UP	34	0	0.000039	0.000001	0	0	0	0
#14	PLAYER_CHECK_LOGIN	40	900	0.000002	0.000000	40	1020	0	0
#15	SECURITY	38	0	0.000000	0.000000	0	0	0	0
#16	INN_LOGIN	38	456	0.000001	0.000000	0	0	0	0
#17	SERVER_PING	1494	5976	0.000023	0.000000	1494	0	23904	0
#18	PLAYER_QUERY_CHARACTERS	38	0	0.000008	0.000000	38	86844	0	0
#21	PLAYER_LOGIN	0	0	0	0	38	0	608	0
#22	PLAYER_LOGOUT	9	0	0.000000	0.000000	0	0	0	0
#24	PLAYER_SYSTEM_MSG	0	0	0	0	3	417	0	0
#25	PLAYER_ACK	0	0	0	0	9233	220132	0	0
#26	PLAYER_NAK	0	0	0	0	85	1360	0	0
#32	PLAYER_CHANGE_ROOM	200	2400	0.000059	0.000000	7	0	0	112
#33	PLAYER_NEW_ROOM	0	0	0	0	789	947204	0	0
#37	PLAYER_ROOM_CHAT	190	2380	0.000017	0.000000	0	0	0	0
#38	PLAYER_TEXT	0	0	0	0	916	47456	0	0
#41	PLAYER_MOVIE	5150	126600	0.000118	0.000000	5148	0	82368	0
#42	PLAYER_MOVIE_DATA	0	0	0	0	46853	4769728	0	0
#45	PLAYER_DESTROY_OBJECT	0	0	0	0	3769	68409	0	0
#52	PLAYER_SHIFT_ROOM	596	2384	0.000131	0.000000	0	0	0	0
#55	PLAYER_GET_BIOGRAPHY	40	160	0.000001	0.000000	40	0	2920	0
#57	PLAYER_GET_DESCRIPTION	58	232	0.000004	0.000000	58	0	22289	0
#58	PLAYER_GET_EXTENDED_PROPS	58	232	0.000004	0.000000	58	0	20305	0
#61	PLAYER_WHO	0	0	0	0	6	309	0	0
#69	COMBAT_EXIT	426	0	0.000013	0.000000	891	9022	6816	0
#71	GET_SHOP_INFO	3	12	0.000001	0.000000	3	0	17303	0
#73	SHOP_EXAMINE	4	32	0.000000	0.000000	4	0	719	0
#74	SHOP_SELL	7	56	0.000008	0.000001	7	0	112	0
#75	SHOP_GET_PRICE	7	56	0.000000	0.000000	7	0	112	0
#78	MONEY_GIVE	1	12	0.000001	0.000001	1	0	16	0
#79	MONEY_TAKE	135	540	0.000016	0.000000	135	0	2128	32
#80	CAST_SPELL	261	4176	0.000041	0.000000	261	0	4128	48
#81	PLAYER_INFO	0	0	0	0	430	15602	0	0
#84	FATAL_DATA	3	1540	0.000001	0.000000	3	0	48	0
#87	GROUP_JOIN	7	28	0.000000	0.000000	21	300	307	0
#88	GROUP_LEAVE	0	0	0	0	14	182	0	0
#90	OLD_SECURITY	7	56	0.000000	0.000000	7	438	0	0
#92	GET_POSN	38	152	0.000001	0.000000	38	0	988	0
#94	GET_HOUSE	3	40	0.000000	0.000000	3	0	0	48
#95	GET_ENTRY_INFO	66	264	0.000002	0.000000	66	0	1860	96
#98	LOGIN_UPDATE	0	0	0	0	40	440	0	0
#112	COMBAT_ACTION	756	7104	0.000020	0.000000	0	0	0	0
#114	WHATS_NEW	1	0	0.000000	0.000000	1	12833	0	0
#116	GET_LOOK_INFO	20	80	0.000003	0.000000	20	0	5883	0
#126	MASS_SELL	7	700	0.000005	0.000001	7	0	1379	0
#127	MASS_BUY	2	32	0.000000	0.000000	2	0	54	0
#128	GET_SELL_PRICES	7	28	0.000000	0.000000	7	0	1607	0
#130	PLAYER_CHARACTER_LOGIN	38	152	0.000013	0.000000	38	0	2102	0
#131	GET_REPAIR_PRICES	4	16	0.000000	0.000000	4	0	114	32
#132	MASS_REPAIR	2	56	0.000000	0.000000	2	0	32	0
#135	MAIL_LIST_GET	0	0	0	0	38	0	110	576
#145		554	17424	0.000011	0.000000	0	0	0	0
#150	VERB_GET	856	13276	0.000442	0.000001	856	0	13456	240
#151	VERB_DROP	74	888	0.000008	0.000000	74	0	1184	0
#152	VERB_PUT_IN	73	980	0.000008	0.000000	73	0	1168	0
#153	VERB_PUT_ON	29	360	0.000003	0.000000	29	0	384	80
#154	VERB_TAKE_OFF	17	204	0.000002	0.000000	17	0	272	0
#155	VERB_OPEN	76	1492	0.000021	0.000000	76	0	1200	16
#158	VERB_UNLOCK	14	380	0.000001	0.000000	14	0	224	0
#160	VERB_ENGAGE	222	3576	0.000027	0.000000	222	0	3520	32
#161	VERB_CONSUME	6	72	0.000001	0.000000	6	0	96	0
#162	VERB_SIT	2	24	0.000000	0.000000	2	0	32	0
#163	VERB_STAND	1	12	0.000000	0.000000	1	0	16	0
#164	VERB_GIVE	21	280	0.000017	0.000001	21	0	288	48
#165	VERB_MEMORIZE	4	48	0.000001	0.000000	4	0	64	0
#167	VERB_USE	1	12	0.000000	0.000000	1	0	16	0
#180	NPC_PULSE	29603	0	0.306407	0.000010	0	0	0	0
#182	COMBAT_PULSE	29603	0	0.000586	0.000000	0	0	0	0
#184	PROCESS_AFFECT_PULSE	493	0	0.039633	0.000080	0	0	0	0
#185	CHAR_DOIT_PULSE	32	0	0.000001	0.000000	0	0	0	0
#186	HEAL_PULSE	246	0	0.000009	0.000000	0	0	0	0
#188	MONSTER_PULSE	246	0	0.000169	0.000001	0	0	0	0
#189	MAINTENANCE_PULSE	246	0	0.000000	0.000000	0	0	0	0
#193	TOSS_DEAD_HOUSES	986	0	0.000048	0.000000	0	0	0	0
#194	DUNGEON_QUEUE_PULSE	1973	0	0.000167	0.000000	0	0	0	0
#196	AMBUSH_PULSE	5920	0	0.000263	0.000000	0	0	0	0
#197		493	0	0.000695	0.000001	0	0	0	0
#210	DATAMGR_LOG_PERMANENT	0	0	0	0	4	134	0	0
#211	DATAMGR_LOGIN	40	389732	0.000174	0.000004	40	1159	0	0
#212	DATAMGR_LOGOUT	0	0	0	0	34	170	0	0
#214	DATAMGR_SAVE_CHAR	0	0	0	0	2255	18325912	0	0
#222	DATAMGR_WRITE_HOUSE	0	0	0	0	150	3365202	0	0
#224	DATAMGR_GET_HOUSE	24	375048	0.000130	0.000005	24	504	0	0
#225	DATAMGR_HELLO	0	0	0	0	1	3	0	0
#231		1	12816	0.000000	0.000000	1	5	0	0
#233		38	376	0.000000	0.000000	38	380	0	0
#236		38	2472	0.000002	0.000000	1777	55066	0	0

	Total)	81758	976324	0.349362	0.000004	76345	27930231	220132	1360

Slowest Msg #184 took  0.000129 seconds.
Total process time =  463.693565
Total run time =          29604