Msg#	Message	Count	Inbound	Total_Time	Average_Time	Count	Outbound	Acked	Naked
#1	CLIENT_CONNECTED	87	0	0.000003	0.000000	0	0	0	0
#2	CLIENT_HUNG_UP	69	0	0.000076	0.000001	0	0	0	0
#14	PLAYER_CHECK_LOGIN	88	2196	0.000004	0.000000	88	2128	0	0
#15	SECURITY	85	0	0.000000	0.000000	0	0	0	0
#16	INN_LOGIN	85	1020	0.000001	0.000000	0	0	0	0
#17	SERVER_PING	6046	24184	0.000081	0.000000	6046	0	96736	0
#18	PLAYER_QUERY_CHARACTERS	85	0	0.000016	0.000000	85	182967	0	0
#21	PLAYER_LOGIN	0	0	0	0	85	0	1360	0
#22	PLAYER_LOGOUT	8	0	0.000000	0.000000	0	0	0	0
#24	PLAYER_SYSTEM_MSG	0	0	0	0	205	29055	0	0
#25	PLAYER_ACK	0	0	0	0	40040	1529995	0	0
#26	PLAYER_NAK	0	0	0	0	340	5440	0	0
#32	PLAYER_CHANGE_ROOM	1760	21120	0.000533	0.000000	36	0	0	576
#33	PLAYER_NEW_ROOM	0	0	0	0	4196	8237926	0	0
#37	PLAYER_ROOM_CHAT	1376	31356	0.000249	0.000000	0	0	0	0
#38	PLAYER_TEXT	0	0	0	0	17151	1024220	0	0
#41	PLAYER_MOVIE	22372	534540	0.000509	0.000000	22349	0	357584	0
#42	PLAYER_MOVIE_DATA	0	0	0	0	249569	27679965	0	0
#45	PLAYER_DESTROY_OBJECT	0	0	0	0	21146	380346	0	0
#48	PLAYER_CREATE_CHARACTER	2	48	0.000001	0.000000	2	0	560	0
#49	PLAYER_DESTROY_CHARACTER	1	4	0.000000	0.000000	1	0	16	0
#52	PLAYER_SHIFT_ROOM	2481	9924	0.000651	0.000000	33	0	504	144
#55	PLAYER_GET_BIOGRAPHY	224	896	0.000005	0.000000	224	0	16112	0
#56	PLAYER_SET_BIOGRAPHY	2	120	0.000000	0.000000	2	0	32	0
#57	PLAYER_GET_DESCRIPTION	298	1192	0.000020	0.000000	298	0	138738	0
#58	PLAYER_GET_EXTENDED_PROPS	198	792	0.000011	0.000000	198	0	61604	0
#59	PLAYER_SET_HEAD_DATA	2	40	0.000000	0.000000	2	0	32	0
#61	PLAYER_WHO	0	0	0	0	17	1833	0	0
#69	COMBAT_EXIT	2053	0	0.000061	0.000000	4200	51678	32848	0
#71	GET_SHOP_INFO	42	168	0.000019	0.000000	42	0	629416	0
#73	SHOP_EXAMINE	1	8	0.000000	0.000000	1	0	382	0
#74	SHOP_SELL	9	72	0.000024	0.000003	9	0	144	0
#75	SHOP_GET_PRICE	9	72	0.000001	0.000000	9	0	144	0
#78	MONEY_GIVE	4	48	0.000003	0.000001	4	0	64	0
#79	MONEY_TAKE	503	2012	0.000063	0.000000	503	0	8000	48
#80	CAST_SPELL	1906	30496	0.000320	0.000000	1906	0	30464	32
#81	PLAYER_INFO	0	0	0	0	2981	111590	0	0
#84	FATAL_DATA	12	4316	0.000004	0.000000	12	0	192	0
#87	GROUP_JOIN	36	144	0.000001	0.000000	127	2257	2209	48
#88	GROUP_LEAVE	1	0	0.000000	0.000000	75	962	16	0
#90	OLD_SECURITY	32	256	0.000001	0.000000	33	2225	0	0
#92	GET_POSN	84	336	0.000003	0.000000	84	0	2184	0
#94	GET_HOUSE	17	236	0.000001	0.000000	17	0	0	272
#95	GET_ENTRY_INFO	302	1208	0.000010	0.000000	302	0	6851	1296
#98	LOGIN_UPDATE	0	0	0	0	88	968	0	0
#101	SHOP_RECHARGE	3	24	0.000000	0.000000	3	0	48	0
#102	SHOP_GET_RECHARGE_PRICE	3	24	0.000000	0.000000	3	0	48	0
#104	TREE_GET	8	32	0.000000	0.000000	8	0	1294	0
#105	TREE_CHOOSE_TOPIC	8	32	0.000000	0.000000	8	0	1198	0
#107	TREE_BACK	6	0	0.000000	0.000000	6	0	958	0
#108	QUEST_ACCEPT	7	28	0.000000	0.000000	7	0	713	0
#110	GET_QUEST_LIST	1	0	0.000000	0.000000	1	0	19	0
#112	COMBAT_ACTION	3016	29504	0.000054	0.000000	0	0	0	0
#115	SET_ENGRAVE_NAME	10	176	0.000000	0.000000	0	0	0	0
#116	GET_LOOK_INFO	113	452	0.000014	0.000000	113	0	33926	0
#117	SELL_CRYSTALS	1	8	0.000000	0.000000	1	0	25	0
#126	MASS_SELL	29	1044	0.000023	0.000001	29	0	1993	0
#127	MASS_BUY	38	1224	0.000006	0.000000	38	0	5449	0
#128	GET_SELL_PRICES	31	124	0.000002	0.000000	31	0	3583	0
#130	PLAYER_CHARACTER_LOGIN	84	336	0.000024	0.000000	84	0	3969	0
#131	GET_REPAIR_PRICES	22	88	0.000001	0.000000	22	0	962	64
#132	MASS_REPAIR	18	472	0.000000	0.000000	18	0	288	0
#135	MAIL_LIST_GET	0	0	0	0	84	0	322	1248
#145		3408	100920	0.000059	0.000000	0	0	0	0
#150	VERB_GET	2948	47228	0.002007	0.000001	2948	0	46464	704
#151	VERB_DROP	174	2120	0.000023	0.000000	174	0	2784	0
#152	VERB_PUT_IN	204	2868	0.000022	0.000000	204	0	3264	0
#153	VERB_PUT_ON	324	3888	0.000036	0.000000	324	0	4736	448
#154	VERB_TAKE_OFF	246	2972	0.000027	0.000000	246	0	3936	0
#155	VERB_OPEN	192	3572	0.000030	0.000000	192	0	3072	0
#156	VERB_CLOSE	4	56	0.000000	0.000000	4	0	64	0
#158	VERB_UNLOCK	64	1764	0.000009	0.000000	64	0	1024	0
#160	VERB_ENGAGE	1113	17940	0.000121	0.000000	1113	0	17376	432
#161	VERB_CONSUME	25	300	0.000003	0.000000	25	0	400	0
#162	VERB_SIT	11	132	0.000000	0.000000	11	0	176	0
#163	VERB_STAND	5	60	0.000000	0.000000	5	0	80	0
#164	VERB_GIVE	176	2636	0.000156	0.000001	176	0	2768	48
#165	VERB_MEMORIZE	123	1476	0.000012	0.000000	123	0	1888	80
#167	VERB_USE	32	392	0.000006	0.000000	32	0	512	0
#169	VERB_DYE	29	348	0.000004	0.000000	29	0	464	0
#180	NPC_PULSE	29940	0	0.307218	0.000010	0	0	0	0
#182	COMBAT_PULSE	29940	0	0.002545	0.000000	0	0	0	0
#184	PROCESS_AFFECT_PULSE	499	0	0.039674	0.000080	0	0	0	0
#185	CHAR_DOIT_PULSE	33	0	0.000001	0.000000	0	0	0	0
#186	HEAL_PULSE	249	0	0.000020	0.000000	0	0	0	0
#188	MONSTER_PULSE	249	0	0.000394	0.000002	0	0	0	0
#189	MAINTENANCE_PULSE	249	0	0.000000	0.000000	0	0	0	0
#193	TOSS_DEAD_HOUSES	998	0	0.000162	0.000000	0	0	0	0
#194	DUNGEON_QUEUE_PULSE	1996	0	0.001559	0.000001	0	0	0	0
#196	AMBUSH_PULSE	5988	0	0.000260	0.000000	0	0	0	0
#197		499	0	0.002080	0.000004	0	0	0	0
#210	DATAMGR_LOG_PERMANENT	0	0	0	0	85	3315	0	0
#211	DATAMGR_LOGIN	88	789756	0.000330	0.000004	88	2723	0	0
#212	DATAMGR_LOGOUT	0	0	0	0	67	335	0	0
#213	DATAMGR_NEW_CHAR	2	40	0.000001	0.000001	2	2181	0	0
#214	DATAMGR_SAVE_CHAR	0	0	0	0	8846	70785113	0	0
#215	DATAMGR_DEL_CHAR	0	0	0	0	1	9	0	0
#221	DATAMGR_NEW_HOUSE	0	0	0	0	2	4306	0	0
#222	DATAMGR_WRITE_HOUSE	0	0	0	0	973	10569704	0	0
#224	DATAMGR_GET_HOUSE	82	1431004	0.000506	0.000006	82	1645	0	0
#225	DATAMGR_HELLO	0	0	0	0	1	3	0	0
#232		0	0	0	0	10	347	0	0
#233		84	872	0.000001	0.000000	84	840	0	0
#234		0	0	0	0	2	18	0	0
#236		86	4548	0.000003	0.000000	6596	206957	0	0

	Total)	123738	3115264	0.360072	0.000003	395471	120821051	1529995	5440

Slowest Msg #184 took  0.000112 seconds.
Total process time =  495.174191
Total run time =          29941