Msg#	Message	Count	Inbound	Total_Time	Average_Time	Count	Outbound	Acked	Naked
#1	CLIENT_CONNECTED	13	0	0.000000	0.000000	0	0	0	0
#2	CLIENT_HUNG_UP	6	0	0.000007	0.000001	0	0	0	0
#14	PLAYER_CHECK_LOGIN	13	288	0.000001	0.000000	13	273	0	0
#15	SECURITY	13	0	0.000000	0.000000	0	0	0	0
#16	INN_LOGIN	13	156	0.000000	0.000000	0	0	0	0
#17	SERVER_PING	70	280	0.000001	0.000000	70	0	1120	0
#18	PLAYER_QUERY_CHARACTERS	13	0	0.000002	0.000000	13	34304	0	0
#21	PLAYER_LOGIN	0	0	0	0	13	0	208	0
#24	PLAYER_SYSTEM_MSG	0	0	0	0	12	1148	0	0
#25	PLAYER_ACK	0	0	0	0	475	15688	0	0
#26	PLAYER_NAK	0	0	0	0	13	208	0	0
#32	PLAYER_CHANGE_ROOM	17	204	0.000005	0.000000	0	0	0	0
#33	PLAYER_NEW_ROOM	0	0	0	0	33	66858	0	0
#37	PLAYER_ROOM_CHAT	135	1976	0.000042	0.000000	0	0	0	0
#38	PLAYER_TEXT	0	0	0	0	676	35011	0	0
#41	PLAYER_MOVIE	195	4288	0.000006	0.000000	195	0	3120	0
#42	PLAYER_MOVIE_DATA	0	0	0	0	1874	202937	0	0
#45	PLAYER_DESTROY_OBJECT	0	0	0	0	237	4509	0	0
#52	PLAYER_SHIFT_ROOM	16	64	0.000005	0.000000	0	0	0	0
#55	PLAYER_GET_BIOGRAPHY	2	8	0.000000	0.000000	2	0	386	0
#57	PLAYER_GET_DESCRIPTION	4	16	0.000000	0.000000	4	0	2115	0
#58	PLAYER_GET_EXTENDED_PROPS	13	52	0.000001	0.000000	13	0	4602	0
#61	PLAYER_WHO	0	0	0	0	12	647	0	0
#69	COMBAT_EXIT	40	0	0.000001	0.000000	81	834	640	0
#74	SHOP_SELL	1	8	0.000001	0.000001	1	0	16	0
#75	SHOP_GET_PRICE	1	8	0.000000	0.000000	1	0	16	0
#79	MONEY_TAKE	7	28	0.000001	0.000000	7	0	112	0
#80	CAST_SPELL	21	336	0.000003	0.000000	21	0	336	0
#81	PLAYER_INFO	0	0	0	0	111	3957	0	0
#92	GET_POSN	12	48	0.000000	0.000000	12	0	312	0
#94	GET_HOUSE	1	16	0.000000	0.000000	1	0	0	16
#98	LOGIN_UPDATE	0	0	0	0	13	143	0	0
#112	COMBAT_ACTION	41	548	0.000001	0.000000	0	0	0	0
#114	WHATS_NEW	1	0	0.000000	0.000000	1	12747	0	0
#116	GET_LOOK_INFO	1	4	0.000000	0.000000	1	0	318	0
#126	MASS_SELL	1	24	0.000000	0.000000	1	0	45	0
#128	GET_SELL_PRICES	1	4	0.000000	0.000000	1	0	257	0
#130	PLAYER_CHARACTER_LOGIN	12	48	0.000004	0.000000	12	0	651	0
#131	GET_REPAIR_PRICES	2	8	0.000000	0.000000	2	0	170	0
#132	MASS_REPAIR	2	84	0.000000	0.000000	2	0	32	0
#135	MAIL_LIST_GET	0	0	0	0	12	0	0	192
#145		54	2008	0.000001	0.000000	0	0	0	0
#150	VERB_GET	34	448	0.000008	0.000000	34	0	544	0
#153	VERB_PUT_ON	2	24	0.000000	0.000000	2	0	32	0
#154	VERB_TAKE_OFF	1	12	0.000000	0.000000	1	0	16	0
#155	VERB_OPEN	2	28	0.000001	0.000000	2	0	32	0
#160	VERB_ENGAGE	36	584	0.000003	0.000000	36	0	576	0
#162	VERB_SIT	1	12	0.000000	0.000000	1	0	16	0
#164	VERB_GIVE	1	12	0.000001	0.000001	1	0	16	0
#180	NPC_PULSE	561	0	0.007094	0.000013	0	0	0	0
#182	COMBAT_PULSE	561	0	0.000032	0.000000	0	0	0	0
#184	PROCESS_AFFECT_PULSE	9	0	0.000994	0.000110	0	0	0	0
#186	HEAL_PULSE	4	0	0.000000	0.000000	0	0	0	0
#188	MONSTER_PULSE	4	0	0.000011	0.000003	0	0	0	0
#189	MAINTENANCE_PULSE	4	0	0.000000	0.000000	0	0	0	0
#193	TOSS_DEAD_HOUSES	18	0	0.000006	0.000000	0	0	0	0
#194	DUNGEON_QUEUE_PULSE	37	0	0.000003	0.000000	0	0	0	0
#196	AMBUSH_PULSE	112	0	0.000007	0.000000	0	0	0	0
#197		9	0	0.000055	0.000006	0	0	0	0
#210	DATAMGR_LOG_PERMANENT	0	0	0	0	3	108	0	0
#211	DATAMGR_LOGIN	13	137692	0.000055	0.000004	13	375	0	0
#212	DATAMGR_LOGOUT	0	0	0	0	6	30	0	0
#214	DATAMGR_SAVE_CHAR	0	0	0	0	82	668976	0	0
#222	DATAMGR_WRITE_HOUSE	0	0	0	0	8	542409	0	0
#224	DATAMGR_GET_HOUSE	1	67944	0.000034	0.000034	1	24	0	0
#225	DATAMGR_HELLO	0	0	0	0	1	3	0	0
#231		1	12728	0.000000	0.000000	1	5	0	0
#233		12	96	0.000000	0.000000	12	120	0	0
#236		12	768	0.000001	0.000000	124	3984	0	0

	Total)	2156	230852	0.008389	0.000004	4263	1595298	15688	208

Slowest Msg #184 took  0.000194 seconds.
Total process time =  14.142687
Total run time =            562