Msg#	Message	Count	Inbound	Total_Time	Average_Time	Count	Outbound	Acked	Naked
#1	CLIENT_CONNECTED	94	0	0.000004	0.000000	0	0	0	0
#2	CLIENT_HUNG_UP	78	0	0.000104	0.000001	0	0	0	0
#14	PLAYER_CHECK_LOGIN	96	2112	0.000004	0.000000	96	2296	0	0
#15	SECURITY	93	0	0.000000	0.000000	0	0	0	0
#16	INN_LOGIN	93	1116	0.000002	0.000000	0	0	0	0
#17	SERVER_PING	7440	29760	0.000106	0.000000	7440	0	119040	0
#18	PLAYER_QUERY_CHARACTERS	93	0	0.000022	0.000000	93	243051	0	0
#21	PLAYER_LOGIN	0	0	0	0	93	0	1488	0
#22	PLAYER_LOGOUT	13	0	0.000000	0.000000	0	0	0	0
#24	PLAYER_SYSTEM_MSG	0	0	0	0	108	22029	0	0
#25	PLAYER_ACK	0	0	0	0	38609	1173196	0	0
#26	PLAYER_NAK	0	0	0	0	292	4672	0	0
#32	PLAYER_CHANGE_ROOM	685	8220	0.000260	0.000000	26	0	0	416
#33	PLAYER_NEW_ROOM	0	0	0	0	3610	5484145	0	0
#37	PLAYER_ROOM_CHAT	1373	28032	0.000239	0.000000	0	0	0	0
#38	PLAYER_TEXT	0	0	0	0	15840	881159	0	0
#41	PLAYER_MOVIE	21708	551372	0.000497	0.000000	21688	0	347008	0
#42	PLAYER_MOVIE_DATA	0	0	0	0	253702	24923141	0	0
#45	PLAYER_DESTROY_OBJECT	0	0	0	0	19795	350119	0	0
#48	PLAYER_CREATE_CHARACTER	2	40	0.000001	0.000000	2	0	599	0
#49	PLAYER_DESTROY_CHARACTER	3	12	0.000002	0.000001	3	0	48	0
#52	PLAYER_SHIFT_ROOM	2964	11856	0.000854	0.000000	34	0	441	208
#55	PLAYER_GET_BIOGRAPHY	196	784	0.000004	0.000000	196	0	14508	0
#56	PLAYER_SET_BIOGRAPHY	2	120	0.000000	0.000000	2	0	32	0
#57	PLAYER_GET_DESCRIPTION	251	1004	0.000016	0.000000	251	0	106411	0
#58	PLAYER_GET_EXTENDED_PROPS	192	768	0.000014	0.000000	192	0	62315	0
#59	PLAYER_SET_HEAD_DATA	2	40	0.000000	0.000000	2	0	32	0
#61	PLAYER_WHO	0	0	0	0	12	1362	0	0
#69	COMBAT_EXIT	1416	0	0.000039	0.000000	2989	33498	22656	0
#71	GET_SHOP_INFO	36	144	0.000013	0.000000	36	0	325953	0
#73	SHOP_EXAMINE	6	48	0.000001	0.000000	6	0	1762	0
#74	SHOP_SELL	1	8	0.000001	0.000001	1	0	16	0
#75	SHOP_GET_PRICE	1	8	0.000000	0.000000	1	0	16	0
#76	MONEY_DROP	1	8	0.000000	0.000000	1	0	16	0
#78	MONEY_GIVE	7	84	0.000008	0.000001	7	0	112	0
#79	MONEY_TAKE	940	3760	0.000107	0.000000	940	0	15024	16
#80	CAST_SPELL	1069	17104	0.000188	0.000000	1069	0	17088	16
#81	PLAYER_INFO	0	0	0	0	3225	117950	0	0
#84	FATAL_DATA	16	6260	0.000005	0.000000	16	0	256	0
#87	GROUP_JOIN	26	104	0.000001	0.000000	95	1727	1750	0
#88	GROUP_LEAVE	1	0	0.000000	0.000000	55	702	16	0
#90	OLD_SECURITY	26	208	0.000001	0.000000	26	1742	0	0
#92	GET_POSN	91	364	0.000003	0.000000	91	0	2366	0
#94	GET_HOUSE	20	272	0.000001	0.000000	20	0	0	320
#95	GET_ENTRY_INFO	205	820	0.000007	0.000000	205	0	5022	688
#98	LOGIN_UPDATE	0	0	0	0	96	1056	0	0
#104	TREE_GET	1	4	0.000000	0.000000	1	0	134	0
#105	TREE_CHOOSE_TOPIC	1	4	0.000000	0.000000	1	0	174	0
#107	TREE_BACK	1	0	0.000000	0.000000	1	0	135	0
#108	QUEST_ACCEPT	1	4	0.000000	0.000000	1	0	114	0
#112	COMBAT_ACTION	3158	32708	0.000059	0.000000	0	0	0	0
#114	WHATS_NEW	1	0	0.000000	0.000000	1	13979	0	0
#115	SET_ENGRAVE_NAME	5	60	0.000000	0.000000	0	0	0	0
#116	GET_LOOK_INFO	101	404	0.000015	0.000000	101	0	30680	0
#126	MASS_SELL	47	2480	0.000048	0.000001	47	0	4819	0
#127	MASS_BUY	24	536	0.000004	0.000000	24	0	2729	0
#128	GET_SELL_PRICES	53	212	0.000005	0.000000	53	0	9013	0
#130	PLAYER_CHARACTER_LOGIN	91	364	0.000038	0.000000	91	0	5000	0
#131	GET_REPAIR_PRICES	24	96	0.000002	0.000000	24	0	1638	32
#132	MASS_REPAIR	21	764	0.000001	0.000000	21	0	336	0
#135	MAIL_LIST_GET	1	0	0.000000	0.000000	92	0	368	1376
#136	MAIL_MESSAGE_GET	3	12	0.000000	0.000000	3	0	849	0
#137	MAIL_MESSAGE_DELETE	3	12	0.000000	0.000000	3	0	63	0
#138	MAIL_MESSAGE_SEND	0	0	0	0	1	0	17	0
#145		2678	99656	0.000050	0.000000	0	0	0	0
#150	VERB_GET	2296	38036	0.001340	0.000001	2296	0	36192	544
#151	VERB_DROP	91	1100	0.000010	0.000000	91	0	1456	0
#152	VERB_PUT_IN	306	4140	0.000057	0.000000	306	0	4848	48
#153	VERB_PUT_ON	179	2172	0.000022	0.000000	179	0	2560	304
#154	VERB_TAKE_OFF	139	1696	0.000017	0.000000	139	0	2224	0
#155	VERB_OPEN	250	4716	0.000037	0.000000	250	0	3760	240
#156	VERB_CLOSE	4	48	0.000000	0.000000	4	0	64	0
#157	VERB_LOCK	1	24	0.000000	0.000000	1	0	16	0
#158	VERB_UNLOCK	107	2832	0.000012	0.000000	107	0	1568	144
#160	VERB_ENGAGE	1077	17408	0.000118	0.000000	1077	0	17120	112
#161	VERB_CONSUME	37	444	0.000004	0.000000	37	0	592	0
#162	VERB_SIT	1	12	0.000000	0.000000	1	0	16	0
#164	VERB_GIVE	123	1972	0.000122	0.000001	123	0	1808	160
#165	VERB_MEMORIZE	30	360	0.000004	0.000000	30	0	432	48
#167	VERB_USE	26	312	0.000013	0.000000	26	0	416	0
#169	VERB_DYE	5	60	0.000001	0.000000	5	0	80	0
#180	NPC_PULSE	38592	0	0.397473	0.000010	0	0	0	0
#182	COMBAT_PULSE	38592	0	0.003620	0.000000	0	0	0	0
#184	PROCESS_AFFECT_PULSE	643	0	0.052295	0.000081	0	0	0	0
#185	CHAR_DOIT_PULSE	42	0	0.000002	0.000000	0	0	0	0
#186	HEAL_PULSE	321	0	0.000027	0.000000	0	0	0	0
#188	MONSTER_PULSE	321	0	0.000356	0.000001	0	0	0	0
#189	MAINTENANCE_PULSE	321	0	0.000000	0.000000	0	0	0	0
#193	TOSS_DEAD_HOUSES	1286	0	0.000185	0.000000	0	0	0	0
#194	DUNGEON_QUEUE_PULSE	2572	0	0.001119	0.000000	0	0	0	0
#196	AMBUSH_PULSE	7718	0	0.000368	0.000000	0	0	0	0
#197		643	0	0.003477	0.000005	0	0	0	0
#210	DATAMGR_LOG_PERMANENT	0	0	0	0	60	2658	0	0
#211	DATAMGR_LOGIN	96	1026168	0.000460	0.000005	96	2745	0	0
#212	DATAMGR_LOGOUT	0	0	0	0	77	385	0	0
#213	DATAMGR_NEW_CHAR	2	40	0.000001	0.000001	2	2423	0	0
#214	DATAMGR_SAVE_CHAR	0	0	0	0	9717	73394970	0	0
#215	DATAMGR_DEL_CHAR	0	0	0	0	3	27	0	0
#218	DATAMGR_REVOKE	0	0	0	0	1	6	0	0
#219	DATAMGR_GAG	0	0	0	0	1	6	0	0
#221	DATAMGR_NEW_HOUSE	0	0	0	0	3	6546	0	0
#222	DATAMGR_WRITE_HOUSE	0	0	0	0	906	26590780	0	0
#224	DATAMGR_GET_HOUSE	80	1796860	0.000681	0.000009	80	1608	0	0
#225	DATAMGR_HELLO	0	0	0	0	1	3	0	0
#226	DATAMGR_GET_ALL_HOUSES	276	2842280	0.001081	0.000004	0	0	0	0
#231		1	13960	0.000000	0.000000	1	5	0	0
#232		0	0	0	0	5	155	0	0
#233		99	1848	0.000001	0.000000	99	9038	0	0
#234		0	0	0	0	7	63	0	0
#236		91	6020	0.000005	0.000000	8507	280660	0	0

	Total)	141822	6564252	0.465633	0.000003	395668	133547902	1173196	4672

Slowest Msg #184 took  0.000119 seconds.
Total process time =  652.431074
Total run time =          38593