Msg#	Message	Count	Inbound	Total_Time	Average_Time	Count	Outbound	Acked	Naked
#1	CLIENT_CONNECTED	7	0	0.000000	0.000000	0	0	0	0
#2	CLIENT_HUNG_UP	2	0	0.000003	0.000001	0	0	0	0
#14	PLAYER_CHECK_LOGIN	7	172	0.000000	0.000000	7	147	0	0
#15	SECURITY	7	0	0.000000	0.000000	0	0	0	0
#16	INN_LOGIN	7	84	0.000000	0.000000	0	0	0	0
#17	SERVER_PING	283	1132	0.000005	0.000000	283	0	4528	0
#18	PLAYER_QUERY_CHARACTERS	7	0	0.000001	0.000000	7	21608	0	0
#21	PLAYER_LOGIN	0	0	0	0	7	0	112	0
#24	PLAYER_SYSTEM_MSG	0	0	0	0	20	2417	0	0
#25	PLAYER_ACK	0	0	0	0	1095	184351	0	0
#26	PLAYER_NAK	0	0	0	0	32	512	0	0
#32	PLAYER_CHANGE_ROOM	34	408	0.000015	0.000000	4	0	0	64
#33	PLAYER_NEW_ROOM	0	0	0	0	85	158820	0	0
#37	PLAYER_ROOM_CHAT	232	7280	0.000050	0.000000	0	0	0	0
#38	PLAYER_TEXT	0	0	0	0	450	22772	0	0
#41	PLAYER_MOVIE	443	11468	0.000012	0.000000	443	0	7088	0
#42	PLAYER_MOVIE_DATA	0	0	0	0	2202	170509	0	0
#45	PLAYER_DESTROY_OBJECT	0	0	0	0	226	4506	0	0
#52	PLAYER_SHIFT_ROOM	56	224	0.000011	0.000000	1	0	0	16
#55	PLAYER_GET_BIOGRAPHY	32	128	0.000001	0.000000	32	0	2336	0
#57	PLAYER_GET_DESCRIPTION	18	72	0.000002	0.000000	18	0	7644	0
#58	PLAYER_GET_EXTENDED_PROPS	23	92	0.000002	0.000000	23	0	6816	0
#61	PLAYER_WHO	0	0	0	0	8	344	0	0
#69	COMBAT_EXIT	19	0	0.000001	0.000000	38	450	304	0
#71	GET_SHOP_INFO	4	16	0.000006	0.000002	4	0	144868	0
#73	SHOP_EXAMINE	1	8	0.000000	0.000000	1	0	542	0
#79	MONEY_TAKE	21	84	0.000003	0.000000	21	0	192	144
#80	CAST_SPELL	42	672	0.000009	0.000000	42	0	672	0
#81	PLAYER_INFO	0	0	0	0	68	2341	0	0
#92	GET_POSN	7	28	0.000000	0.000000	7	0	182	0
#94	GET_HOUSE	3	36	0.000000	0.000000	3	0	0	48
#95	GET_ENTRY_INFO	2	8	0.000000	0.000000	2	0	0	32
#98	LOGIN_UPDATE	0	0	0	0	7	77	0	0
#112	COMBAT_ACTION	10	40	0.000000	0.000000	0	0	0	0
#116	GET_LOOK_INFO	16	64	0.000003	0.000000	16	0	4891	0
#126	MASS_SELL	2	36	0.000003	0.000001	2	0	66	0
#127	MASS_BUY	3	64	0.000001	0.000000	2	0	295	0
#128	GET_SELL_PRICES	2	8	0.000000	0.000000	2	0	442	0
#130	PLAYER_CHARACTER_LOGIN	7	28	0.000001	0.000000	7	0	451	0
#131	GET_REPAIR_PRICES	2	8	0.000000	0.000000	2	0	154	0
#132	MASS_REPAIR	2	76	0.000000	0.000000	2	0	32	0
#135	MAIL_LIST_GET	0	0	0	0	7	0	0	112
#145		49	1124	0.000001	0.000000	0	0	0	0
#150	VERB_GET	45	608	0.000023	0.000001	45	0	720	0
#151	VERB_DROP	7	84	0.000001	0.000000	7	0	112	0
#152	VERB_PUT_IN	52	760	0.000012	0.000000	52	0	832	0
#153	VERB_PUT_ON	13	156	0.000002	0.000000	13	0	176	32
#154	VERB_TAKE_OFF	14	168	0.000002	0.000000	14	0	224	0
#155	VERB_OPEN	10	200	0.000002	0.000000	10	0	128	32
#158	VERB_UNLOCK	6	132	0.000001	0.000000	6	0	64	32
#160	VERB_ENGAGE	12	192	0.000002	0.000000	12	0	192	0
#164	VERB_GIVE	14	192	0.000017	0.000001	14	0	224	0
#169	VERB_DYE	4	48	0.000001	0.000000	4	0	64	0
#180	NPC_PULSE	3585	0	0.051422	0.000014	0	0	0	0
#182	COMBAT_PULSE	3585	0	0.000024	0.000000	0	0	0	0
#184	PROCESS_AFFECT_PULSE	59	0	0.006491	0.000110	0	0	0	0
#185	CHAR_DOIT_PULSE	3	0	0.000000	0.000000	0	0	0	0
#186	HEAL_PULSE	29	0	0.000003	0.000000	0	0	0	0
#188	MONSTER_PULSE	29	0	0.000017	0.000001	0	0	0	0
#189	MAINTENANCE_PULSE	29	0	0.000000	0.000000	0	0	0	0
#193	TOSS_DEAD_HOUSES	119	0	0.000026	0.000000	0	0	0	0
#194	DUNGEON_QUEUE_PULSE	239	0	0.000128	0.000001	0	0	0	0
#196	AMBUSH_PULSE	717	0	0.000052	0.000000	0	0	0	0
#197		59	0	0.000232	0.000004	0	0	0	0
#210	DATAMGR_LOG_PERMANENT	0	0	0	0	19	835	0	0
#211	DATAMGR_LOGIN	7	109648	0.000061	0.000009	7	226	0	0
#212	DATAMGR_LOGOUT	0	0	0	0	2	10	0	0
#214	DATAMGR_SAVE_CHAR	0	0	0	0	336	3409359	0	0
#222	DATAMGR_WRITE_HOUSE	0	0	0	0	76	1780964	0	0
#224	DATAMGR_GET_HOUSE	8	238896	0.000101	0.000013	8	144	0	0
#225	DATAMGR_HELLO	0	0	0	0	1	3	0	0
#233		7	56	0.000000	0.000000	7	70	0	0
#236		7	652	0.000001	0.000000	307	8834	0	0

	Total)	10009	375152	0.058752	0.000006	6116	5769299	184351	512

Slowest Msg #184 took  0.000149 seconds.
Total process time =  80.588353
Total run time =           3586