Msg#	Message	Count	Inbound	Total_Time	Average_Time	Count	Outbound	Acked	Naked
#1	CLIENT_CONNECTED	18	0	0.000001	0.000000	0	0	0	0
#2	CLIENT_HUNG_UP	9	0	0.000005	0.000001	0	0	0	0
#14	PLAYER_CHECK_LOGIN	19	476	0.000001	0.000000	19	799	0	0
#15	SECURITY	15	0	0.000000	0.000000	0	0	0	0
#16	INN_LOGIN	15	180	0.000000	0.000000	0	0	0	0
#17	SERVER_PING	799	3196	0.000011	0.000000	799	0	12784	0
#18	PLAYER_QUERY_CHARACTERS	15	0	0.000002	0.000000	15	27984	0	0
#21	PLAYER_LOGIN	0	0	0	0	15	0	240	0
#22	PLAYER_LOGOUT	1	0	0.000000	0.000000	0	0	0	0
#24	PLAYER_SYSTEM_MSG	0	0	0	0	27	3902	0	0
#25	PLAYER_ACK	0	0	0	0	8438	209694	0	0
#26	PLAYER_NAK	0	0	0	0	54	864	0	0
#32	PLAYER_CHANGE_ROOM	137	1644	0.000034	0.000000	10	0	0	160
#33	PLAYER_NEW_ROOM	0	0	0	0	845	1396978	0	0
#37	PLAYER_ROOM_CHAT	207	4184	0.000034	0.000000	0	0	0	0
#38	PLAYER_TEXT	0	0	0	0	2539	142300	0	0
#41	PLAYER_MOVIE	4883	120652	0.000112	0.000000	4880	0	78080	0
#42	PLAYER_MOVIE_DATA	0	0	0	0	33262	3156466	0	0
#45	PLAYER_DESTROY_OBJECT	0	0	0	0	3313	61097	0	0
#48	PLAYER_CREATE_CHARACTER	1	24	0.000000	0.000000	1	0	301	0
#52	PLAYER_SHIFT_ROOM	721	2884	0.000164	0.000000	6	0	63	48
#55	PLAYER_GET_BIOGRAPHY	8	32	0.000000	0.000000	8	0	584	0
#56	PLAYER_SET_BIOGRAPHY	1	12	0.000000	0.000000	1	0	16	0
#57	PLAYER_GET_DESCRIPTION	52	208	0.000003	0.000000	52	0	18977	0
#58	PLAYER_GET_EXTENDED_PROPS	19	76	0.000001	0.000000	19	0	6757	0
#59	PLAYER_SET_HEAD_DATA	1	20	0.000000	0.000000	1	0	16	0
#61	PLAYER_WHO	0	0	0	0	7	695	0	0
#69	COMBAT_EXIT	888	0	0.000025	0.000000	1902	20688	14208	0
#71	GET_SHOP_INFO	8	32	0.000001	0.000000	8	0	44828	0
#73	SHOP_EXAMINE	3	24	0.000001	0.000000	3	0	691	0
#74	SHOP_SELL	2	16	0.000001	0.000001	2	0	32	0
#75	SHOP_GET_PRICE	2	16	0.000000	0.000000	2	0	32	0
#79	MONEY_TAKE	363	1452	0.000035	0.000000	363	0	5680	128
#80	CAST_SPELL	355	5680	0.000054	0.000000	355	0	5616	64
#81	PLAYER_INFO	0	0	0	0	30	1350	0	0
#87	GROUP_JOIN	4	16	0.000000	0.000000	12	186	212	0
#88	GROUP_LEAVE	1	0	0.000000	0.000000	6	65	16	0
#90	OLD_SECURITY	4	32	0.000000	0.000000	4	262	0	0
#92	GET_POSN	15	60	0.000001	0.000000	15	0	390	0
#95	GET_ENTRY_INFO	44	176	0.000001	0.000000	44	0	1302	32
#98	LOGIN_UPDATE	0	0	0	0	19	209	0	0
#112	COMBAT_ACTION	2536	32908	0.000044	0.000000	0	0	0	0
#114	WHATS_NEW	6	0	0.000000	0.000000	6	20688	0	0
#115	SET_ENGRAVE_NAME	1	24	0.000000	0.000000	0	0	0	0
#116	GET_LOOK_INFO	4	16	0.000000	0.000000	4	0	1237	0
#126	MASS_SELL	3	72	0.000003	0.000001	3	0	135	0
#127	MASS_BUY	6	96	0.000000	0.000000	6	0	482	0
#128	GET_SELL_PRICES	4	16	0.000000	0.000000	4	0	227	16
#130	PLAYER_CHARACTER_LOGIN	15	60	0.000002	0.000000	15	0	748	0
#131	GET_REPAIR_PRICES	3	12	0.000000	0.000000	3	0	138	16
#132	MASS_REPAIR	2	68	0.000000	0.000000	2	0	32	0
#135	MAIL_LIST_GET	0	0	0	0	15	0	505	144
#136	MAIL_MESSAGE_GET	1	4	0.000000	0.000000	1	0	229	0
#145		2306	83956	0.000040	0.000000	0	0	0	0
#150	VERB_GET	269	4496	0.000147	0.000001	269	0	4288	16
#151	VERB_DROP	42	504	0.000004	0.000000	42	0	672	0
#152	VERB_PUT_IN	50	748	0.000005	0.000000	50	0	784	16
#153	VERB_PUT_ON	22	264	0.000002	0.000000	22	0	336	16
#154	VERB_TAKE_OFF	25	300	0.000002	0.000000	25	0	400	0
#155	VERB_OPEN	28	520	0.000003	0.000000	28	0	448	0
#156	VERB_CLOSE	3	56	0.000000	0.000000	3	0	48	0
#158	VERB_UNLOCK	6	168	0.000001	0.000000	6	0	96	0
#160	VERB_ENGAGE	494	7936	0.000039	0.000000	494	0	7696	208
#161	VERB_CONSUME	6	72	0.000001	0.000000	6	0	96	0
#164	VERB_GIVE	3	44	0.000003	0.000001	3	0	48	0
#167	VERB_USE	7	84	0.000002	0.000000	7	0	112	0
#169	VERB_DYE	7	84	0.000001	0.000000	7	0	112	0
#180	NPC_PULSE	5571	0	0.061911	0.000011	0	0	0	0
#182	COMBAT_PULSE	5571	0	0.000576	0.000000	0	0	0	0
#184	PROCESS_AFFECT_PULSE	92	0	0.007680	0.000083	0	0	0	0
#185	CHAR_DOIT_PULSE	6	0	0.000000	0.000000	0	0	0	0
#186	HEAL_PULSE	46	0	0.000002	0.000000	0	0	0	0
#188	MONSTER_PULSE	46	0	0.000205	0.000004	0	0	0	0
#189	MAINTENANCE_PULSE	46	0	0.000000	0.000000	0	0	0	0
#193	TOSS_DEAD_HOUSES	185	0	0.000035	0.000000	0	0	0	0
#194	DUNGEON_QUEUE_PULSE	371	0	0.000035	0.000000	0	0	0	0
#196	AMBUSH_PULSE	1114	0	0.000059	0.000000	0	0	0	0
#197		92	0	0.000394	0.000004	0	0	0	0
#210	DATAMGR_LOG_PERMANENT	0	0	0	0	6	204	0	0
#211	DATAMGR_LOGIN	19	125144	0.000045	0.000002	19	612	0	0
#212	DATAMGR_LOGOUT	0	0	0	0	6	30	0	0
#213	DATAMGR_NEW_CHAR	1	20	0.000001	0.000001	1	1222	0	0
#214	DATAMGR_SAVE_CHAR	0	0	0	0	1029	7801034	0	0
#221	DATAMGR_NEW_HOUSE	0	0	0	0	1	2161	0	0
#222	DATAMGR_WRITE_HOUSE	0	0	0	0	110	3410699	0	0
#224	DATAMGR_GET_HOUSE	17	313572	0.000125	0.000007	17	311	0	0
#225	DATAMGR_HELLO	0	0	0	0	1	3	0	0
#231		6	20640	0.000000	0.000000	6	30	0	0
#232		0	0	0	0	1	44	0	0
#233		16	720	0.000000	0.000000	16	164	0	0
#236		15	772	0.000000	0.000000	2470	96506	0	0
#254	CLIENT_HACKED_MSG	1	8	0.000000	0.000000	0	0	0	0

	Total)	27674	734476	0.071856	0.000003	61780	16357247	209694	864

Slowest Msg #184 took  0.000107 seconds.
Total process time =  97.290311
Total run time =           5572