Msg#	Message	Count	Inbound	Total_Time	Average_Time	Count	Outbound	Acked	Naked
#1	CLIENT_CONNECTED	9	0	0.000000	0.000000	0	0	0	0
#2	CLIENT_HUNG_UP	1	0	0.000001	0.000001	0	0	0	0
#14	PLAYER_CHECK_LOGIN	9	212	0.000000	0.000000	9	189	0	0
#15	SECURITY	9	0	0.000000	0.000000	0	0	0	0
#16	INN_LOGIN	9	108	0.000000	0.000000	0	0	0	0
#17	SERVER_PING	145	580	0.000002	0.000000	145	0	2320	0
#18	PLAYER_QUERY_CHARACTERS	9	0	0.000001	0.000000	9	23103	0	0
#21	PLAYER_LOGIN	0	0	0	0	9	0	144	0
#25	PLAYER_ACK	0	0	0	0	943	41221	0	0
#26	PLAYER_NAK	0	0	0	0	8	128	0	0
#32	PLAYER_CHANGE_ROOM	33	396	0.000010	0.000000	0	0	0	0
#33	PLAYER_NEW_ROOM	0	0	0	0	77	213923	0	0
#37	PLAYER_ROOM_CHAT	190	4080	0.000025	0.000000	0	0	0	0
#38	PLAYER_TEXT	0	0	0	0	884	45486	0	0
#41	PLAYER_MOVIE	441	11916	0.000011	0.000000	441	0	7056	0
#42	PLAYER_MOVIE_DATA	0	0	0	0	5296	770489	0	0
#45	PLAYER_DESTROY_OBJECT	0	0	0	0	164	2816	0	0
#52	PLAYER_SHIFT_ROOM	44	176	0.000009	0.000000	0	0	0	0
#55	PLAYER_GET_BIOGRAPHY	36	144	0.000001	0.000000	36	0	2628	0
#57	PLAYER_GET_DESCRIPTION	18	72	0.000001	0.000000	18	0	9428	0
#58	PLAYER_GET_EXTENDED_PROPS	27	108	0.000001	0.000000	27	0	8969	0
#61	PLAYER_WHO	0	0	0	0	7	664	0	0
#69	COMBAT_EXIT	0	0	0	0	1	18	0	0
#78	MONEY_GIVE	1	12	0.000001	0.000001	1	0	16	0
#80	CAST_SPELL	120	1920	0.000015	0.000000	120	0	1920	0
#81	PLAYER_INFO	0	0	0	0	77	2737	0	0
#87	GROUP_JOIN	5	20	0.000000	0.000000	21	434	425	0
#90	OLD_SECURITY	5	40	0.000000	0.000000	5	342	0	0
#92	GET_POSN	9	36	0.000000	0.000000	9	0	234	0
#98	LOGIN_UPDATE	0	0	0	0	9	99	0	0
#112	COMBAT_ACTION	26	340	0.000001	0.000000	0	0	0	0
#116	GET_LOOK_INFO	18	72	0.000002	0.000000	18	0	5439	0
#126	MASS_SELL	2	36	0.000000	0.000000	2	0	58	0
#128	GET_SELL_PRICES	2	8	0.000000	0.000000	2	0	114	0
#130	PLAYER_CHARACTER_LOGIN	9	36	0.000004	0.000000	9	0	571	0
#131	GET_REPAIR_PRICES	4	16	0.000000	0.000000	4	0	308	0
#132	MASS_REPAIR	3	108	0.000000	0.000000	3	0	48	0
#135	MAIL_LIST_GET	0	0	0	0	9	0	55	128
#145		144	6832	0.000003	0.000000	0	0	0	0
#150	VERB_GET	25	360	0.000006	0.000000	25	0	400	0
#151	VERB_DROP	8	96	0.000001	0.000000	8	0	128	0
#152	VERB_PUT_IN	13	164	0.000001	0.000000	13	0	208	0
#153	VERB_PUT_ON	21	252	0.000003	0.000000	21	0	336	0
#154	VERB_TAKE_OFF	10	120	0.000001	0.000000	10	0	160	0
#155	VERB_OPEN	2	48	0.000000	0.000000	2	0	32	0
#161	VERB_CONSUME	5	60	0.000001	0.000000	5	0	80	0
#164	VERB_GIVE	9	128	0.000006	0.000001	9	0	144	0
#180	NPC_PULSE	1336	0	0.012552	0.000009	0	0	0	0
#182	COMBAT_PULSE	1336	0	0.000013	0.000000	0	0	0	0
#184	PROCESS_AFFECT_PULSE	22	0	0.001670	0.000076	0	0	0	0
#185	CHAR_DOIT_PULSE	1	0	0.000000	0.000000	0	0	0	0
#186	HEAL_PULSE	11	0	0.000001	0.000000	0	0	0	0
#188	MONSTER_PULSE	11	0	0.000004	0.000000	0	0	0	0
#189	MAINTENANCE_PULSE	11	0	0.000000	0.000000	0	0	0	0
#193	TOSS_DEAD_HOUSES	44	0	0.000007	0.000000	0	0	0	0
#194	DUNGEON_QUEUE_PULSE	89	0	0.000004	0.000000	0	0	0	0
#196	AMBUSH_PULSE	267	0	0.000012	0.000000	0	0	0	0
#197		22	0	0.000049	0.000002	0	0	0	0
#210	DATAMGR_LOG_PERMANENT	0	0	0	0	23	987	0	0
#211	DATAMGR_LOGIN	9	107160	0.000036	0.000004	9	274	0	0
#212	DATAMGR_LOGOUT	0	0	0	0	1	5	0	0
#214	DATAMGR_SAVE_CHAR	0	0	0	0	180	1104191	0	0
#222	DATAMGR_WRITE_HOUSE	0	0	0	0	15	435096	0	0
#224	DATAMGR_GET_HOUSE	3	72884	0.000023	0.000008	3	68	0	0
#225	DATAMGR_HELLO	0	0	0	0	1	3	0	0
#233		9	108	0.000000	0.000000	9	90	0	0
#236		11	788	0.000000	0.000000	278	11114	0	0

	Total)	4603	209436	0.014481	0.000003	8975	2653477	41221	128

Slowest Msg #184 took  0.000091 seconds.
Total process time =  20.978656
Total run time =           1337