Msg#	Message	Count	Inbound	Total_Time	Average_Time	Count	Outbound	Acked	Naked
#1	CLIENT_CONNECTED	111	0	0.000004	0.000000	0	0	0	0
#2	CLIENT_HUNG_UP	108	0	0.000073	0.000001	0	0	0	0
#14	PLAYER_CHECK_LOGIN	112	2892	0.000005	0.000000	112	3196	0	0
#15	SECURITY	103	0	0.000000	0.000000	0	0	0	0
#16	INN_LOGIN	103	1236	0.000002	0.000000	0	0	0	0
#17	SERVER_PING	8453	33812	0.000142	0.000000	8453	0	135248	0
#18	PLAYER_QUERY_CHARACTERS	103	0	0.000017	0.000000	103	163268	0	0
#21	PLAYER_LOGIN	0	0	0	0	103	0	1648	0
#22	PLAYER_LOGOUT	24	0	0.000000	0.000000	0	0	0	0
#24	PLAYER_SYSTEM_MSG	0	0	0	0	122	12713	0	0
#25	PLAYER_ACK	0	0	0	0	47319	1162648	0	0
#26	PLAYER_NAK	0	0	0	0	595	9520	0	0
#32	PLAYER_CHANGE_ROOM	1967	23604	0.000426	0.000000	50	0	0	800
#33	PLAYER_NEW_ROOM	0	0	0	0	5427	7763893	0	0
#37	PLAYER_ROOM_CHAT	2493	66568	0.000407	0.000000	0	0	0	0
#38	PLAYER_TEXT	0	0	0	0	14680	824520	0	0
#41	PLAYER_MOVIE	28994	726504	0.000670	0.000000	28975	0	463600	0
#42	PLAYER_MOVIE_DATA	0	0	0	0	233868	27478800	0	0
#45	PLAYER_DESTROY_OBJECT	0	0	0	0	23401	411441	0	0
#48	PLAYER_CREATE_CHARACTER	4	84	0.000001	0.000000	4	0	1159	0
#49	PLAYER_DESTROY_CHARACTER	2	8	0.000000	0.000000	2	0	32	0
#52	PLAYER_SHIFT_ROOM	3533	14132	0.000648	0.000000	70	0	987	368
#55	PLAYER_GET_BIOGRAPHY	127	508	0.000003	0.000000	127	0	9271	0
#56	PLAYER_SET_BIOGRAPHY	4	240	0.000001	0.000000	4	0	64	0
#57	PLAYER_GET_DESCRIPTION	233	932	0.000017	0.000000	233	0	83226	0
#58	PLAYER_GET_EXTENDED_PROPS	165	660	0.000007	0.000000	165	0	56887	0
#59	PLAYER_SET_HEAD_DATA	4	80	0.000001	0.000000	4	0	64	0
#61	PLAYER_WHO	0	0	0	0	29	1825	0	0
#69	COMBAT_EXIT	1937	0	0.000056	0.000000	4017	41048	30992	0
#71	GET_SHOP_INFO	39	156	0.000005	0.000000	39	0	222518	0
#73	SHOP_EXAMINE	10	80	0.000001	0.000000	10	0	1565	0
#74	SHOP_SELL	14	112	0.000013	0.000001	14	0	224	0
#75	SHOP_GET_PRICE	17	136	0.000001	0.000000	17	0	272	0
#78	MONEY_GIVE	6	72	0.000005	0.000001	6	0	80	16
#79	MONEY_TAKE	455	1820	0.000044	0.000000	455	0	7152	128
#80	CAST_SPELL	2632	42112	0.000387	0.000000	2632	0	41984	128
#81	PLAYER_INFO	0	0	0	0	202	9158	0	0
#84	FATAL_DATA	6	2480	0.000002	0.000000	6	0	96	0
#87	GROUP_JOIN	78	312	0.000003	0.000000	225	3557	3863	48
#88	GROUP_LEAVE	4	0	0.000000	0.000000	145	1833	64	0
#90	OLD_SECURITY	66	528	0.000002	0.000000	77	4985	0	0
#92	GET_POSN	101	404	0.000003	0.000000	101	0	2626	0
#94	GET_HOUSE	12	160	0.000000	0.000000	12	0	0	192
#95	GET_ENTRY_INFO	829	3316	0.000024	0.000000	829	0	14849	5600
#98	LOGIN_UPDATE	0	0	0	0	110	1210	0	0
#104	TREE_GET	1	4	0.000000	0.000000	1	0	267	0
#105	TREE_CHOOSE_TOPIC	2	8	0.000000	0.000000	2	0	441	0
#112	COMBAT_ACTION	7066	77600	0.000113	0.000000	0	0	0	0
#115	SET_ENGRAVE_NAME	18	292	0.000000	0.000000	0	0	0	0
#116	GET_LOOK_INFO	64	256	0.000006	0.000000	64	0	19205	0
#126	MASS_SELL	7	184	0.000005	0.000001	7	0	347	0
#127	MASS_BUY	24	588	0.000003	0.000000	24	0	2183	0
#128	GET_SELL_PRICES	8	32	0.000000	0.000000	8	0	1120	0
#130	PLAYER_CHARACTER_LOGIN	101	404	0.000015	0.000000	101	0	4773	0
#131	GET_REPAIR_PRICES	38	152	0.000002	0.000000	38	0	1757	144
#132	MASS_REPAIR	22	720	0.000001	0.000000	22	0	352	0
#135	MAIL_LIST_GET	0	0	0	0	101	0	3155	1040
#138	MAIL_MESSAGE_SEND	1	84	0.000000	0.000000	1	0	17	0
#145		6609	225960	0.000136	0.000000	0	0	0	0
#150	VERB_GET	1573	25572	0.001422	0.000001	1573	0	24976	192
#151	VERB_DROP	197	2364	0.000018	0.000000	197	0	3136	16
#152	VERB_PUT_IN	91	1160	0.000008	0.000000	91	0	1264	192
#153	VERB_PUT_ON	169	2028	0.000015	0.000000	169	0	2448	256
#154	VERB_TAKE_OFF	140	1700	0.000011	0.000000	140	0	2240	0
#155	VERB_OPEN	129	2480	0.000016	0.000000	129	0	2032	32
#156	VERB_CLOSE	10	200	0.000000	0.000000	10	0	160	0
#158	VERB_UNLOCK	23	704	0.000003	0.000000	23	0	368	0
#160	VERB_ENGAGE	679	10928	0.000070	0.000000	679	0	10544	320
#161	VERB_CONSUME	52	624	0.000006	0.000000	52	0	832	0
#162	VERB_SIT	23	276	0.000001	0.000000	23	0	368	0
#163	VERB_STAND	7	84	0.000000	0.000000	7	0	112	0
#164	VERB_GIVE	63	948	0.000062	0.000001	63	0	1008	0
#165	VERB_MEMORIZE	54	648	0.000005	0.000000	54	0	816	48
#167	VERB_USE	9	120	0.000000	0.000000	9	0	144	0
#169	VERB_DYE	7	84	0.000001	0.000000	7	0	112	0
#180	NPC_PULSE	96699	0	1.048451	0.000011	0	0	0	0
#182	COMBAT_PULSE	96699	0	0.003541	0.000000	0	0	0	0
#184	PROCESS_AFFECT_PULSE	1611	0	0.123367	0.000077	0	0	0	0
#185	CHAR_DOIT_PULSE	107	0	0.000002	0.000000	0	0	0	0
#186	HEAL_PULSE	805	0	0.000025	0.000000	0	0	0	0
#188	MONSTER_PULSE	805	0	0.000184	0.000000	0	0	0	0
#189	MAINTENANCE_PULSE	805	0	0.000001	0.000000	0	0	0	0
#193	TOSS_DEAD_HOUSES	3223	0	0.000101	0.000000	0	0	0	0
#194	DUNGEON_QUEUE_PULSE	6446	0	0.008281	0.000001	0	0	0	0
#196	AMBUSH_PULSE	19339	0	0.000590	0.000000	0	0	0	0
#197		1611	0	0.003724	0.000002	0	0	0	0
#210	DATAMGR_LOG_PERMANENT	0	0	0	0	68	3063	0	0
#211	DATAMGR_LOGIN	109	773356	0.000464	0.000004	109	3484	0	0
#212	DATAMGR_LOGOUT	0	0	0	0	100	500	0	0
#213	DATAMGR_NEW_CHAR	4	80	0.000002	0.000000	4	4622	0	0
#214	DATAMGR_SAVE_CHAR	0	0	0	0	10054	74714958	0	0
#215	DATAMGR_DEL_CHAR	0	0	0	0	2	18	0	0
#221	DATAMGR_NEW_HOUSE	0	0	0	0	4	8632	0	0
#222	DATAMGR_WRITE_HOUSE	0	0	0	0	458	6443555	0	0
#224	DATAMGR_GET_HOUSE	70	1007352	0.000665	0.000010	70	1353	0	0
#225	DATAMGR_HELLO	0	0	0	0	1	3	0	0
#228	DATAMGR_LOGINMESSAGE	0	0	0	0	1	62	0	0
#232		0	0	0	0	18	559	0	0
#233		102	3236	0.000002	0.000000	102	1110	0	0
#234		0	0	0	0	7	63	0	0
#236		101	5828	0.000004	0.000000	10843	367340	0	0

	Total)	298572	3069004	1.194291	0.000004	398179	119442937	1162648	9520

Slowest Msg #184 took  0.000111 seconds.
Total process time =  1702.223179
Total run time =          96700