Msg#	Message	Count	Inbound	Total_Time	Average_Time	Count	Outbound	Acked	Naked
#1	CLIENT_CONNECTED	10	0	0.000000	0.000000	0	0	0	0
#2	CLIENT_HUNG_UP	2	0	0.000002	0.000001	0	0	0	0
#14	PLAYER_CHECK_LOGIN	10	220	0.000000	0.000000	10	210	0	0
#15	SECURITY	10	0	0.000000	0.000000	0	0	0	0
#16	INN_LOGIN	10	120	0.000000	0.000000	0	0	0	0
#17	SERVER_PING	68	272	0.000001	0.000000	68	0	1088	0
#18	PLAYER_QUERY_CHARACTERS	10	0	0.000001	0.000000	10	15519	0	0
#21	PLAYER_LOGIN	0	0	0	0	10	0	160	0
#25	PLAYER_ACK	0	0	0	0	583	16450	0	0
#26	PLAYER_NAK	0	0	0	0	15	240	0	0
#32	PLAYER_CHANGE_ROOM	23	276	0.000004	0.000000	0	0	0	0
#33	PLAYER_NEW_ROOM	0	0	0	0	51	63994	0	0
#37	PLAYER_ROOM_CHAT	44	404	0.000002	0.000000	0	0	0	0
#38	PLAYER_TEXT	0	0	0	0	70	3955	0	0
#41	PLAYER_MOVIE	321	8092	0.000007	0.000000	321	0	5136	0
#42	PLAYER_MOVIE_DATA	0	0	0	0	1188	145329	0	0
#45	PLAYER_DESTROY_OBJECT	0	0	0	0	105	1861	0	0
#52	PLAYER_SHIFT_ROOM	28	112	0.000004	0.000000	0	0	0	0
#55	PLAYER_GET_BIOGRAPHY	6	24	0.000000	0.000000	6	0	438	0
#57	PLAYER_GET_DESCRIPTION	3	12	0.000000	0.000000	3	0	823	0
#58	PLAYER_GET_EXTENDED_PROPS	13	52	0.000000	0.000000	13	0	4605	0
#61	PLAYER_WHO	0	0	0	0	2	170	0	0
#69	COMBAT_EXIT	16	0	0.000001	0.000000	32	464	256	0
#79	MONEY_TAKE	2	8	0.000000	0.000000	2	0	32	0
#80	CAST_SPELL	42	672	0.000006	0.000000	42	0	672	0
#81	PLAYER_INFO	0	0	0	0	20	900	0	0
#87	GROUP_JOIN	2	8	0.000000	0.000000	6	94	96	0
#88	GROUP_LEAVE	0	0	0	0	2	26	0	0
#90	OLD_SECURITY	2	16	0.000000	0.000000	2	130	0	0
#92	GET_POSN	10	40	0.000000	0.000000	10	0	260	0
#94	GET_HOUSE	2	28	0.000000	0.000000	2	0	0	32
#95	GET_ENTRY_INFO	4	16	0.000000	0.000000	4	0	93	16
#98	LOGIN_UPDATE	0	0	0	0	10	110	0	0
#112	COMBAT_ACTION	41	420	0.000001	0.000000	0	0	0	0
#116	GET_LOOK_INFO	3	12	0.000000	0.000000	3	0	896	0
#126	MASS_SELL	1	16	0.000000	0.000000	1	0	29	0
#128	GET_SELL_PRICES	1	4	0.000000	0.000000	1	0	233	0
#130	PLAYER_CHARACTER_LOGIN	10	40	0.000001	0.000000	10	0	443	0
#135	MAIL_LIST_GET	0	0	0	0	10	0	54	144
#145		65	1980	0.000001	0.000000	0	0	0	0
#150	VERB_GET	16	236	0.000006	0.000000	16	0	256	0
#151	VERB_DROP	31	372	0.000002	0.000000	31	0	496	0
#153	VERB_PUT_ON	8	96	0.000000	0.000000	8	0	80	48
#154	VERB_TAKE_OFF	3	36	0.000000	0.000000	3	0	48	0
#155	VERB_OPEN	5	84	0.000001	0.000000	5	0	80	0
#156	VERB_CLOSE	1	12	0.000000	0.000000	1	0	16	0
#158	VERB_UNLOCK	1	28	0.000000	0.000000	1	0	16	0
#160	VERB_ENGAGE	3	48	0.000000	0.000000	3	0	48	0
#164	VERB_GIVE	2	32	0.000001	0.000001	2	0	32	0
#165	VERB_MEMORIZE	4	48	0.000001	0.000000	4	0	64	0
#180	NPC_PULSE	631	0	0.006869	0.000011	0	0	0	0
#182	COMBAT_PULSE	631	0	0.000013	0.000000	0	0	0	0
#184	PROCESS_AFFECT_PULSE	10	0	0.000872	0.000087	0	0	0	0
#186	HEAL_PULSE	5	0	0.000000	0.000000	0	0	0	0
#188	MONSTER_PULSE	5	0	0.000001	0.000000	0	0	0	0
#189	MAINTENANCE_PULSE	5	0	0.000000	0.000000	0	0	0	0
#193	TOSS_DEAD_HOUSES	21	0	0.000004	0.000000	0	0	0	0
#194	DUNGEON_QUEUE_PULSE	42	0	0.000014	0.000000	0	0	0	0
#196	AMBUSH_PULSE	126	0	0.000006	0.000000	0	0	0	0
#197		10	0	0.000024	0.000002	0	0	0	0
#210	DATAMGR_LOG_PERMANENT	0	0	0	0	1	42	0	0
#211	DATAMGR_LOGIN	10	68244	0.000026	0.000003	10	293	0	0
#212	DATAMGR_LOGOUT	0	0	0	0	2	10	0	0
#214	DATAMGR_SAVE_CHAR	0	0	0	0	88	470035	0	0
#222	DATAMGR_WRITE_HOUSE	0	0	0	0	27	155820	0	0
#224	DATAMGR_GET_HOUSE	4	30552	0.000013	0.000003	4	89	0	0
#225	DATAMGR_HELLO	0	0	0	0	1	3	0	0
#233		10	112	0.000000	0.000000	10	100	0	0
#236		10	448	0.000000	0.000000	88	2702	0	0

	Total)	2353	113192	0.007890	0.000003	2917	878546	16450	240

Slowest Msg #180 took  0.000098 seconds.
Total process time =  11.957324
Total run time =            632