Msg#	Message	Count	Inbound	Total_Time	Average_Time	Count	Outbound	Acked	Naked
#1	CLIENT_CONNECTED	209	0	0.000009	0.000000	0	0	0	0
#2	CLIENT_HUNG_UP	198	0	0.000207	0.000001	0	0	0	0
#14	PLAYER_CHECK_LOGIN	215	4956	0.000010	0.000000	215	5291	0	0
#15	SECURITY	206	0	0.000000	0.000000	0	0	0	0
#16	INN_LOGIN	206	2472	0.000003	0.000000	0	0	0	0
#17	SERVER_PING	24863	99452	0.000371	0.000000	24863	0	397808	0
#18	PLAYER_QUERY_CHARACTERS	206	0	0.000041	0.000000	206	377299	0	0
#21	PLAYER_LOGIN	0	0	0	0	206	0	3296	0
#22	PLAYER_LOGOUT	51	0	0.000000	0.000000	0	0	0	0
#24	PLAYER_SYSTEM_MSG	0	0	0	0	107	18262	0	0
#25	PLAYER_ACK	0	0	0	0	103722	3172913	0	0
#26	PLAYER_NAK	0	0	0	0	736	11776	0	0
#32	PLAYER_CHANGE_ROOM	2533	30396	0.000855	0.000000	121	0	0	1936
#33	PLAYER_NEW_ROOM	0	0	0	0	10219	15137049	0	0
#37	PLAYER_ROOM_CHAT	3490	73692	0.000623	0.000000	0	0	0	0
#38	PLAYER_TEXT	0	0	0	0	49245	2705323	0	0
#41	PLAYER_MOVIE	50859	1294736	0.001227	0.000000	50846	0	813536	0
#42	PLAYER_MOVIE_DATA	0	0	0	0	592690	63405514	0	0
#45	PLAYER_DESTROY_OBJECT	0	0	0	0	47506	846642	0	0
#48	PLAYER_CREATE_CHARACTER	14	332	0.000006	0.000000	14	0	4353	0
#49	PLAYER_DESTROY_CHARACTER	9	36	0.000003	0.000000	9	0	128	16
#52	PLAYER_SHIFT_ROOM	7813	31252	0.002026	0.000000	30	0	504	96
#55	PLAYER_GET_BIOGRAPHY	467	1868	0.000010	0.000000	467	0	37639	0
#56	PLAYER_SET_BIOGRAPHY	14	796	0.000002	0.000000	14	0	224	0
#57	PLAYER_GET_DESCRIPTION	792	3168	0.000052	0.000000	792	0	326495	0
#58	PLAYER_GET_EXTENDED_PROPS	438	1752	0.000028	0.000000	438	0	148032	0
#59	PLAYER_SET_HEAD_DATA	14	280	0.000002	0.000000	14	0	224	0
#61	PLAYER_WHO	0	0	0	0	15	2509	0	0
#69	COMBAT_EXIT	6224	0	0.000197	0.000000	12944	133828	99584	0
#71	GET_SHOP_INFO	98	392	0.000036	0.000000	98	0	889298	0
#73	SHOP_EXAMINE	26	208	0.000003	0.000000	26	0	8615	0
#74	SHOP_SELL	14	112	0.000021	0.000002	14	0	224	0
#75	SHOP_GET_PRICE	15	120	0.000001	0.000000	15	0	240	0
#76	MONEY_DROP	4	32	0.000001	0.000000	4	0	64	0
#78	MONEY_GIVE	22	264	0.000025	0.000001	22	0	352	0
#79	MONEY_TAKE	1354	5416	0.000152	0.000000	1354	0	21344	320
#80	CAST_SPELL	5260	84160	0.000913	0.000000	5260	0	83920	240
#81	PLAYER_INFO	0	0	0	0	402	18337	0	0
#84	FATAL_DATA	23	9400	0.000008	0.000000	23	0	368	0
#87	GROUP_JOIN	77	308	0.000003	0.000000	240	3887	4143	48
#88	GROUP_LEAVE	10	0	0.000000	0.000000	181	2223	160	0
#90	OLD_SECURITY	75	600	0.000002	0.000000	75	5022	0	0
#92	GET_POSN	201	804	0.000006	0.000000	201	0	5226	0
#94	GET_HOUSE	74	972	0.000004	0.000000	74	0	0	1184
#95	GET_ENTRY_INFO	504	2016	0.000016	0.000000	504	0	13516	1088
#98	LOGIN_UPDATE	0	0	0	0	213	2343	0	0
#101	SHOP_RECHARGE	2	16	0.000000	0.000000	2	0	32	0
#102	SHOP_GET_RECHARGE_PRICE	2	16	0.000000	0.000000	2	0	32	0
#103	SET_TITLE	2	40	0.000001	0.000001	2	0	32	0
#104	TREE_GET	9	36	0.000000	0.000000	9	0	1127	0
#105	TREE_CHOOSE_TOPIC	10	40	0.000000	0.000000	10	0	1797	0
#107	TREE_BACK	5	0	0.000000	0.000000	5	0	654	0
#108	QUEST_ACCEPT	5	20	0.000000	0.000000	5	0	567	0
#110	GET_QUEST_LIST	3	0	0.000000	0.000000	3	0	57	0
#112	COMBAT_ACTION	10679	120728	0.000200	0.000000	0	0	0	0
#114	WHATS_NEW	11	0	0.000000	0.000000	11	106354	0	0
#115	SET_ENGRAVE_NAME	36	600	0.000001	0.000000	0	0	0	0
#116	GET_LOOK_INFO	237	948	0.000033	0.000000	237	0	70475	0
#117	SELL_CRYSTALS	1	8	0.000000	0.000000	1	0	25	0
#126	MASS_SELL	79	4192	0.000046	0.000001	79	0	8147	0
#127	MASS_BUY	72	3984	0.000018	0.000000	72	0	18362	0
#128	GET_SELL_PRICES	85	340	0.000005	0.000000	85	0	12652	16
#130	PLAYER_CHARACTER_LOGIN	201	804	0.000053	0.000000	201	0	10136	0
#131	GET_REPAIR_PRICES	46	184	0.000003	0.000000	46	0	2633	80
#132	MASS_REPAIR	41	1296	0.000002	0.000000	41	0	656	0
#135	MAIL_LIST_GET	0	0	0	0	201	0	2297	2864
#137	MAIL_MESSAGE_DELETE	7	28	0.000000	0.000000	7	0	147	0
#145		11760	380612	0.000217	0.000000	0	0	0	0
#150	VERB_GET	4173	66500	0.002072	0.000000	4173	0	65760	1008
#151	VERB_DROP	376	4564	0.000042	0.000000	376	0	6000	16
#152	VERB_PUT_IN	951	12268	0.000131	0.000000	951	0	14784	432
#153	VERB_PUT_ON	670	8080	0.000076	0.000000	670	0	9344	1376
#154	VERB_TAKE_OFF	478	5800	0.000053	0.000000	478	0	7584	64
#155	VERB_OPEN	513	9968	0.000077	0.000000	513	0	7984	224
#156	VERB_CLOSE	38	696	0.000002	0.000000	38	0	576	32
#157	VERB_LOCK	3	88	0.000000	0.000000	3	0	48	0
#158	VERB_UNLOCK	114	3060	0.000017	0.000000	114	0	1808	16
#160	VERB_ENGAGE	3360	53932	0.000320	0.000000	3360	0	53472	288
#161	VERB_CONSUME	104	1248	0.000015	0.000000	104	0	1664	0
#162	VERB_SIT	11	132	0.000000	0.000000	11	0	176	0
#163	VERB_STAND	1	12	0.000000	0.000000	1	0	16	0
#164	VERB_GIVE	341	5288	0.000313	0.000001	341	0	5232	224
#165	VERB_MEMORIZE	504	6048	0.000058	0.000000	504	0	7856	208
#167	VERB_USE	45	540	0.000012	0.000000	45	0	720	0
#169	VERB_DYE	48	576	0.000008	0.000000	48	0	768	0
#180	NPC_PULSE	98752	0	1.073196	0.000011	0	0	0	0
#182	COMBAT_PULSE	98752	0	0.006078	0.000000	0	0	0	0
#184	PROCESS_AFFECT_PULSE	1645	0	0.143783	0.000087	0	0	0	0
#185	CHAR_DOIT_PULSE	109	0	0.000004	0.000000	0	0	0	0
#186	HEAL_PULSE	822	0	0.000051	0.000000	0	0	0	0
#188	MONSTER_PULSE	822	0	0.001063	0.000001	0	0	0	0
#189	MAINTENANCE_PULSE	822	0	0.000000	0.000000	0	0	0	0
#193	TOSS_DEAD_HOUSES	3291	0	0.000477	0.000000	0	0	0	0
#194	DUNGEON_QUEUE_PULSE	6583	0	0.001785	0.000000	0	0	0	0
#196	AMBUSH_PULSE	19750	0	0.000910	0.000000	0	0	0	0
#197		1645	0	0.012415	0.000008	0	0	0	0
#210	DATAMGR_LOG_PERMANENT	0	0	0	0	324	14464	0	0
#211	DATAMGR_LOGIN	213	1643216	0.000769	0.000004	213	6343	0	0
#212	DATAMGR_LOGOUT	0	0	0	0	196	980	0	0
#213	DATAMGR_NEW_CHAR	14	280	0.000010	0.000001	14	17708	0	0
#214	DATAMGR_SAVE_CHAR	0	0	0	0	28546	174017631	0	0
#215	DATAMGR_DEL_CHAR	0	0	0	0	8	72	0	0
#221	DATAMGR_NEW_HOUSE	0	0	0	0	14	30209	0	0
#222	DATAMGR_WRITE_HOUSE	0	0	0	0	8687	111617529	0	0
#224	DATAMGR_GET_HOUSE	244	3367260	0.001375	0.000006	244	5038	0	0
#225	DATAMGR_HELLO	0	0	0	0	1	3	0	0
#231		11	106196	0.000001	0.000000	11	55	0	0
#232		0	0	0	0	32	1013	0	0
#233		208	3556	0.000002	0.000000	208	2108	0	0
#234		0	0	0	0	17	153	0	0
#236		207	11636	0.000008	0.000000	18111	606091	0	0

	Total)	375491	7474828	1.252565	0.000003	973500	372273969	3172913	11776

Slowest Msg #184 took  0.000118 seconds.
Total process time =  1723.410029
Total run time =          98753