Msg#	Message	Count	Inbound	Total_Time	Average_Time	Count	Outbound	Acked	Naked
#1	CLIENT_CONNECTED	10	0	0.000001	0.000000	0	0	0	0
#2	CLIENT_HUNG_UP	9	0	0.000024	0.000003	0	0	0	0
#14	PLAYER_CHECK_LOGIN	10	240	0.000001	0.000000	10	210	0	0
#15	SECURITY	10	0	0.000000	0.000000	0	0	0	0
#16	INN_LOGIN	10	120	0.000000	0.000000	0	0	0	0
#17	SERVER_PING	366	1464	0.000016	0.000000	366	0	5856	0
#18	PLAYER_QUERY_CHARACTERS	10	0	0.000006	0.000001	10	37306	0	0
#21	PLAYER_LOGIN	0	0	0	0	10	0	160	0
#22	PLAYER_LOGOUT	4	0	0.000000	0.000000	0	0	0	0
#24	PLAYER_SYSTEM_MSG	0	0	0	0	15	1754	0	0
#25	PLAYER_ACK	0	0	0	0	2933	417412	0	0
#26	PLAYER_NAK	0	0	0	0	20	320	0	0
#32	PLAYER_CHANGE_ROOM	51	612	0.000026	0.000001	1	0	0	16
#33	PLAYER_NEW_ROOM	0	0	0	0	274	221150	0	0
#37	PLAYER_ROOM_CHAT	132	3832	0.000068	0.000001	0	0	0	0
#38	PLAYER_TEXT	0	0	0	0	619	39732	0	0
#41	PLAYER_MOVIE	1929	47448	0.000108	0.000000	1929	0	30864	0
#42	PLAYER_MOVIE_DATA	0	0	0	0	6213	1010033	0	0
#45	PLAYER_DESTROY_OBJECT	0	0	0	0	289	5177	0	0
#52	PLAYER_SHIFT_ROOM	225	900	0.000076	0.000000	14	0	273	16
#55	PLAYER_GET_BIOGRAPHY	22	88	0.000001	0.000000	22	0	1606	0
#57	PLAYER_GET_DESCRIPTION	24	96	0.000005	0.000000	24	0	12372	0
#58	PLAYER_GET_EXTENDED_PROPS	22	88	0.000002	0.000000	22	0	7769	0
#61	PLAYER_WHO	0	0	0	0	2	78	0	0
#69	COMBAT_EXIT	48	0	0.000003	0.000000	98	1000	768	0
#71	GET_SHOP_INFO	19	76	0.000015	0.000001	19	0	326461	0
#73	SHOP_EXAMINE	38	304	0.000007	0.000000	38	0	12029	0
#79	MONEY_TAKE	15	60	0.000003	0.000000	15	0	208	32
#80	CAST_SPELL	135	2160	0.000048	0.000000	135	0	2160	0
#81	PLAYER_INFO	0	0	0	0	20	981	0	0
#87	GROUP_JOIN	3	12	0.000000	0.000000	7	99	101	16
#88	GROUP_LEAVE	0	0	0	0	4	52	0	0
#90	OLD_SECURITY	2	16	0.000000	0.000000	2	136	0	0
#92	GET_POSN	10	40	0.000001	0.000000	10	0	260	0
#94	GET_HOUSE	1	16	0.000000	0.000000	1	0	0	16
#95	GET_ENTRY_INFO	12	48	0.000001	0.000000	12	0	248	64
#98	LOGIN_UPDATE	0	0	0	0	10	110	0	0
#112	COMBAT_ACTION	190	1480	0.000007	0.000000	0	0	0	0
#116	GET_LOOK_INFO	12	48	0.000003	0.000000	12	0	3552	0
#126	MASS_SELL	2	40	0.000000	0.000000	2	0	58	0
#127	MASS_BUY	11	192	0.000014	0.000001	11	0	6748	0
#128	GET_SELL_PRICES	2	8	0.000000	0.000000	2	0	210	0
#130	PLAYER_CHARACTER_LOGIN	10	40	0.000014	0.000001	10	0	886	0
#131	GET_REPAIR_PRICES	1	4	0.000000	0.000000	1	0	81	0
#132	MASS_REPAIR	1	40	0.000000	0.000000	1	0	16	0
#135	MAIL_LIST_GET	0	0	0	0	10	0	1078	48
#145		167	4800	0.000010	0.000000	0	0	0	0
#150	VERB_GET	17	272	0.000040	0.000002	17	0	272	0
#151	VERB_DROP	17	204	0.000004	0.000000	17	0	272	0
#153	VERB_PUT_ON	15	180	0.000003	0.000000	15	0	208	32
#154	VERB_TAKE_OFF	13	156	0.000002	0.000000	13	0	208	0
#155	VERB_OPEN	24	400	0.000003	0.000000	24	0	336	48
#158	VERB_UNLOCK	15	396	0.000004	0.000000	15	0	240	0
#160	VERB_ENGAGE	25	400	0.000006	0.000000	25	0	384	16
#164	VERB_GIVE	8	108	0.000034	0.000004	8	0	112	16
#167	VERB_USE	100	1200	0.000029	0.000000	100	0	1600	0
#169	VERB_DYE	1	12	0.000000	0.000000	1	0	16	0
#180	NPC_PULSE	39485	0	0.811119	0.000021	0	0	0	0
#182	COMBAT_PULSE	39485	0	0.000891	0.000000	0	0	0	0
#184	PROCESS_AFFECT_PULSE	658	0	0.132015	0.000201	0	0	0	0
#185	CHAR_DOIT_PULSE	43	0	0.000001	0.000000	0	0	0	0
#186	HEAL_PULSE	329	0	0.000009	0.000000	0	0	0	0
#188	MONSTER_PULSE	329	0	0.000056	0.000000	0	0	0	0
#189	MAINTENANCE_PULSE	329	0	0.000000	0.000000	0	0	0	0
#193	TOSS_DEAD_HOUSES	1316	0	0.000030	0.000000	0	0	0	0
#194	DUNGEON_QUEUE_PULSE	2632	0	0.000217	0.000000	0	0	0	0
#196	AMBUSH_PULSE	7897	0	0.000281	0.000000	0	0	0	0
#197		658	0	0.000566	0.000001	0	0	0	0
#210	DATAMGR_LOG_PERMANENT	0	0	0	0	5	188	0	0
#211	DATAMGR_LOGIN	10	155820	0.000348	0.000035	10	301	0	0
#212	DATAMGR_LOGOUT	0	0	0	0	9	45	0	0
#214	DATAMGR_SAVE_CHAR	0	0	0	0	400	2915816	0	0
#222	DATAMGR_WRITE_HOUSE	0	0	0	0	58	601131	0	0
#224	DATAMGR_GET_HOUSE	10	164108	0.000325	0.000032	10	203	0	0
#225	DATAMGR_HELLO	0	0	0	0	1	3	0	0
#233		10	1016	0.000001	0.000000	10	100	0	0
#234		0	0	0	0	2	18	0	0
#236		10	1032	0.000002	0.000000	177	5234	0	0

	Total)	96949	389576	0.946444	0.000010	14110	5258589	417412	320

Slowest Msg #184 took  0.000207 seconds.
Total process time =  1924.032810
Total run time =          39486