Msg#	Message	Count	Inbound	Total_Time	Average_Time	Count	Outbound	Acked	Naked
#1	CLIENT_CONNECTED	3	0	0.000000	0.000000	0	0	0	0
#14	PLAYER_CHECK_LOGIN	3	84	0.000000	0.000000	3	63	0	0
#15	SECURITY	3	0	0.000000	0.000000	0	0	0	0
#16	INN_LOGIN	3	36	0.000000	0.000000	0	0	0	0
#17	SERVER_PING	44	176	0.000001	0.000000	44	0	704	0
#18	PLAYER_QUERY_CHARACTERS	3	0	0.000000	0.000000	3	895	0	0
#21	PLAYER_LOGIN	0	0	0	0	3	0	48	0
#24	PLAYER_SYSTEM_MSG	0	0	0	0	6	470	0	0
#25	PLAYER_ACK	0	0	0	0	500	29358	0	0
#26	PLAYER_NAK	0	0	0	0	6	96	0	0
#32	PLAYER_CHANGE_ROOM	16	192	0.000001	0.000000	0	0	0	0
#33	PLAYER_NEW_ROOM	0	0	0	0	92	54522	0	0
#37	PLAYER_ROOM_CHAT	12	108	0.000001	0.000000	0	0	0	0
#38	PLAYER_TEXT	0	0	0	0	84	4199	0	0
#41	PLAYER_MOVIE	327	9676	0.000007	0.000000	327	0	5232	0
#42	PLAYER_MOVIE_DATA	0	0	0	0	1176	87841	0	0
#45	PLAYER_DESTROY_OBJECT	0	0	0	0	145	2593	0	0
#48	PLAYER_CREATE_CHARACTER	1	24	0.000000	0.000000	1	0	325	0
#52	PLAYER_SHIFT_ROOM	78	312	0.000006	0.000000	4	0	42	32
#55	PLAYER_GET_BIOGRAPHY	1	4	0.000000	0.000000	1	0	73	0
#56	PLAYER_SET_BIOGRAPHY	1	60	0.000000	0.000000	1	0	16	0
#58	PLAYER_GET_EXTENDED_PROPS	4	16	0.000000	0.000000	4	0	1408	0
#59	PLAYER_SET_HEAD_DATA	1	20	0.000000	0.000000	1	0	16	0
#61	PLAYER_WHO	0	0	0	0	2	110	0	0
#69	COMBAT_EXIT	16	0	0.000000	0.000000	34	340	256	0
#71	GET_SHOP_INFO	5	20	0.000000	0.000000	5	0	18476	0
#80	CAST_SPELL	10	160	0.000001	0.000000	10	0	160	0
#81	PLAYER_INFO	0	0	0	0	6	290	0	0
#92	GET_POSN	3	12	0.000000	0.000000	3	0	78	0
#95	GET_ENTRY_INFO	10	40	0.000000	0.000000	10	0	310	0
#98	LOGIN_UPDATE	0	0	0	0	3	33	0	0
#112	COMBAT_ACTION	108	1536	0.000002	0.000000	0	0	0	0
#114	WHATS_NEW	1	0	0.000000	0.000000	0	0	0	0
#116	GET_LOOK_INFO	1	4	0.000000	0.000000	1	0	218	0
#126	MASS_SELL	1	68	0.000000	0.000000	1	0	133	0
#127	MASS_BUY	5	164	0.000000	0.000000	5	0	593	0
#128	GET_SELL_PRICES	1	4	0.000000	0.000000	1	0	209	0
#130	PLAYER_CHARACTER_LOGIN	3	12	0.000000	0.000000	3	0	85	0
#135	MAIL_LIST_GET	0	0	0	0	3	0	0	48
#145		106	1940	0.000002	0.000000	0	0	0	0
#150	VERB_GET	12	236	0.000004	0.000000	12	0	192	0
#153	VERB_PUT_ON	1	12	0.000000	0.000000	1	0	16	0
#154	VERB_TAKE_OFF	1	12	0.000000	0.000000	1	0	16	0
#155	VERB_OPEN	3	72	0.000000	0.000000	3	0	48	0
#160	VERB_ENGAGE	15	248	0.000001	0.000000	15	0	240	0
#161	VERB_CONSUME	2	24	0.000000	0.000000	2	0	32	0
#165	VERB_MEMORIZE	28	336	0.000002	0.000000	28	0	432	16
#180	NPC_PULSE	1294	0	0.014111	0.000011	0	0	0	0
#182	COMBAT_PULSE	1294	0	0.000032	0.000000	0	0	0	0
#184	PROCESS_AFFECT_PULSE	21	0	0.001583	0.000075	0	0	0	0
#185	CHAR_DOIT_PULSE	1	0	0.000000	0.000000	0	0	0	0
#186	HEAL_PULSE	10	0	0.000000	0.000000	0	0	0	0
#188	MONSTER_PULSE	10	0	0.000003	0.000000	0	0	0	0
#189	MAINTENANCE_PULSE	10	0	0.000000	0.000000	0	0	0	0
#193	TOSS_DEAD_HOUSES	43	0	0.000000	0.000000	0	0	0	0
#194	DUNGEON_QUEUE_PULSE	86	0	0.000001	0.000000	0	0	0	0
#196	AMBUSH_PULSE	258	0	0.000008	0.000000	0	0	0	0
#197		21	0	0.000007	0.000000	0	0	0	0
#210	DATAMGR_LOG_PERMANENT	0	0	0	0	1	35	0	0
#211	DATAMGR_LOGIN	3	4452	0.000002	0.000001	3	102	0	0
#213	DATAMGR_NEW_CHAR	1	20	0.000000	0.000000	1	1347	0	0
#214	DATAMGR_SAVE_CHAR	0	0	0	0	58	105186	0	0
#221	DATAMGR_NEW_HOUSE	0	0	0	0	1	2181	0	0
#222	DATAMGR_WRITE_HOUSE	0	0	0	0	4	9380	0	0
#224	DATAMGR_GET_HOUSE	2	4728	0.000001	0.000001	2	38	0	0
#225	DATAMGR_HELLO	0	0	0	0	1	3	0	0
#231		0	0	0	0	1	5	0	0
#233		3	24	0.000000	0.000000	3	30	0	0
#236		3	80	0.000000	0.000000	109	2394	0	0

	Total)	3892	24912	0.015781	0.000004	2734	301511	29358	96

Slowest Msg #180 took  0.000102 seconds.
Total process time =  24.115159
Total run time =           1294