Msg#	Message	Count	Inbound	Total_Time	Average_Time	Count	Outbound	Acked	Naked
#1	CLIENT_CONNECTED	38	0	0.000001	0.000000	0	0	0	0
#2	CLIENT_HUNG_UP	29	0	0.000025	0.000001	0	0	0	0
#14	PLAYER_CHECK_LOGIN	39	852	0.000002	0.000000	39	909	0	0
#15	SECURITY	38	0	0.000000	0.000000	0	0	0	0
#16	INN_LOGIN	38	456	0.000001	0.000000	0	0	0	0
#17	SERVER_PING	3566	14264	0.000054	0.000000	3566	0	57056	0
#18	PLAYER_QUERY_CHARACTERS	38	0	0.000006	0.000000	38	59608	0	0
#21	PLAYER_LOGIN	0	0	0	0	38	0	608	0
#22	PLAYER_LOGOUT	5	0	0.000000	0.000000	0	0	0	0
#24	PLAYER_SYSTEM_MSG	0	0	0	0	57	7155	0	0
#25	PLAYER_ACK	0	0	0	0	20814	550908	0	0
#26	PLAYER_NAK	0	0	0	0	149	2384	0	0
#32	PLAYER_CHANGE_ROOM	344	4128	0.000076	0.000000	15	0	0	240
#33	PLAYER_NEW_ROOM	0	0	0	0	2079	3050183	0	0
#37	PLAYER_ROOM_CHAT	632	15312	0.000100	0.000000	0	0	0	0
#38	PLAYER_TEXT	0	0	0	0	5421	266498	0	0
#41	PLAYER_MOVIE	10926	279036	0.000249	0.000000	10924	0	174784	0
#42	PLAYER_MOVIE_DATA	0	0	0	0	126007	10670953	0	0
#45	PLAYER_DESTROY_OBJECT	0	0	0	0	12368	221648	0	0
#48	PLAYER_CREATE_CHARACTER	1	24	0.000000	0.000000	1	0	300	0
#52	PLAYER_SHIFT_ROOM	1757	7028	0.000421	0.000000	47	0	840	112
#55	PLAYER_GET_BIOGRAPHY	84	336	0.000002	0.000000	84	0	6132	0
#56	PLAYER_SET_BIOGRAPHY	1	60	0.000000	0.000000	1	0	16	0
#57	PLAYER_GET_DESCRIPTION	158	632	0.000010	0.000000	158	0	55307	0
#58	PLAYER_GET_EXTENDED_PROPS	80	320	0.000004	0.000000	80	0	26379	0
#59	PLAYER_SET_HEAD_DATA	1	20	0.000000	0.000000	1	0	16	0
#61	PLAYER_WHO	0	0	0	0	10	789	0	0
#69	COMBAT_EXIT	1293	0	0.000038	0.000000	2640	28262	20688	0
#71	GET_SHOP_INFO	29	116	0.000006	0.000000	29	0	104660	0
#73	SHOP_EXAMINE	1	8	0.000000	0.000000	1	0	165	0
#74	SHOP_SELL	3	24	0.000021	0.000007	3	0	48	0
#75	SHOP_GET_PRICE	3	24	0.000001	0.000000	3	0	48	0
#78	MONEY_GIVE	1	12	0.000001	0.000001	1	0	16	0
#79	MONEY_TAKE	350	1400	0.000049	0.000000	350	0	5600	0
#80	CAST_SPELL	770	12320	0.000126	0.000000	770	0	12320	0
#81	PLAYER_INFO	0	0	0	0	85	3782	0	0
#84	FATAL_DATA	2	856	0.000001	0.000000	2	0	32	0
#87	GROUP_JOIN	11	44	0.000000	0.000000	31	494	504	16
#88	GROUP_LEAVE	1	0	0.000000	0.000000	13	156	16	0
#90	OLD_SECURITY	11	88	0.000000	0.000000	11	729	0	0
#92	GET_POSN	38	152	0.000001	0.000000	38	0	988	0
#94	GET_HOUSE	21	268	0.000001	0.000000	21	0	0	336
#95	GET_ENTRY_INFO	97	388	0.000003	0.000000	97	0	2790	112
#98	LOGIN_UPDATE	0	0	0	0	39	429	0	0
#102	SHOP_GET_RECHARGE_PRICE	1	8	0.000000	0.000000	1	0	16	0
#104	TREE_GET	2	8	0.000000	0.000000	2	0	360	0
#105	TREE_CHOOSE_TOPIC	1	4	0.000000	0.000000	1	0	174	0
#112	COMBAT_ACTION	2340	26008	0.000044	0.000000	0	0	0	0
#114	WHATS_NEW	6	0	0.000000	0.000000	6	48773	0	0
#115	SET_ENGRAVE_NAME	3	68	0.000000	0.000000	0	0	0	0
#116	GET_LOOK_INFO	42	168	0.000005	0.000000	42	0	12313	0
#126	MASS_SELL	17	2916	0.000040	0.000002	17	0	5781	0
#127	MASS_BUY	19	480	0.000002	0.000000	19	0	1710	0
#128	GET_SELL_PRICES	19	76	0.000002	0.000000	19	0	7371	0
#130	PLAYER_CHARACTER_LOGIN	38	152	0.000008	0.000000	38	0	2065	0
#131	GET_REPAIR_PRICES	12	48	0.000001	0.000000	12	0	610	32
#132	MASS_REPAIR	10	300	0.000000	0.000000	10	0	160	0
#135	MAIL_LIST_GET	4	0	0.000000	0.000000	42	0	347	624
#145		2055	63960	0.000039	0.000000	0	0	0	0
#150	VERB_GET	2013	36444	0.002601	0.000001	2013	0	32016	192
#151	VERB_DROP	57	696	0.000005	0.000000	57	0	912	0
#152	VERB_PUT_IN	71	888	0.000007	0.000000	71	0	1120	16
#153	VERB_PUT_ON	66	792	0.000006	0.000000	66	0	816	240
#154	VERB_TAKE_OFF	39	468	0.000004	0.000000	39	0	624	0
#155	VERB_OPEN	67	1280	0.000004	0.000000	67	0	944	128
#156	VERB_CLOSE	7	104	0.000000	0.000000	7	0	112	0
#158	VERB_UNLOCK	12	308	0.000003	0.000000	12	0	192	0
#160	VERB_ENGAGE	797	12800	0.000069	0.000000	797	0	12592	160
#161	VERB_CONSUME	8	96	0.000001	0.000000	8	0	128	0
#162	VERB_SIT	2	24	0.000000	0.000000	2	0	32	0
#164	VERB_GIVE	23	348	0.000016	0.000001	23	0	304	64
#165	VERB_MEMORIZE	49	588	0.000006	0.000000	49	0	688	96
#167	VERB_USE	6	72	0.000000	0.000000	6	0	96	0
#169	VERB_DYE	8	96	0.000001	0.000000	8	0	112	16
#180	NPC_PULSE	41653	0	0.412910	0.000010	0	0	0	0
#182	COMBAT_PULSE	41653	0	0.001242	0.000000	0	0	0	0
#184	PROCESS_AFFECT_PULSE	694	0	0.054687	0.000079	0	0	0	0
#185	CHAR_DOIT_PULSE	46	0	0.000001	0.000000	0	0	0	0
#186	HEAL_PULSE	347	0	0.000014	0.000000	0	0	0	0
#188	MONSTER_PULSE	347	0	0.000415	0.000001	0	0	0	0
#189	MAINTENANCE_PULSE	347	0	0.000000	0.000000	0	0	0	0
#193	TOSS_DEAD_HOUSES	1388	0	0.000059	0.000000	0	0	0	0
#194	DUNGEON_QUEUE_PULSE	2776	0	0.000290	0.000000	0	0	0	0
#196	AMBUSH_PULSE	8330	0	0.000356	0.000000	0	0	0	0
#197		694	0	0.002035	0.000003	0	0	0	0
#210	DATAMGR_LOG_PERMANENT	0	0	0	0	26	866	0	0
#211	DATAMGR_LOGIN	39	261060	0.000115	0.000003	39	1141	0	0
#212	DATAMGR_LOGOUT	0	0	0	0	29	145	0	0
#213	DATAMGR_NEW_CHAR	1	20	0.000001	0.000001	1	1221	0	0
#214	DATAMGR_SAVE_CHAR	0	0	0	0	5308	87302784	0	0
#221	DATAMGR_NEW_HOUSE	0	0	0	0	1	2145	0	0
#222	DATAMGR_WRITE_HOUSE	0	0	0	0	1000	4393355	0	0
#224	DATAMGR_GET_HOUSE	38	337080	0.000150	0.000004	38	747	0	0
#225	DATAMGR_HELLO	0	0	0	0	1	3	0	0
#231		6	48700	0.000000	0.000000	6	30	0	0
#232		0	0	0	0	3	122	0	0
#233		42	624	0.000000	0.000000	42	420	0	0
#236		40	2220	0.000001	0.000000	3105	101188	0	0

	Total)	126641	1137072	0.476341	0.000004	199064	106717827	550908	2384

Slowest Msg #184 took  0.000110 seconds.
Total process time =  623.480538
Total run time =          41654