Msg#	Message	Count	Inbound	Total_Time	Average_Time	Count	Outbound	Acked	Naked
#1	CLIENT_CONNECTED	19	0	0.000001	0.000000	0	0	0	0
#2	CLIENT_HUNG_UP	15	0	0.000004	0.000000	0	0	0	0
#14	PLAYER_CHECK_LOGIN	21	532	0.000001	0.000000	21	631	0	0
#15	SECURITY	19	0	0.000000	0.000000	0	0	0	0
#16	INN_LOGIN	19	228	0.000000	0.000000	0	0	0	0
#17	SERVER_PING	575	2300	0.000010	0.000000	575	0	9200	0
#18	PLAYER_QUERY_CHARACTERS	19	0	0.000001	0.000000	19	2099	0	0
#21	PLAYER_LOGIN	0	0	0	0	19	0	304	0
#22	PLAYER_LOGOUT	5	0	0.000000	0.000000	0	0	0	0
#24	PLAYER_SYSTEM_MSG	0	0	0	0	23	2668	0	0
#25	PLAYER_ACK	0	0	0	0	3717	195022	0	0
#26	PLAYER_NAK	0	0	0	0	52	832	0	0
#32	PLAYER_CHANGE_ROOM	122	1464	0.000011	0.000000	10	0	0	160
#33	PLAYER_NEW_ROOM	0	0	0	0	588	353356	0	0
#37	PLAYER_ROOM_CHAT	170	3624	0.000024	0.000000	0	0	0	0
#38	PLAYER_TEXT	0	0	0	0	580	34404	0	0
#41	PLAYER_MOVIE	2311	63700	0.000051	0.000000	2311	0	36976	0
#42	PLAYER_MOVIE_DATA	0	0	0	0	7971	346485	0	0
#45	PLAYER_DESTROY_OBJECT	0	0	0	0	525	9793	0	0
#48	PLAYER_CREATE_CHARACTER	15	372	0.000008	0.000001	15	0	4855	0
#49	PLAYER_DESTROY_CHARACTER	1	4	0.000000	0.000000	1	0	16	0
#52	PLAYER_SHIFT_ROOM	486	1944	0.000046	0.000000	13	0	63	160
#55	PLAYER_GET_BIOGRAPHY	12	48	0.000000	0.000000	12	0	772	0
#56	PLAYER_SET_BIOGRAPHY	15	852	0.000003	0.000000	15	0	240	0
#57	PLAYER_GET_DESCRIPTION	9	36	0.000001	0.000000	9	0	2392	0
#58	PLAYER_GET_EXTENDED_PROPS	22	88	0.000001	0.000000	22	0	7774	0
#59	PLAYER_SET_HEAD_DATA	15	300	0.000003	0.000000	15	0	240	0
#61	PLAYER_WHO	0	0	0	0	20	843	0	0
#69	COMBAT_EXIT	106	0	0.000003	0.000000	233	2330	1696	0
#71	GET_SHOP_INFO	35	140	0.000002	0.000000	35	0	112318	0
#76	MONEY_DROP	2	16	0.000000	0.000000	2	0	32	0
#77	MONEY_PUT	3	36	0.000000	0.000000	3	0	48	0
#79	MONEY_TAKE	5	20	0.000000	0.000000	5	0	80	0
#80	CAST_SPELL	28	448	0.000003	0.000000	28	0	432	16
#81	PLAYER_INFO	0	0	0	0	32	1440	0	0
#84	FATAL_DATA	1	524	0.000000	0.000000	1	0	16	0
#92	GET_POSN	16	64	0.000000	0.000000	16	0	416	0
#94	GET_HOUSE	5	60	0.000000	0.000000	5	0	0	80
#95	GET_ENTRY_INFO	71	284	0.000002	0.000000	71	0	2201	0
#98	LOGIN_UPDATE	0	0	0	0	21	231	0	0
#104	TREE_GET	1	4	0.000000	0.000000	1	0	187	0
#105	TREE_CHOOSE_TOPIC	2	8	0.000000	0.000000	2	0	715	0
#112	COMBAT_ACTION	337	4328	0.000006	0.000000	0	0	0	0
#114	WHATS_NEW	1	0	0.000000	0.000000	0	0	0	0
#116	GET_LOOK_INFO	6	24	0.000000	0.000000	6	0	1737	0
#126	MASS_SELL	12	472	0.000002	0.000000	12	0	908	0
#127	MASS_BUY	27	624	0.000003	0.000000	27	0	3183	0
#128	GET_SELL_PRICES	13	52	0.000000	0.000000	13	0	1789	0
#130	PLAYER_CHARACTER_LOGIN	16	64	0.000001	0.000000	16	0	400	0
#135	MAIL_LIST_GET	0	0	0	0	16	0	0	256
#145		253	3836	0.000005	0.000000	0	0	0	0
#150	VERB_GET	96	1764	0.000034	0.000000	96	0	1536	0
#151	VERB_DROP	14	176	0.000001	0.000000	14	0	224	0
#152	VERB_PUT_IN	9	108	0.000001	0.000000	9	0	144	0
#153	VERB_PUT_ON	37	452	0.000002	0.000000	37	0	576	16
#154	VERB_TAKE_OFF	45	540	0.000002	0.000000	45	0	720	0
#155	VERB_OPEN	33	756	0.000001	0.000000	33	0	528	0
#156	VERB_CLOSE	3	36	0.000000	0.000000	3	0	48	0
#160	VERB_ENGAGE	87	1412	0.000006	0.000000	87	0	1296	96
#161	VERB_CONSUME	25	300	0.000002	0.000000	25	0	400	0
#162	VERB_SIT	4	48	0.000000	0.000000	4	0	64	0
#165	VERB_MEMORIZE	26	312	0.000002	0.000000	26	0	368	48
#169	VERB_DYE	8	96	0.000001	0.000000	8	0	128	0
#180	NPC_PULSE	15914	0	0.172252	0.000011	0	0	0	0
#182	COMBAT_PULSE	15914	0	0.000099	0.000000	0	0	0	0
#184	PROCESS_AFFECT_PULSE	265	0	0.019399	0.000073	0	0	0	0
#185	CHAR_DOIT_PULSE	17	0	0.000000	0.000000	0	0	0	0
#186	HEAL_PULSE	132	0	0.000003	0.000000	0	0	0	0
#188	MONSTER_PULSE	132	0	0.000016	0.000000	0	0	0	0
#189	MAINTENANCE_PULSE	132	0	0.000000	0.000000	0	0	0	0
#193	TOSS_DEAD_HOUSES	530	0	0.000006	0.000000	0	0	0	0
#194	DUNGEON_QUEUE_PULSE	1060	0	0.000018	0.000000	0	0	0	0
#196	AMBUSH_PULSE	3182	0	0.000097	0.000000	0	0	0	0
#197		265	0	0.000118	0.000000	0	0	0	0
#210	DATAMGR_LOG_PERMANENT	0	0	0	0	25	805	0	0
#211	DATAMGR_LOGIN	21	10648	0.000006	0.000000	21	665	0	0
#212	DATAMGR_LOGOUT	0	0	0	0	15	75	0	0
#213	DATAMGR_NEW_CHAR	15	300	0.000007	0.000000	15	20020	0	0
#214	DATAMGR_SAVE_CHAR	0	0	0	0	675	1289338	0	0
#215	DATAMGR_DEL_CHAR	0	0	0	0	1	9	0	0
#221	DATAMGR_NEW_HOUSE	0	0	0	0	15	32431	0	0
#222	DATAMGR_WRITE_HOUSE	0	0	0	0	192	430691	0	0
#224	DATAMGR_GET_HOUSE	26	59816	0.000010	0.000000	26	459	0	0
#225	DATAMGR_HELLO	0	0	0	0	1	3	0	0
#228	DATAMGR_LOGINMESSAGE	0	0	0	0	1	29	0	0
#231		0	0	0	0	1	5	0	0
#233		16	128	0.000000	0.000000	16	160	0	0
#236		16	384	0.000000	0.000000	269	4688	0	0

	Total)	42834	163772	0.192278	0.000004	18738	2729512	195022	832

Slowest Msg #180 took  0.000102 seconds.
Total process time =  271.906423
Total run time =          15914