Msg#	Message	Count	Inbound	Total_Time	Average_Time	Count	Outbound	Acked	Naked
#1	CLIENT_CONNECTED	136	0	0.000006	0.000000	0	0	0	0
#2	CLIENT_HUNG_UP	116	0	0.000129	0.000001	0	0	0	0
#14	PLAYER_CHECK_LOGIN	146	3472	0.000007	0.000000	145	4217	0	0
#15	SECURITY	133	0	0.000000	0.000000	0	0	0	0
#16	INN_LOGIN	133	1596	0.000002	0.000000	0	0	0	0
#17	SERVER_PING	22369	89476	0.000338	0.000000	22369	0	357904	0
#18	PLAYER_QUERY_CHARACTERS	133	0	0.000027	0.000000	133	260537	0	0
#21	PLAYER_LOGIN	0	0	0	0	133	0	2128	0
#22	PLAYER_LOGOUT	26	0	0.000000	0.000000	0	0	0	0
#24	PLAYER_SYSTEM_MSG	0	0	0	0	55	10542	0	0
#25	PLAYER_ACK	0	0	0	0	76204	1751057	0	0
#26	PLAYER_NAK	0	0	0	0	404	6464	0	0
#32	PLAYER_CHANGE_ROOM	2467	29604	0.000819	0.000000	65	0	0	1040
#33	PLAYER_NEW_ROOM	0	0	0	0	7292	12462293	0	0
#37	PLAYER_ROOM_CHAT	1034	20000	0.000172	0.000000	0	0	0	0
#38	PLAYER_TEXT	0	0	0	0	19599	1100749	0	0
#41	PLAYER_MOVIE	37790	968820	0.000943	0.000000	37769	0	604304	0
#42	PLAYER_MOVIE_DATA	0	0	0	0	466998	49501427	0	0
#45	PLAYER_DESTROY_OBJECT	0	0	0	0	43262	768518	0	0
#48	PLAYER_CREATE_CHARACTER	3	72	0.000001	0.000000	3	0	888	0
#49	PLAYER_DESTROY_CHARACTER	1	4	0.000000	0.000000	1	0	16	0
#52	PLAYER_SHIFT_ROOM	4901	19604	0.001316	0.000000	45	0	714	176
#55	PLAYER_GET_BIOGRAPHY	301	1204	0.000006	0.000000	301	0	23453	0
#56	PLAYER_SET_BIOGRAPHY	3	180	0.000000	0.000000	3	0	48	0
#57	PLAYER_GET_DESCRIPTION	352	1408	0.000024	0.000000	352	0	140297	0
#58	PLAYER_GET_EXTENDED_PROPS	280	1120	0.000019	0.000000	280	0	91221	0
#59	PLAYER_SET_HEAD_DATA	3	60	0.000000	0.000000	3	0	48	0
#61	PLAYER_WHO	0	0	0	0	13	2432	0	0
#69	COMBAT_EXIT	4114	0	0.000143	0.000000	8410	89300	65824	0
#71	GET_SHOP_INFO	51	204	0.000011	0.000000	51	0	216373	0
#73	SHOP_EXAMINE	2	16	0.000000	0.000000	2	0	329	0
#74	SHOP_SELL	7	56	0.000003	0.000000	7	0	112	0
#75	SHOP_GET_PRICE	7	56	0.000000	0.000000	7	0	112	0
#76	MONEY_DROP	1	8	0.000000	0.000000	1	0	16	0
#77	MONEY_PUT	1	12	0.000000	0.000000	1	0	16	0
#78	MONEY_GIVE	10	120	0.000010	0.000001	10	0	128	32
#79	MONEY_TAKE	605	2420	0.000083	0.000000	605	0	9584	96
#80	CAST_SPELL	3050	48800	0.000595	0.000000	3050	0	48640	160
#81	PLAYER_INFO	0	0	0	0	258	11756	0	0
#84	FATAL_DATA	15	5332	0.000005	0.000000	15	0	240	0
#87	GROUP_JOIN	69	276	0.000002	0.000000	241	4331	4448	32
#88	GROUP_LEAVE	4	0	0.000000	0.000000	143	1807	64	0
#90	OLD_SECURITY	68	544	0.000002	0.000000	68	4736	0	0
#92	GET_POSN	129	516	0.000004	0.000000	129	0	3354	0
#93	CHANGE_PASSWORD	1	16	0.000000	0.000000	1	0	16	0
#94	GET_HOUSE	33	424	0.000002	0.000000	33	0	0	528
#95	GET_ENTRY_INFO	432	1728	0.000014	0.000000	432	0	11594	928
#98	LOGIN_UPDATE	0	0	0	0	142	1562	0	0
#104	TREE_GET	1	4	0.000000	0.000000	1	0	363	0
#110	GET_QUEST_LIST	1	0	0.000000	0.000000	1	0	19	0
#112	COMBAT_ACTION	8878	106344	0.000173	0.000000	0	0	0	0
#114	WHATS_NEW	6	0	0.000000	0.000000	6	65250	0	0
#115	SET_ENGRAVE_NAME	10	180	0.000000	0.000000	0	0	0	0
#116	GET_LOOK_INFO	151	604	0.000022	0.000000	151	0	45349	0
#126	MASS_SELL	56	2400	0.000049	0.000001	56	0	4632	0
#127	MASS_BUY	36	1164	0.000006	0.000000	36	0	5434	0
#128	GET_SELL_PRICES	59	236	0.000005	0.000000	59	0	7755	0
#130	PLAYER_CHARACTER_LOGIN	129	516	0.000040	0.000000	129	0	6530	0
#131	GET_REPAIR_PRICES	27	108	0.000002	0.000000	27	0	1608	48
#132	MASS_REPAIR	24	792	0.000001	0.000000	24	0	384	0
#135	MAIL_LIST_GET	0	0	0	0	129	0	328	1968
#145		9042	287464	0.000167	0.000000	0	0	0	0
#150	VERB_GET	2987	51820	0.001920	0.000001	2987	0	47632	160
#151	VERB_DROP	110	1416	0.000013	0.000000	110	0	1760	0
#152	VERB_PUT_IN	320	4200	0.000037	0.000000	320	0	5120	0
#153	VERB_PUT_ON	321	3852	0.000038	0.000000	321	0	4624	512
#154	VERB_TAKE_OFF	223	2692	0.000028	0.000000	223	0	3568	0
#155	VERB_OPEN	407	8324	0.000060	0.000000	407	0	6192	320
#156	VERB_CLOSE	16	256	0.000001	0.000000	16	0	256	0
#157	VERB_LOCK	4	100	0.000000	0.000000	4	0	64	0
#158	VERB_UNLOCK	147	4032	0.000017	0.000000	147	0	2352	0
#160	VERB_ENGAGE	1223	19636	0.000130	0.000000	1223	0	19392	176
#161	VERB_CONSUME	68	816	0.000010	0.000000	68	0	1088	0
#162	VERB_SIT	7	84	0.000000	0.000000	7	0	112	0
#163	VERB_STAND	2	24	0.000000	0.000000	2	0	32	0
#164	VERB_GIVE	142	2272	0.000121	0.000001	142	0	2224	48
#165	VERB_MEMORIZE	132	1584	0.000016	0.000000	132	0	1888	224
#166	VERB_ROB	2	40	0.000000	0.000000	2	0	16	16
#167	VERB_USE	21	252	0.000004	0.000000	21	0	336	0
#169	VERB_DYE	8	96	0.000002	0.000000	8	0	128	0
#180	NPC_PULSE	77088	0	0.845940	0.000011	0	0	0	0
#182	COMBAT_PULSE	77088	0	0.004133	0.000000	0	0	0	0
#184	PROCESS_AFFECT_PULSE	1284	0	0.113080	0.000088	0	0	0	0
#185	CHAR_DOIT_PULSE	85	0	0.000003	0.000000	0	0	0	0
#186	HEAL_PULSE	642	0	0.000043	0.000000	0	0	0	0
#188	MONSTER_PULSE	642	0	0.000598	0.000001	0	0	0	0
#189	MAINTENANCE_PULSE	642	0	0.000000	0.000000	0	0	0	0
#193	TOSS_DEAD_HOUSES	2569	0	0.000319	0.000000	0	0	0	0
#194	DUNGEON_QUEUE_PULSE	5139	0	0.001548	0.000000	0	0	0	0
#196	AMBUSH_PULSE	15417	0	0.000748	0.000000	0	0	0	0
#197		1284	0	0.013676	0.000011	0	0	0	0
#210	DATAMGR_LOG_PERMANENT	0	0	0	0	53	2497	0	0
#211	DATAMGR_LOGIN	141	1167464	0.000536	0.000004	142	4317	0	0
#212	DATAMGR_LOGOUT	0	0	0	0	114	570	0	0
#213	DATAMGR_NEW_CHAR	3	60	0.000002	0.000001	3	3502	0	0
#214	DATAMGR_SAVE_CHAR	0	0	0	0	25292	160375297	0	0
#215	DATAMGR_DEL_CHAR	0	0	0	0	1	9	0	0
#221	DATAMGR_NEW_HOUSE	0	0	0	0	3	6481	0	0
#222	DATAMGR_WRITE_HOUSE	0	0	0	0	8653	157912288	0	0
#224	DATAMGR_GET_HOUSE	184	2575828	0.001039	0.000006	184	3787	0	0
#225	DATAMGR_HELLO	0	0	0	0	1	3	0	0
#231		6	65172	0.000000	0.000000	6	30	0	0
#232		0	0	0	0	10	347	0	0
#233		129	1244	0.000001	0.000000	129	1290	0	0
#234		0	0	0	0	11	99	0	0
#236		129	7112	0.000004	0.000000	12992	432662	0	0

	Total)	285958	5515336	0.989222	0.000003	743388	384790157	1751057	6464

Slowest Msg #184 took  0.000118 seconds.
Total process time =  1361.433713
Total run time =          77088