Msg#	Message	Count	Inbound	Total_Time	Average_Time	Count	Outbound	Acked	Naked
#1	CLIENT_CONNECTED	9	0	0.000000	0.000000	0	0	0	0
#2	CLIENT_HUNG_UP	3	0	0.000003	0.000001	0	0	0	0
#14	PLAYER_CHECK_LOGIN	9	220	0.000000	0.000000	9	189	0	0
#15	SECURITY	9	0	0.000000	0.000000	0	0	0	0
#16	INN_LOGIN	9	108	0.000000	0.000000	0	0	0	0
#17	SERVER_PING	159	636	0.000002	0.000000	159	0	2544	0
#18	PLAYER_QUERY_CHARACTERS	9	0	0.000001	0.000000	9	11973	0	0
#21	PLAYER_LOGIN	0	0	0	0	9	0	144	0
#24	PLAYER_SYSTEM_MSG	0	0	0	0	12	1113	0	0
#25	PLAYER_ACK	0	0	0	0	2227	50038	0	0
#26	PLAYER_NAK	0	0	0	0	11	176	0	0
#32	PLAYER_CHANGE_ROOM	38	456	0.000006	0.000000	1	0	0	16
#33	PLAYER_NEW_ROOM	0	0	0	0	305	339113	0	0
#37	PLAYER_ROOM_CHAT	161	3316	0.000023	0.000000	0	0	0	0
#38	PLAYER_TEXT	0	0	0	0	968	54000	0	0
#41	PLAYER_MOVIE	1392	35936	0.000031	0.000000	1392	0	22272	0
#42	PLAYER_MOVIE_DATA	0	0	0	0	5885	779227	0	0
#45	PLAYER_DESTROY_OBJECT	0	0	0	0	712	12960	0	0
#52	PLAYER_SHIFT_ROOM	268	1072	0.000047	0.000000	0	0	0	0
#55	PLAYER_GET_BIOGRAPHY	4	16	0.000000	0.000000	4	0	266	0
#57	PLAYER_GET_DESCRIPTION	15	60	0.000001	0.000000	15	0	2646	0
#58	PLAYER_GET_EXTENDED_PROPS	10	40	0.000001	0.000000	10	0	3520	0
#61	PLAYER_WHO	0	0	0	0	3	217	0	0
#69	COMBAT_EXIT	207	0	0.000006	0.000000	415	3984	3312	0
#71	GET_SHOP_INFO	1	4	0.000000	0.000000	1	0	7203	0
#79	MONEY_TAKE	49	196	0.000004	0.000000	49	0	784	0
#80	CAST_SPELL	22	352	0.000003	0.000000	22	0	352	0
#81	PLAYER_INFO	0	0	0	0	16	740	0	0
#84	FATAL_DATA	2	908	0.000001	0.000000	2	0	32	0
#87	GROUP_JOIN	1	4	0.000000	0.000000	3	56	57	0
#88	GROUP_LEAVE	0	0	0	0	2	26	0	0
#90	OLD_SECURITY	1	8	0.000000	0.000000	1	71	0	0
#92	GET_POSN	8	32	0.000000	0.000000	8	0	208	0
#94	GET_HOUSE	2	28	0.000000	0.000000	2	0	0	32
#95	GET_ENTRY_INFO	5	20	0.000000	0.000000	5	0	124	16
#98	LOGIN_UPDATE	0	0	0	0	9	99	0	0
#112	COMBAT_ACTION	188	2480	0.000004	0.000000	0	0	0	0
#116	GET_LOOK_INFO	2	8	0.000000	0.000000	2	0	587	0
#130	PLAYER_CHARACTER_LOGIN	8	32	0.000001	0.000000	8	0	560	0
#133	ROCKING	0	0	0	0	5	0	85	0
#135	MAIL_LIST_GET	0	0	0	0	8	0	110	96
#145		171	7604	0.000003	0.000000	0	0	0	0
#150	VERB_GET	109	1840	0.000043	0.000000	109	0	1728	16
#151	VERB_DROP	1	12	0.000000	0.000000	1	0	16	0
#153	VERB_PUT_ON	2	24	0.000000	0.000000	2	0	32	0
#154	VERB_TAKE_OFF	2	24	0.000000	0.000000	2	0	32	0
#155	VERB_OPEN	14	276	0.000001	0.000000	14	0	224	0
#156	VERB_CLOSE	4	48	0.000000	0.000000	4	0	64	0
#158	VERB_UNLOCK	3	68	0.000001	0.000000	3	0	48	0
#160	VERB_ENGAGE	192	3088	0.000014	0.000000	192	0	3072	0
#165	VERB_MEMORIZE	1	12	0.000000	0.000000	1	0	16	0
#180	NPC_PULSE	1786	0	0.018652	0.000010	0	0	0	0
#182	COMBAT_PULSE	1786	0	0.000117	0.000000	0	0	0	0
#184	PROCESS_AFFECT_PULSE	29	0	0.002380	0.000082	0	0	0	0
#185	CHAR_DOIT_PULSE	1	0	0.000000	0.000000	0	0	0	0
#186	HEAL_PULSE	14	0	0.000001	0.000000	0	0	0	0
#188	MONSTER_PULSE	14	0	0.000020	0.000001	0	0	0	0
#189	MAINTENANCE_PULSE	14	0	0.000000	0.000000	0	0	0	0
#193	TOSS_DEAD_HOUSES	59	0	0.000002	0.000000	0	0	0	0
#194	DUNGEON_QUEUE_PULSE	119	0	0.000052	0.000000	0	0	0	0
#196	AMBUSH_PULSE	357	0	0.000016	0.000000	0	0	0	0
#197		29	0	0.000041	0.000001	0	0	0	0
#210	DATAMGR_LOG_PERMANENT	0	0	0	0	10	403	0	0
#211	DATAMGR_LOGIN	9	53272	0.000022	0.000002	9	282	0	0
#212	DATAMGR_LOGOUT	0	0	0	0	3	15	0	0
#214	DATAMGR_SAVE_CHAR	0	0	0	0	231	1238969	0	0
#222	DATAMGR_WRITE_HOUSE	0	0	0	0	12	78614	0	0
#224	DATAMGR_GET_HOUSE	3	18248	0.000007	0.000002	3	62	0	0
#225	DATAMGR_HELLO	0	0	0	0	1	3	0	0
#233		8	136	0.000000	0.000000	8	80	0	0
#236		9	648	0.000000	0.000000	279	11137	0	0

	Total)	7327	131232	0.021507	0.000003	13173	2583547	50038	176

Slowest Msg #184 took  0.000101 seconds.
Total process time =  29.059286
Total run time =           1787