Msg#	Message	Count	Inbound	Total_Time	Average_Time	Count	Outbound	Acked	Naked
#1	CLIENT_CONNECTED	12	0	0.000000	0.000000	0	0	0	0
#2	CLIENT_HUNG_UP	5	0	0.000001	0.000000	0	0	0	0
#14	PLAYER_CHECK_LOGIN	12	276	0.000000	0.000000	12	252	0	0
#15	SECURITY	12	0	0.000000	0.000000	0	0	0	0
#16	INN_LOGIN	12	144	0.000000	0.000000	0	0	0	0
#17	SERVER_PING	99	396	0.000002	0.000000	99	0	1584	0
#18	PLAYER_QUERY_CHARACTERS	12	0	0.000002	0.000000	12	24484	0	0
#21	PLAYER_LOGIN	0	0	0	0	12	0	192	0
#24	PLAYER_SYSTEM_MSG	0	0	0	0	14	1284	0	0
#25	PLAYER_ACK	0	0	0	0	462	21322	0	0
#26	PLAYER_NAK	0	0	0	0	13	208	0	0
#32	PLAYER_CHANGE_ROOM	23	276	0.000006	0.000000	0	0	0	0
#33	PLAYER_NEW_ROOM	0	0	0	0	37	96947	0	0
#37	PLAYER_ROOM_CHAT	133	2676	0.000017	0.000000	0	0	0	0
#38	PLAYER_TEXT	0	0	0	0	482	28643	0	0
#41	PLAYER_MOVIE	193	5040	0.000004	0.000000	193	0	3088	0
#42	PLAYER_MOVIE_DATA	0	0	0	0	1419	87986	0	0
#45	PLAYER_DESTROY_OBJECT	0	0	0	0	31	591	0	0
#48	PLAYER_CREATE_CHARACTER	1	24	0.000000	0.000000	1	0	322	0
#49	PLAYER_DESTROY_CHARACTER	1	4	0.000000	0.000000	1	0	16	0
#52	PLAYER_SHIFT_ROOM	14	56	0.000002	0.000000	0	0	0	0
#55	PLAYER_GET_BIOGRAPHY	6	24	0.000000	0.000000	6	0	438	0
#56	PLAYER_SET_BIOGRAPHY	1	60	0.000000	0.000000	1	0	16	0
#57	PLAYER_GET_DESCRIPTION	15	60	0.000001	0.000000	15	0	7561	0
#58	PLAYER_GET_EXTENDED_PROPS	13	52	0.000000	0.000000	13	0	4606	0
#59	PLAYER_SET_HEAD_DATA	1	20	0.000000	0.000000	1	0	16	0
#61	PLAYER_WHO	0	0	0	0	8	379	0	0
#74	SHOP_SELL	1	8	0.000000	0.000000	1	0	16	0
#75	SHOP_GET_PRICE	1	8	0.000000	0.000000	1	0	16	0
#80	CAST_SPELL	45	720	0.000005	0.000000	45	0	720	0
#81	PLAYER_INFO	0	0	0	0	20	900	0	0
#84	FATAL_DATA	2	1140	0.000001	0.000001	2	0	32	0
#87	GROUP_JOIN	1	4	0.000000	0.000000	3	44	45	0
#90	OLD_SECURITY	1	8	0.000000	0.000000	1	61	0	0
#92	GET_POSN	10	40	0.000000	0.000000	10	0	260	0
#94	GET_HOUSE	2	24	0.000000	0.000000	2	0	0	32
#98	LOGIN_UPDATE	0	0	0	0	12	132	0	0
#116	GET_LOOK_INFO	3	12	0.000000	0.000000	3	0	897	0
#128	GET_SELL_PRICES	1	4	0.000000	0.000000	1	0	105	0
#130	PLAYER_CHARACTER_LOGIN	10	40	0.000003	0.000000	10	0	485	0
#131	GET_REPAIR_PRICES	2	8	0.000000	0.000000	2	0	0	32
#135	MAIL_LIST_GET	0	0	0	0	10	0	203	128
#145		34	1008	0.000001	0.000000	0	0	0	0
#150	VERB_GET	17	240	0.000005	0.000000	17	0	272	0
#151	VERB_DROP	5	60	0.000000	0.000000	5	0	80	0
#152	VERB_PUT_IN	4	56	0.000000	0.000000	4	0	64	0
#153	VERB_PUT_ON	2	24	0.000000	0.000000	2	0	32	0
#154	VERB_TAKE_OFF	4	48	0.000000	0.000000	4	0	64	0
#155	VERB_OPEN	6	124	0.000001	0.000000	6	0	80	16
#164	VERB_GIVE	7	112	0.000006	0.000001	7	0	112	0
#180	NPC_PULSE	1251	0	0.014213	0.000011	0	0	0	0
#182	COMBAT_PULSE	1251	0	0.000001	0.000000	0	0	0	0
#184	PROCESS_AFFECT_PULSE	20	0	0.001489	0.000074	0	0	0	0
#185	CHAR_DOIT_PULSE	1	0	0.000000	0.000000	0	0	0	0
#186	HEAL_PULSE	10	0	0.000000	0.000000	0	0	0	0
#188	MONSTER_PULSE	10	0	0.000001	0.000000	0	0	0	0
#189	MAINTENANCE_PULSE	10	0	0.000000	0.000000	0	0	0	0
#193	TOSS_DEAD_HOUSES	41	0	0.000001	0.000000	0	0	0	0
#194	DUNGEON_QUEUE_PULSE	83	0	0.000001	0.000000	0	0	0	0
#196	AMBUSH_PULSE	250	0	0.000007	0.000000	0	0	0	0
#197		20	0	0.000065	0.000003	0	0	0	0
#210	DATAMGR_LOG_PERMANENT	0	0	0	0	5	179	0	0
#211	DATAMGR_LOGIN	12	110668	0.000066	0.000006	12	349	0	0
#212	DATAMGR_LOGOUT	0	0	0	0	5	25	0	0
#213	DATAMGR_NEW_CHAR	1	20	0.000000	0.000000	1	1342	0	0
#214	DATAMGR_SAVE_CHAR	0	0	0	0	118	883434	0	0
#215	DATAMGR_DEL_CHAR	0	0	0	0	1	9	0	0
#221	DATAMGR_NEW_HOUSE	0	0	0	0	1	2147	0	0
#222	DATAMGR_WRITE_HOUSE	0	0	0	0	25	688666	0	0
#224	DATAMGR_GET_HOUSE	4	58528	0.000031	0.000008	4	76	0	0
#225	DATAMGR_HELLO	0	0	0	0	1	3	0	0
#233		10	240	0.000000	0.000000	10	100	0	0
#236		11	572	0.000000	0.000000	45	1226	0	0

	Total)	3708	182824	0.015939	0.000004	3228	1840789	21322	208

Slowest Msg #180 took  0.000109 seconds.
Total process time =  24.135842
Total run time =           1252