Msg#	Message	Count	Inbound	Total_Time	Average_Time	Count	Outbound	Acked	Naked
#1	CLIENT_CONNECTED	59	0	0.000003	0.000000	0	0	0	0
#2	CLIENT_HUNG_UP	58	0	0.000101	0.000002	0	0	0	0
#14	PLAYER_CHECK_LOGIN	65	1508	0.000004	0.000000	65	2131	0	0
#15	SECURITY	57	0	0.000000	0.000000	0	0	0	0
#16	INN_LOGIN	57	684	0.000001	0.000000	0	0	0	0
#17	SERVER_PING	3930	15720	0.000075	0.000000	3930	0	62880	0
#18	PLAYER_QUERY_CHARACTERS	57	0	0.000019	0.000000	57	238914	0	0
#21	PLAYER_LOGIN	0	0	0	0	57	0	912	0
#22	PLAYER_LOGOUT	16	0	0.000000	0.000000	0	0	0	0
#24	PLAYER_SYSTEM_MSG	0	0	0	0	43	5687	0	0
#25	PLAYER_ACK	0	0	0	0	30310	1049658	0	0
#26	PLAYER_NAK	0	0	0	0	1374	21984	0	0
#32	PLAYER_CHANGE_ROOM	2675	32100	0.000899	0.000000	6	0	0	96
#33	PLAYER_NEW_ROOM	0	0	0	0	3591	3862942	0	0
#37	PLAYER_ROOM_CHAT	296	3908	0.000049	0.000000	0	0	0	0
#38	PLAYER_TEXT	0	0	0	0	2162	130629	0	0
#41	PLAYER_MOVIE	20610	480684	0.000559	0.000000	20610	0	329760	0
#42	PLAYER_MOVIE_DATA	0	0	0	0	55575	12632866	0	0
#45	PLAYER_DESTROY_OBJECT	0	0	0	0	6904	124968	0	0
#48	PLAYER_CREATE_CHARACTER	1	20	0.000000	0.000000	1	0	367	0
#49	PLAYER_DESTROY_CHARACTER	1	4	0.000000	0.000000	1	0	16	0
#52	PLAYER_SHIFT_ROOM	922	3688	0.000271	0.000000	3	0	63	0
#55	PLAYER_GET_BIOGRAPHY	101	404	0.000002	0.000000	101	0	7257	0
#56	PLAYER_SET_BIOGRAPHY	1	60	0.000000	0.000000	1	0	16	0
#57	PLAYER_GET_DESCRIPTION	35	140	0.000003	0.000000	35	0	14103	0
#58	PLAYER_GET_EXTENDED_PROPS	106	424	0.000008	0.000000	106	0	36429	0
#59	PLAYER_SET_HEAD_DATA	1	20	0.000000	0.000000	1	0	16	0
#61	PLAYER_WHO	0	0	0	0	27	996	0	0
#69	COMBAT_EXIT	1606	0	0.000065	0.000000	3215	36530	25696	0
#71	GET_SHOP_INFO	28	112	0.000018	0.000001	28	0	465769	0
#73	SHOP_EXAMINE	15	120	0.000001	0.000000	15	0	6433	0
#74	SHOP_SELL	2	16	0.000003	0.000002	2	0	32	0
#75	SHOP_GET_PRICE	2	16	0.000000	0.000000	2	0	32	0
#79	MONEY_TAKE	88	352	0.000012	0.000000	88	0	1408	0
#80	CAST_SPELL	184	2944	0.000052	0.000000	184	0	2912	32
#81	PLAYER_INFO	0	0	0	0	522	17823	0	0
#84	FATAL_DATA	7	2340	0.000004	0.000001	7	0	112	0
#87	GROUP_JOIN	11	44	0.000001	0.000000	31	429	492	32
#88	GROUP_LEAVE	0	0	0	0	19	247	0	0
#90	OLD_SECURITY	9	72	0.000000	0.000000	9	567	0	0
#92	GET_POSN	55	220	0.000003	0.000000	55	0	1430	0
#94	GET_HOUSE	1	12	0.000000	0.000000	1	0	0	16
#95	GET_ENTRY_INFO	2521	10084	0.000100	0.000000	2521	0	39246	20080
#98	LOGIN_UPDATE	0	0	0	0	63	693	0	0
#112	COMBAT_ACTION	1044	7052	0.000023	0.000000	0	0	0	0
#114	WHATS_NEW	3	0	0.000000	0.000000	3	53124	0	0
#116	GET_LOOK_INFO	51	204	0.000006	0.000000	51	0	14393	0
#126	MASS_SELL	3	80	0.000001	0.000000	3	0	151	0
#127	MASS_BUY	14	676	0.000003	0.000000	14	0	2945	0
#128	GET_SELL_PRICES	3	12	0.000000	0.000000	3	0	251	0
#130	PLAYER_CHARACTER_LOGIN	55	220	0.000024	0.000000	55	0	2155	0
#131	GET_REPAIR_PRICES	21	84	0.000002	0.000000	21	0	1282	48
#132	MASS_REPAIR	18	632	0.000001	0.000000	18	0	288	0
#135	MAIL_LIST_GET	0	0	0	0	55	0	172	848
#145		355	9380	0.000009	0.000000	0	0	0	0
#150	VERB_GET	299	5192	0.000300	0.000001	299	0	4784	0
#151	VERB_DROP	6	80	0.000001	0.000000	6	0	96	0
#152	VERB_PUT_IN	15	196	0.000001	0.000000	15	0	240	0
#153	VERB_PUT_ON	71	852	0.000007	0.000000	71	0	624	512
#154	VERB_TAKE_OFF	21	252	0.000003	0.000000	21	0	336	0
#155	VERB_OPEN	50	840	0.000005	0.000000	50	0	672	128
#158	VERB_UNLOCK	26	532	0.000004	0.000000	26	0	320	96
#160	VERB_ENGAGE	1498	24084	0.000156	0.000000	1498	0	23952	16
#161	VERB_CONSUME	1	12	0.000000	0.000000	1	0	16	0
#165	VERB_MEMORIZE	73	876	0.000008	0.000000	73	0	1088	80
#167	VERB_USE	6	72	0.000001	0.000000	6	0	96	0
#169	VERB_DYE	26	312	0.000003	0.000000	26	0	416	0
#180	NPC_PULSE	180405	0	1.992814	0.000011	0	0	0	0
#182	COMBAT_PULSE	180405	0	0.003321	0.000000	0	0	0	0
#184	PROCESS_AFFECT_PULSE	3006	0	0.302572	0.000101	0	0	0	0
#185	CHAR_DOIT_PULSE	200	0	0.000005	0.000000	0	0	0	0
#186	HEAL_PULSE	1503	0	0.000070	0.000000	0	0	0	0
#188	MONSTER_PULSE	1503	0	0.001179	0.000001	0	0	0	0
#189	MAINTENANCE_PULSE	1503	0	0.000001	0.000000	0	0	0	0
#193	TOSS_DEAD_HOUSES	6013	0	0.000050	0.000000	0	0	0	0
#194	DUNGEON_QUEUE_PULSE	12027	0	0.044251	0.000004	0	0	0	0
#196	AMBUSH_PULSE	36081	0	0.001671	0.000000	0	0	0	0
#197		3006	0	0.004712	0.000002	0	0	0	0
#210	DATAMGR_LOG_PERMANENT	0	0	0	0	98	3999	0	0
#211	DATAMGR_LOGIN	63	1243032	0.000678	0.000011	63	1945	0	0
#212	DATAMGR_LOGOUT	0	0	0	0	56	280	0	0
#213	DATAMGR_NEW_CHAR	1	20	0.000000	0.000000	1	1559	0	0
#214	DATAMGR_SAVE_CHAR	0	0	0	0	5637	82701373	0	0
#215	DATAMGR_DEL_CHAR	0	0	0	0	1	9	0	0
#221	DATAMGR_NEW_HOUSE	0	0	0	0	1	2149	0	0
#222	DATAMGR_WRITE_HOUSE	0	0	0	0	534	5581499	0	0
#224	DATAMGR_GET_HOUSE	16	627788	0.000245	0.000015	16	263	0	0
#225	DATAMGR_HELLO	0	0	0	0	1	3	0	0
#231		3	53040	0.000000	0.000000	3	15	0	0
#233		55	568	0.000001	0.000000	55	550	0	0
#236		55	2788	0.000002	0.000000	410	10890	0	0

	Total)	463081	2534572	2.354385	0.000005	140913	106484722	1049658	21984

Slowest Msg #184 took  0.000204 seconds.
Total process time = -983.190175
Total run time =         180406