Msg#	Message	Count	Inbound	Total_Time	Average_Time	Count	Outbound	Acked	Naked
#1	CLIENT_CONNECTED	18	0	0.000001	0.000000	0	0	0	0
#2	CLIENT_HUNG_UP	15	0	0.000033	0.000002	0	0	0	0
#14	PLAYER_CHECK_LOGIN	20	408	0.000001	0.000000	20	610	0	0
#15	SECURITY	18	0	0.000000	0.000000	0	0	0	0
#16	INN_LOGIN	18	216	0.000000	0.000000	0	0	0	0
#17	SERVER_PING	2573	10292	0.000049	0.000000	2573	0	41168	0
#18	PLAYER_QUERY_CHARACTERS	18	0	0.000007	0.000000	18	65370	0	0
#21	PLAYER_LOGIN	0	0	0	0	18	0	288	0
#22	PLAYER_LOGOUT	3	0	0.000000	0.000000	0	0	0	0
#24	PLAYER_SYSTEM_MSG	0	0	0	0	31	2517	0	0
#25	PLAYER_ACK	0	0	0	0	11868	214602	0	0
#26	PLAYER_NAK	0	0	0	0	50	800	0	0
#32	PLAYER_CHANGE_ROOM	150	1800	0.000058	0.000000	9	0	0	144
#33	PLAYER_NEW_ROOM	0	0	0	0	870	1322379	0	0
#37	PLAYER_ROOM_CHAT	776	23892	0.000174	0.000000	0	0	0	0
#38	PLAYER_TEXT	0	0	0	0	1968	100680	0	0
#41	PLAYER_MOVIE	6856	169836	0.000206	0.000000	6856	0	109696	0
#42	PLAYER_MOVIE_DATA	0	0	0	0	24423	7051170	0	0
#45	PLAYER_DESTROY_OBJECT	0	0	0	0	3116	57556	0	0
#52	PLAYER_SHIFT_ROOM	729	2916	0.000309	0.000000	0	0	0	0
#57	PLAYER_GET_DESCRIPTION	34	136	0.000003	0.000000	34	0	13733	0
#58	PLAYER_GET_EXTENDED_PROPS	18	72	0.000002	0.000000	18	0	6358	0
#61	PLAYER_WHO	0	0	0	0	20	704	0	0
#69	COMBAT_EXIT	372	0	0.000014	0.000000	771	8690	5952	0
#74	SHOP_SELL	3	24	0.000008	0.000003	3	0	48	0
#75	SHOP_GET_PRICE	3	24	0.000000	0.000000	3	0	48	0
#79	MONEY_TAKE	531	2124	0.000094	0.000000	531	0	8496	0
#80	CAST_SPELL	102	1632	0.000033	0.000000	102	0	1632	0
#81	PLAYER_INFO	0	0	0	0	215	7458	0	0
#84	FATAL_DATA	5	1840	0.000002	0.000000	5	0	80	0
#87	GROUP_JOIN	2	8	0.000000	0.000000	6	104	106	0
#88	GROUP_LEAVE	0	0	0	0	4	52	0	0
#90	OLD_SECURITY	2	16	0.000000	0.000000	2	130	0	0
#92	GET_POSN	18	72	0.000001	0.000000	18	0	468	0
#95	GET_ENTRY_INFO	65	260	0.000003	0.000000	65	0	1767	128
#98	LOGIN_UPDATE	0	0	0	0	20	220	0	0
#112	COMBAT_ACTION	1526	15680	0.000043	0.000000	0	0	0	0
#114	WHATS_NEW	5	0	0.000000	0.000000	5	79535	0	0
#126	MASS_SELL	3	680	0.000011	0.000004	3	0	1351	0
#128	GET_SELL_PRICES	3	12	0.000001	0.000000	3	0	1867	0
#130	PLAYER_CHARACTER_LOGIN	18	72	0.000006	0.000000	18	0	1089	0
#131	GET_REPAIR_PRICES	7	28	0.000001	0.000000	7	0	535	0
#132	MASS_REPAIR	7	264	0.000000	0.000000	7	0	112	0
#135	MAIL_LIST_GET	0	0	0	0	18	0	0	288
#145		822	28400	0.000026	0.000000	0	0	0	0
#150	VERB_GET	857	12640	0.000794	0.000001	857	0	13680	32
#152	VERB_PUT_IN	41	516	0.000011	0.000000	41	0	656	0
#153	VERB_PUT_ON	15	180	0.000003	0.000000	15	0	208	32
#154	VERB_TAKE_OFF	10	120	0.000002	0.000000	10	0	160	0
#155	VERB_OPEN	28	456	0.000007	0.000000	28	0	416	32
#156	VERB_CLOSE	1	12	0.000000	0.000000	1	0	16	0
#158	VERB_UNLOCK	11	232	0.000002	0.000000	11	0	80	96
#160	VERB_ENGAGE	281	4496	0.000042	0.000000	281	0	4496	0
#164	VERB_GIVE	6	92	0.000007	0.000001	6	0	80	16
#165	VERB_MEMORIZE	2	24	0.000000	0.000000	2	0	0	32
#167	VERB_USE	1	12	0.000000	0.000000	1	0	16	0
#180	NPC_PULSE	35260	0	0.483744	0.000014	0	0	0	0
#182	COMBAT_PULSE	35260	0	0.002155	0.000000	0	0	0	0
#184	PROCESS_AFFECT_PULSE	587	0	0.064806	0.000110	0	0	0	0
#185	CHAR_DOIT_PULSE	39	0	0.000001	0.000000	0	0	0	0
#186	HEAL_PULSE	293	0	0.000018	0.000000	0	0	0	0
#188	MONSTER_PULSE	293	0	0.000178	0.000001	0	0	0	0
#189	MAINTENANCE_PULSE	293	0	0.000000	0.000000	0	0	0	0
#193	TOSS_DEAD_HOUSES	1175	0	0.000007	0.000000	0	0	0	0
#194	DUNGEON_QUEUE_PULSE	2350	0	0.000890	0.000000	0	0	0	0
#196	AMBUSH_PULSE	7052	0	0.000509	0.000000	0	0	0	0
#197		587	0	0.001805	0.000003	0	0	0	0
#210	DATAMGR_LOG_PERMANENT	0	0	0	0	48	1774	0	0
#211	DATAMGR_LOGIN	20	421108	0.000266	0.000013	20	564	0	0
#212	DATAMGR_LOGOUT	0	0	0	0	15	75	0	0
#214	DATAMGR_SAVE_CHAR	0	0	0	0	3236	36580106	0	0
#222	DATAMGR_WRITE_HOUSE	0	0	0	0	306	4743296	0	0
#224	DATAMGR_GET_HOUSE	4	115888	0.000051	0.000013	4	67	0	0
#225	DATAMGR_HELLO	0	0	0	0	1	3	0	0
#231		5	79420	0.000001	0.000000	5	25	0	0
#233		18	144	0.000000	0.000000	18	180	0	0
#236		18	1096	0.000001	0.000000	1435	48250	0	0

	Total)	99247	897140	0.556388	0.000006	60039	50286917	214602	800

Slowest Msg #184 took  0.000158 seconds.
Total process time =  749.756124
Total run time =          35261