Msg#	Message	Count	Inbound	Total_Time	Average_Time	Count	Outbound	Acked	Naked
#1	CLIENT_CONNECTED	8	0	0.000000	0.000000	0	0	0	0
#2	CLIENT_HUNG_UP	7	0	0.000004	0.000001	0	0	0	0
#14	PLAYER_CHECK_LOGIN	8	164	0.000000	0.000000	8	168	0	0
#15	SECURITY	8	0	0.000000	0.000000	0	0	0	0
#16	INN_LOGIN	8	96	0.000000	0.000000	0	0	0	0
#17	SERVER_PING	218	872	0.000003	0.000000	218	0	3488	0
#18	PLAYER_QUERY_CHARACTERS	8	0	0.000000	0.000000	8	2877	0	0
#21	PLAYER_LOGIN	0	0	0	0	8	0	128	0
#22	PLAYER_LOGOUT	1	0	0.000000	0.000000	0	0	0	0
#24	PLAYER_SYSTEM_MSG	0	0	0	0	5	711	0	0
#25	PLAYER_ACK	0	0	0	0	677	95484	0	0
#26	PLAYER_NAK	0	0	0	0	16	256	0	0
#32	PLAYER_CHANGE_ROOM	18	216	0.000002	0.000000	0	0	0	0
#33	PLAYER_NEW_ROOM	0	0	0	0	71	47739	0	0
#37	PLAYER_ROOM_CHAT	34	408	0.000006	0.000000	0	0	0	0
#38	PLAYER_TEXT	0	0	0	0	38	2091	0	0
#41	PLAYER_MOVIE	353	9348	0.000007	0.000000	353	0	5648	0
#42	PLAYER_MOVIE_DATA	0	0	0	0	1533	45605	0	0
#45	PLAYER_DESTROY_OBJECT	0	0	0	0	39	727	0	0
#48	PLAYER_CREATE_CHARACTER	3	72	0.000003	0.000001	3	0	1253	0
#52	PLAYER_SHIFT_ROOM	61	244	0.000005	0.000000	8	0	0	128
#55	PLAYER_GET_BIOGRAPHY	3	12	0.000000	0.000000	3	0	219	0
#56	PLAYER_SET_BIOGRAPHY	3	180	0.000000	0.000000	3	0	48	0
#57	PLAYER_GET_DESCRIPTION	2	8	0.000000	0.000000	2	0	419	0
#58	PLAYER_GET_EXTENDED_PROPS	9	36	0.000000	0.000000	9	0	3206	0
#59	PLAYER_SET_HEAD_DATA	3	60	0.000000	0.000000	3	0	48	0
#61	PLAYER_WHO	0	0	0	0	6	258	0	0
#69	COMBAT_EXIT	9	0	0.000000	0.000000	22	234	144	0
#71	GET_SHOP_INFO	3	12	0.000002	0.000001	3	0	78060	0
#73	SHOP_EXAMINE	5	40	0.000000	0.000000	5	0	879	0
#80	CAST_SPELL	1	16	0.000000	0.000000	1	0	16	0
#81	PLAYER_INFO	0	0	0	0	41	1481	0	0
#92	GET_POSN	7	28	0.000000	0.000000	7	0	182	0
#95	GET_ENTRY_INFO	10	40	0.000000	0.000000	10	0	279	16
#98	LOGIN_UPDATE	0	0	0	0	8	88	0	0
#112	COMBAT_ACTION	18	128	0.000000	0.000000	0	0	0	0
#116	GET_LOOK_INFO	2	8	0.000000	0.000000	2	0	606	0
#127	MASS_BUY	2	36	0.000000	0.000000	2	0	163	0
#130	PLAYER_CHARACTER_LOGIN	7	28	0.000001	0.000000	7	0	193	0
#131	GET_REPAIR_PRICES	1	4	0.000000	0.000000	1	0	41	0
#132	MASS_REPAIR	1	20	0.000000	0.000000	1	0	16	0
#135	MAIL_LIST_GET	0	0	0	0	7	0	0	112
#145		1	12	0.000000	0.000000	0	0	0	0
#150	VERB_GET	4	48	0.000002	0.000000	4	0	64	0
#153	VERB_PUT_ON	1	12	0.000000	0.000000	1	0	16	0
#154	VERB_TAKE_OFF	1	12	0.000000	0.000000	1	0	16	0
#155	VERB_OPEN	2	36	0.000000	0.000000	2	0	32	0
#156	VERB_CLOSE	2	32	0.000000	0.000000	2	0	32	0
#160	VERB_ENGAGE	10	160	0.000001	0.000000	10	0	160	0
#161	VERB_CONSUME	5	60	0.000001	0.000000	5	0	80	0
#166	VERB_ROB	1	20	0.000000	0.000000	1	0	16	0
#169	VERB_DYE	2	24	0.000000	0.000000	2	0	32	0
#180	NPC_PULSE	14412	0	0.008827	0.000001	0	0	0	0
#182	COMBAT_PULSE	14412	0	0.000016	0.000000	0	0	0	0
#184	PROCESS_AFFECT_PULSE	240	0	0.001261	0.000005	0	0	0	0
#185	CHAR_DOIT_PULSE	16	0	0.000000	0.000000	0	0	0	0
#186	HEAL_PULSE	120	0	0.000001	0.000000	0	0	0	0
#188	MONSTER_PULSE	120	0	0.000002	0.000000	0	0	0	0
#189	MAINTENANCE_PULSE	120	0	0.000000	0.000000	0	0	0	0
#193	TOSS_DEAD_HOUSES	480	0	0.000002	0.000000	0	0	0	0
#194	DUNGEON_QUEUE_PULSE	960	0	0.000019	0.000000	0	0	0	0
#196	AMBUSH_PULSE	2882	0	0.000018	0.000000	0	0	0	0
#197		240	0	0.000050	0.000000	0	0	0	0
#210	DATAMGR_LOG_PERMANENT	0	0	0	0	11	448	0	0
#211	DATAMGR_LOGIN	8	12272	0.000006	0.000001	8	215	0	0
#212	DATAMGR_LOGOUT	0	0	0	0	7	35	0	0
#213	DATAMGR_NEW_CHAR	3	60	0.000002	0.000001	3	5592	0	0
#214	DATAMGR_SAVE_CHAR	0	0	0	0	209	664847	0	0
#221	DATAMGR_NEW_HOUSE	0	0	0	0	3	6475	0	0
#222	DATAMGR_WRITE_HOUSE	0	0	0	0	10	21545	0	0
#224	DATAMGR_GET_HOUSE	3	6516	0.000001	0.000000	3	54	0	0
#225	DATAMGR_HELLO	0	0	0	0	1	3	0	0
#233		7	56	0.000000	0.000000	7	70	0	0
#236		7	180	0.000000	0.000000	8	86	0	0

	Total)	34880	31576	0.010246	0.000000	3426	897089	95484	256

Slowest Msg #184 took  0.000009 seconds.
Total process time =  70.532840
Total run time =          14413