Msg#	Message	Count	Inbound	Total_Time	Average_Time	Count	Outbound	Acked	Naked
#1	CLIENT_CONNECTED	103	0	0.000005	0.000000	0	0	0	0
#2	CLIENT_HUNG_UP	99	0	0.000135	0.000001	0	0	0	0
#14	PLAYER_CHECK_LOGIN	101	2360	0.000004	0.000000	101	2409	0	0
#15	SECURITY	98	0	0.000000	0.000000	0	0	0	0
#16	INN_LOGIN	98	1176	0.000002	0.000000	0	0	0	0
#17	SERVER_PING	20723	82892	0.000322	0.000000	20723	0	331568	0
#18	PLAYER_QUERY_CHARACTERS	98	0	0.000031	0.000000	98	361616	0	0
#21	PLAYER_LOGIN	0	0	0	0	98	0	1568	0
#22	PLAYER_LOGOUT	23	0	0.000000	0.000000	0	0	0	0
#24	PLAYER_SYSTEM_MSG	0	0	0	0	24	3210	0	0
#25	PLAYER_ACK	0	0	0	0	71200	1556339	0	0
#26	PLAYER_NAK	0	0	0	0	1429	22864	0	0
#32	PLAYER_CHANGE_ROOM	2595	31140	0.000695	0.000000	32	0	0	512
#33	PLAYER_NEW_ROOM	0	0	0	0	5901	5529851	0	0
#37	PLAYER_ROOM_CHAT	514	6128	0.000050	0.000000	0	0	0	0
#38	PLAYER_TEXT	0	0	0	0	10023	510699	0	0
#41	PLAYER_MOVIE	34930	823012	0.000870	0.000000	34918	0	558688	0
#42	PLAYER_MOVIE_DATA	0	0	0	0	312195	18569034	0	0
#45	PLAYER_DESTROY_OBJECT	0	0	0	0	27587	496791	0	0
#49	PLAYER_DESTROY_CHARACTER	1	4	0.000000	0.000000	1	0	16	0
#52	PLAYER_SHIFT_ROOM	3358	13432	0.000814	0.000000	44	0	504	320
#55	PLAYER_GET_BIOGRAPHY	190	760	0.000004	0.000000	190	0	16190	0
#57	PLAYER_GET_DESCRIPTION	269	1076	0.000022	0.000000	269	0	124602	0
#58	PLAYER_GET_EXTENDED_PROPS	190	760	0.000012	0.000000	190	0	60489	0
#61	PLAYER_WHO	0	0	0	0	42	4004	0	0
#69	COMBAT_EXIT	2690	0	0.000087	0.000000	5427	67170	43040	0
#71	GET_SHOP_INFO	53	212	0.000008	0.000000	53	0	152365	0
#73	SHOP_EXAMINE	9	72	0.000001	0.000000	9	0	2314	0
#74	SHOP_SELL	10	80	0.000044	0.000004	10	0	160	0
#75	SHOP_GET_PRICE	10	80	0.000001	0.000000	10	0	160	0
#77	MONEY_PUT	3	36	0.000000	0.000000	3	0	48	0
#78	MONEY_GIVE	3	36	0.000005	0.000002	3	0	48	0
#79	MONEY_TAKE	1741	6964	0.000250	0.000000	1741	0	27776	80
#80	CAST_SPELL	1340	21440	0.000282	0.000000	1340	0	21408	32
#81	PLAYER_INFO	0	0	0	0	1776	64810	0	0
#84	FATAL_DATA	1	420	0.000000	0.000000	1	0	16	0
#87	GROUP_JOIN	12	48	0.000001	0.000000	38	627	655	0
#88	GROUP_LEAVE	3	0	0.000000	0.000000	32	377	48	0
#90	OLD_SECURITY	12	96	0.000000	0.000000	12	807	0	0
#92	GET_POSN	94	376	0.000003	0.000000	94	0	2444	0
#94	GET_HOUSE	20	288	0.000001	0.000000	20	0	0	320
#95	GET_ENTRY_INFO	2129	8516	0.000078	0.000000	2129	0	35464	15760
#98	LOGIN_UPDATE	0	0	0	0	100	1100	0	0
#103	SET_TITLE	4	64	0.000001	0.000000	4	0	64	0
#104	TREE_GET	1	4	0.000000	0.000000	1	0	231	0
#105	TREE_CHOOSE_TOPIC	4	16	0.000000	0.000000	4	0	816	0
#106	TREE_GET_TEXT	1	4	0.000000	0.000000	1	0	47	0
#107	TREE_BACK	3	0	0.000000	0.000000	3	0	696	0
#108	QUEST_ACCEPT	1	4	0.000000	0.000000	1	0	158	0
#112	COMBAT_ACTION	2465	29928	0.000059	0.000000	0	0	0	0
#114	WHATS_NEW	1	0	0.000000	0.000000	1	14997	0	0
#115	SET_ENGRAVE_NAME	2	48	0.000000	0.000000	0	0	0	0
#116	GET_LOOK_INFO	96	384	0.000011	0.000000	96	0	28703	0
#126	MASS_SELL	47	3248	0.000041	0.000001	47	0	6347	0
#127	MASS_BUY	37	1528	0.000008	0.000000	37	0	7442	0
#128	GET_SELL_PRICES	52	208	0.000004	0.000000	52	0	8492	0
#130	PLAYER_CHARACTER_LOGIN	94	376	0.000056	0.000001	94	0	5680	0
#131	GET_REPAIR_PRICES	29	116	0.000001	0.000000	29	0	839	224
#132	MASS_REPAIR	15	412	0.000001	0.000000	15	0	240	0
#135	MAIL_LIST_GET	0	0	0	0	94	0	53	1488
#145		3059	84264	0.000064	0.000000	0	0	0	0
#150	VERB_GET	4135	69976	0.003959	0.000001	4135	0	63712	2448
#151	VERB_DROP	53	644	0.000006	0.000000	53	0	848	0
#152	VERB_PUT_IN	160	2044	0.000018	0.000000	160	0	2512	48
#153	VERB_PUT_ON	160	1928	0.000017	0.000000	160	0	2112	448
#154	VERB_TAKE_OFF	133	1612	0.000014	0.000000	133	0	2048	80
#155	VERB_OPEN	194	3416	0.000020	0.000000	194	0	2768	336
#156	VERB_CLOSE	9	108	0.000001	0.000000	9	0	144	0
#158	VERB_UNLOCK	48	1200	0.000013	0.000000	48	0	736	32
#160	VERB_ENGAGE	2400	38644	0.000265	0.000000	2400	0	37984	416
#161	VERB_CONSUME	10	120	0.000001	0.000000	10	0	160	0
#162	VERB_SIT	8	96	0.000001	0.000000	8	0	128	0
#164	VERB_GIVE	47	720	0.000054	0.000001	47	0	736	16
#165	VERB_MEMORIZE	188	2256	0.000019	0.000000	188	0	2704	304
#167	VERB_USE	18	216	0.000004	0.000000	18	0	288	0
#169	VERB_DYE	5	60	0.000001	0.000000	5	0	80	0
#180	NPC_PULSE	170323	0	1.689226	0.000010	0	0	0	0
#182	COMBAT_PULSE	170323	0	0.002467	0.000000	0	0	0	0
#184	PROCESS_AFFECT_PULSE	2838	0	0.235745	0.000083	0	0	0	0
#185	CHAR_DOIT_PULSE	189	0	0.000005	0.000000	0	0	0	0
#186	HEAL_PULSE	1419	0	0.000090	0.000000	0	0	0	0
#188	MONSTER_PULSE	1419	0	0.001424	0.000001	0	0	0	0
#189	MAINTENANCE_PULSE	1419	0	0.000001	0.000000	0	0	0	0
#193	TOSS_DEAD_HOUSES	5677	0	0.000155	0.000000	0	0	0	0
#194	DUNGEON_QUEUE_PULSE	11354	0	0.031939	0.000003	0	0	0	0
#196	AMBUSH_PULSE	34064	0	0.001370	0.000000	0	0	0	0
#197		2838	0	0.013198	0.000005	0	0	0	0
#210	DATAMGR_LOG_PERMANENT	0	0	0	0	5	167	0	0
#211	DATAMGR_LOGIN	100	1519112	0.000662	0.000007	100	3009	0	0
#212	DATAMGR_LOGOUT	0	0	0	0	94	470	0	0
#214	DATAMGR_SAVE_CHAR	0	0	0	0	25362	263899613	0	0
#215	DATAMGR_DEL_CHAR	0	0	0	0	1	9	0	0
#222	DATAMGR_WRITE_HOUSE	0	0	0	0	7000	90045093	0	0
#224	DATAMGR_GET_HOUSE	69	1493440	0.000599	0.000009	69	1442	0	0
#225	DATAMGR_HELLO	0	0	0	0	1	3	0	0
#231		1	14976	0.000000	0.000000	1	5	0	0
#232		0	0	0	0	2	81	0	0
#233		94	784	0.000001	0.000000	94	940	0	0
#236		96	6120	0.000004	0.000000	6038	178555	0	0

	Total)	487222	4279480	1.985252	0.000004	544677	381336092	1556339	22864

Slowest Msg #184 took  0.000152 seconds.
Total process time = -1589.937732
Total run time =         170324