Msg#	Message	Count	Inbound	Total_Time	Average_Time	Count	Outbound	Acked	Naked
#1	CLIENT_CONNECTED	153	0	0.000007	0.000000	0	0	0	0
#2	CLIENT_HUNG_UP	144	0	0.000143	0.000001	0	0	0	0
#14	PLAYER_CHECK_LOGIN	165	3904	0.000007	0.000000	165	5345	0	0
#15	SECURITY	146	0	0.000000	0.000000	0	0	0	0
#16	INN_LOGIN	146	1752	0.000003	0.000000	0	0	0	0
#17	SERVER_PING	12231	48924	0.000196	0.000000	12231	0	195696	0
#18	PLAYER_QUERY_CHARACTERS	146	0	0.000025	0.000000	146	205586	0	0
#21	PLAYER_LOGIN	0	0	0	0	146	0	2336	0
#22	PLAYER_LOGOUT	46	0	0.000000	0.000000	0	0	0	0
#24	PLAYER_SYSTEM_MSG	0	0	0	0	69	12649	0	0
#25	PLAYER_ACK	0	0	0	0	90290	2777480	0	0
#26	PLAYER_NAK	0	0	0	0	834	13344	0	0
#32	PLAYER_CHANGE_ROOM	2379	28548	0.000607	0.000000	71	0	0	1136
#33	PLAYER_NEW_ROOM	0	0	0	0	9851	11818915	0	0
#37	PLAYER_ROOM_CHAT	1944	40708	0.000366	0.000000	0	0	0	0
#38	PLAYER_TEXT	0	0	0	0	20233	1104675	0	0
#41	PLAYER_MOVIE	52900	1332360	0.001290	0.000000	52880	0	846080	0
#42	PLAYER_MOVIE_DATA	0	0	0	0	354207	32748954	0	0
#45	PLAYER_DESTROY_OBJECT	0	0	0	0	30313	545893	0	0
#48	PLAYER_CREATE_CHARACTER	4	116	0.000002	0.000000	4	0	1166	0
#52	PLAYER_SHIFT_ROOM	7607	30428	0.001818	0.000000	126	0	1302	1024
#55	PLAYER_GET_BIOGRAPHY	326	1304	0.000007	0.000000	326	0	22428	0
#56	PLAYER_SET_BIOGRAPHY	4	212	0.000001	0.000000	4	0	64	0
#57	PLAYER_GET_DESCRIPTION	693	2772	0.000045	0.000000	693	0	208025	0
#58	PLAYER_GET_EXTENDED_PROPS	310	1240	0.000015	0.000000	310	0	101986	0
#59	PLAYER_SET_HEAD_DATA	4	80	0.000001	0.000000	4	0	64	0
#61	PLAYER_WHO	0	0	0	0	45	3097	0	0
#69	COMBAT_EXIT	5694	0	0.000186	0.000000	11659	116366	91104	0
#71	GET_SHOP_INFO	236	944	0.000044	0.000000	236	0	906684	0
#73	SHOP_EXAMINE	24	192	0.000002	0.000000	24	0	6282	0
#74	SHOP_SELL	21	168	0.000013	0.000001	21	0	336	0
#75	SHOP_GET_PRICE	21	168	0.000001	0.000000	21	0	336	0
#77	MONEY_PUT	2	24	0.000000	0.000000	2	0	32	0
#78	MONEY_GIVE	25	300	0.000025	0.000001	25	0	400	0
#79	MONEY_TAKE	948	3792	0.000105	0.000000	948	0	15088	80
#80	CAST_SPELL	5188	83008	0.000912	0.000000	5188	0	82864	144
#81	PLAYER_INFO	0	0	0	0	292	13277	0	0
#84	FATAL_DATA	6	2512	0.000002	0.000000	6	0	96	0
#87	GROUP_JOIN	75	300	0.000002	0.000000	228	3795	4116	80
#88	GROUP_LEAVE	14	0	0.000001	0.000000	153	1807	224	0
#90	OLD_SECURITY	71	568	0.000002	0.000000	72	4863	0	0
#92	GET_POSN	146	584	0.000004	0.000000	146	0	3796	0
#94	GET_HOUSE	21	276	0.000001	0.000000	21	0	0	336
#95	GET_ENTRY_INFO	1369	5476	0.000046	0.000000	1369	0	31558	5616
#98	LOGIN_UPDATE	0	0	0	0	165	1815	0	0
#101	SHOP_RECHARGE	2	16	0.000000	0.000000	2	0	32	0
#102	SHOP_GET_RECHARGE_PRICE	2	16	0.000000	0.000000	2	0	32	0
#104	TREE_GET	1	4	0.000000	0.000000	1	0	161	0
#110	GET_QUEST_LIST	1	0	0.000000	0.000000	1	0	19	0
#112	COMBAT_ACTION	14374	146764	0.000259	0.000000	0	0	0	0
#114	WHATS_NEW	5	0	0.000000	0.000000	5	14085	0	0
#115	SET_ENGRAVE_NAME	71	1392	0.000002	0.000000	0	0	0	0
#116	GET_LOOK_INFO	164	656	0.000018	0.000000	164	0	47511	0
#126	MASS_SELL	52	2668	0.000028	0.000001	52	0	5164	0
#127	MASS_BUY	155	6132	0.000027	0.000000	155	0	25011	0
#128	GET_SELL_PRICES	58	232	0.000004	0.000000	58	0	9026	0
#130	PLAYER_CHARACTER_LOGIN	146	584	0.000032	0.000000	146	0	6246	0
#131	GET_REPAIR_PRICES	45	180	0.000003	0.000000	45	0	2447	96
#132	MASS_REPAIR	38	1168	0.000001	0.000000	38	0	608	0
#135	MAIL_LIST_GET	9	0	0.000000	0.000000	155	0	4159	1936
#136	MAIL_MESSAGE_GET	10	40	0.000000	0.000000	10	0	2498	0
#138	MAIL_MESSAGE_SEND	7	6052	0.000000	0.000000	7	0	119	0
#145		12842	401376	0.000234	0.000000	0	0	0	0
#150	VERB_GET	3494	55028	0.001749	0.000001	3494	0	55376	528
#151	VERB_DROP	551	6612	0.000067	0.000000	551	0	8800	16
#152	VERB_PUT_IN	834	10980	0.000113	0.000000	834	0	12944	400
#153	VERB_PUT_ON	481	5780	0.000052	0.000000	481	0	7152	544
#154	VERB_TAKE_OFF	329	3956	0.000044	0.000000	329	0	5248	16
#155	VERB_OPEN	518	10292	0.000061	0.000000	518	0	7952	336
#156	VERB_CLOSE	60	916	0.000003	0.000000	60	0	944	16
#158	VERB_UNLOCK	33	800	0.000006	0.000000	33	0	496	32
#160	VERB_ENGAGE	2407	38688	0.000229	0.000000	2407	0	37792	720
#161	VERB_CONSUME	59	708	0.000011	0.000000	59	0	944	0
#162	VERB_SIT	27	324	0.000001	0.000000	27	0	432	0
#163	VERB_STAND	15	180	0.000001	0.000000	15	0	240	0
#164	VERB_GIVE	152	2532	0.000139	0.000001	152	0	2416	16
#165	VERB_MEMORIZE	690	8280	0.000077	0.000000	690	0	10768	272
#167	VERB_USE	23	276	0.000009	0.000000	23	0	368	0
#169	VERB_DYE	32	384	0.000005	0.000000	32	0	512	0
#180	NPC_PULSE	123714	0	1.375697	0.000011	0	0	0	0
#182	COMBAT_PULSE	123714	0	0.004598	0.000000	0	0	0	0
#184	PROCESS_AFFECT_PULSE	2061	0	0.180365	0.000088	0	0	0	0
#185	CHAR_DOIT_PULSE	137	0	0.000003	0.000000	0	0	0	0
#186	HEAL_PULSE	1030	0	0.000057	0.000000	0	0	0	0
#188	MONSTER_PULSE	1030	0	0.001073	0.000001	0	0	0	0
#189	MAINTENANCE_PULSE	1030	0	0.000001	0.000000	0	0	0	0
#193	TOSS_DEAD_HOUSES	4123	0	0.000261	0.000000	0	0	0	0
#194	DUNGEON_QUEUE_PULSE	8247	0	0.004798	0.000001	0	0	0	0
#196	AMBUSH_PULSE	24742	0	0.001208	0.000000	0	0	0	0
#197		2061	0	0.005684	0.000003	0	0	0	0
#210	DATAMGR_LOG_PERMANENT	0	0	0	0	114	5412	0	0
#211	DATAMGR_LOGIN	165	974424	0.000440	0.000003	165	4996	0	0
#212	DATAMGR_LOGOUT	0	0	0	0	137	685	0	0
#213	DATAMGR_NEW_CHAR	4	80	0.000003	0.000001	4	4642	0	0
#214	DATAMGR_SAVE_CHAR	0	0	0	0	14820	93854939	0	0
#221	DATAMGR_NEW_HOUSE	0	0	0	0	4	8642	0	0
#222	DATAMGR_WRITE_HOUSE	0	0	0	0	1614	25419384	0	0
#224	DATAMGR_GET_HOUSE	144	1755828	0.000788	0.000005	144	2867	0	0
#225	DATAMGR_HELLO	0	0	0	0	1	3	0	0
#231		5	14060	0.000000	0.000000	5	25	0	0
#232		0	0	0	0	71	2580	0	0
#233		172	7152	0.000002	0.000000	172	7854	0	0
#236		147	6348	0.000004	0.000000	14743	496325	0	0
#253		0	0	0	0	1	5	0	0

	Total)	423422	5061568	1.584037	0.000004	636065	169200305	2777480	13344

Slowest Msg #184 took  0.000146 seconds.
Total process time =  2017.606848
Total run time =         123714