Msg#	Message	Count	Inbound	Total_Time	Average_Time	Count	Outbound	Acked	Naked
#1	CLIENT_CONNECTED	48	0	0.000002	0.000000	0	0	0	0
#2	CLIENT_HUNG_UP	38	0	0.000027	0.000001	0	0	0	0
#14	PLAYER_CHECK_LOGIN	51	1260	0.000002	0.000000	51	2761	0	0
#15	SECURITY	34	0	0.000000	0.000000	0	0	0	0
#16	INN_LOGIN	34	408	0.000001	0.000000	0	0	0	0
#17	SERVER_PING	1926	7704	0.000029	0.000000	1926	0	30816	0
#18	PLAYER_QUERY_CHARACTERS	34	0	0.000007	0.000000	34	79726	0	0
#21	PLAYER_LOGIN	0	0	0	0	34	0	544	0
#22	PLAYER_LOGOUT	10	0	0.000000	0.000000	0	0	0	0
#24	PLAYER_SYSTEM_MSG	0	0	0	0	6	1044	0	0
#25	PLAYER_ACK	0	0	0	0	13099	380053	0	0
#26	PLAYER_NAK	0	0	0	0	557	8912	0	0
#32	PLAYER_CHANGE_ROOM	1123	13476	0.000133	0.000000	3	0	0	48
#33	PLAYER_NEW_ROOM	0	0	0	0	1573	1178211	0	0
#37	PLAYER_ROOM_CHAT	164	1944	0.000032	0.000000	0	0	0	0
#38	PLAYER_TEXT	0	0	0	0	1153	68527	0	0
#41	PLAYER_MOVIE	8021	187600	0.000169	0.000000	8021	0	128336	0
#42	PLAYER_MOVIE_DATA	0	0	0	0	22760	1620530	0	0
#45	PLAYER_DESTROY_OBJECT	0	0	0	0	2434	45174	0	0
#52	PLAYER_SHIFT_ROOM	455	1820	0.000081	0.000000	8	0	126	32
#55	PLAYER_GET_BIOGRAPHY	26	104	0.000000	0.000000	26	0	2238	0
#57	PLAYER_GET_DESCRIPTION	52	208	0.000003	0.000000	52	0	22597	0
#58	PLAYER_GET_EXTENDED_PROPS	47	188	0.000003	0.000000	47	0	14699	0
#61	PLAYER_WHO	0	0	0	0	11	702	0	0
#69	COMBAT_EXIT	785	0	0.000030	0.000000	1571	14472	12560	0
#71	GET_SHOP_INFO	17	68	0.000004	0.000000	17	0	115475	0
#79	MONEY_TAKE	62	248	0.000005	0.000000	62	0	992	0
#80	CAST_SPELL	186	2976	0.000028	0.000000	186	0	2976	0
#81	PLAYER_INFO	0	0	0	0	373	13499	0	0
#87	GROUP_JOIN	7	28	0.000000	0.000000	19	305	319	0
#88	GROUP_LEAVE	0	0	0	0	10	130	0	0
#90	OLD_SECURITY	6	48	0.000000	0.000000	7	450	0	0
#92	GET_POSN	34	136	0.000001	0.000000	34	0	884	0
#94	GET_HOUSE	4	60	0.000000	0.000000	4	0	0	64
#95	GET_ENTRY_INFO	1048	4192	0.000029	0.000000	1048	0	16926	8032
#98	LOGIN_UPDATE	0	0	0	0	51	561	0	0
#112	COMBAT_ACTION	341	3240	0.000007	0.000000	0	0	0	0
#116	GET_LOOK_INFO	13	52	0.000002	0.000000	13	0	3899	0
#126	MASS_SELL	8	672	0.000004	0.000001	8	0	1320	0
#127	MASS_BUY	10	376	0.000002	0.000000	10	0	1385	0
#128	GET_SELL_PRICES	9	36	0.000001	0.000000	9	0	1673	0
#130	PLAYER_CHARACTER_LOGIN	34	136	0.000013	0.000000	34	0	1747	0
#131	GET_REPAIR_PRICES	6	24	0.000000	0.000000	6	0	114	64
#132	MASS_REPAIR	2	56	0.000000	0.000000	2	0	32	0
#135	MAIL_LIST_GET	0	0	0	0	34	0	43	528
#145		346	10568	0.000006	0.000000	0	0	0	0
#150	VERB_GET	361	5440	0.000128	0.000000	361	0	5776	0
#151	VERB_DROP	8	96	0.000001	0.000000	8	0	128	0
#152	VERB_PUT_IN	35	420	0.000003	0.000000	35	0	560	0
#153	VERB_PUT_ON	17	204	0.000002	0.000000	17	0	256	16
#154	VERB_TAKE_OFF	14	168	0.000001	0.000000	14	0	224	0
#155	VERB_OPEN	18	304	0.000002	0.000000	18	0	288	0
#156	VERB_CLOSE	3	36	0.000000	0.000000	3	0	48	0
#158	VERB_UNLOCK	3	52	0.000001	0.000000	3	0	48	0
#160	VERB_ENGAGE	761	12176	0.000056	0.000000	761	0	12160	16
#161	VERB_CONSUME	6	72	0.000001	0.000000	6	0	96	0
#162	VERB_SIT	2	24	0.000000	0.000000	2	0	32	0
#164	VERB_GIVE	2	32	0.000002	0.000001	2	0	32	0
#165	VERB_MEMORIZE	51	612	0.000005	0.000000	51	0	704	112
#180	NPC_PULSE	41915	0	0.375901	0.000009	0	0	0	0
#182	COMBAT_PULSE	41915	0	0.000287	0.000000	0	0	0	0
#184	PROCESS_AFFECT_PULSE	698	0	0.050390	0.000072	0	0	0	0
#185	CHAR_DOIT_PULSE	46	0	0.000001	0.000000	0	0	0	0
#186	HEAL_PULSE	349	0	0.000014	0.000000	0	0	0	0
#188	MONSTER_PULSE	349	0	0.000162	0.000000	0	0	0	0
#189	MAINTENANCE_PULSE	349	0	0.000000	0.000000	0	0	0	0
#193	TOSS_DEAD_HOUSES	1397	0	0.000013	0.000000	0	0	0	0
#194	DUNGEON_QUEUE_PULSE	2794	0	0.007018	0.000003	0	0	0	0
#196	AMBUSH_PULSE	8383	0	0.000291	0.000000	0	0	0	0
#197		698	0	0.000669	0.000001	0	0	0	0
#210	DATAMGR_LOG_PERMANENT	0	0	0	0	6	260	0	0
#211	DATAMGR_LOGIN	51	444508	0.000189	0.000004	51	1584	0	0
#212	DATAMGR_LOGOUT	0	0	0	0	29	145	0	0
#214	DATAMGR_SAVE_CHAR	0	0	0	0	2191	14331084	0	0
#222	DATAMGR_WRITE_HOUSE	0	0	0	0	54	1642627	0	0
#224	DATAMGR_GET_HOUSE	6	104712	0.000036	0.000006	6	142	0	0
#225	DATAMGR_HELLO	0	0	0	0	1	3	0	0
#233		34	296	0.000000	0.000000	34	340	0	0
#236		34	1812	0.000001	0.000000	744	22652	0	0

	Total)	115280	808592	0.435796	0.000004	59690	19413894	380053	8912

Slowest Msg #184 took  0.000141 seconds.
Total process time =  594.678775
Total run time =          41916