Msg#	Message	Count	Inbound	Total_Time	Average_Time	Count	Outbound	Acked	Naked
#1	CLIENT_CONNECTED	240	0	0.000010	0.000000	0	0	0	0
#2	CLIENT_HUNG_UP	218	0	0.000245	0.000001	0	0	0	0
#14	PLAYER_CHECK_LOGIN	254	5756	0.000011	0.000000	254	7678	0	0
#15	SECURITY	230	0	0.000000	0.000000	0	0	0	0
#16	INN_LOGIN	230	2760	0.000004	0.000000	0	0	0	0
#17	SERVER_PING	22669	90676	0.000329	0.000000	22669	0	362704	0
#18	PLAYER_QUERY_CHARACTERS	230	0	0.000053	0.000000	230	588555	0	0
#21	PLAYER_LOGIN	0	0	0	0	230	0	3680	0
#22	PLAYER_LOGOUT	41	0	0.000000	0.000000	0	0	0	0
#24	PLAYER_SYSTEM_MSG	0	0	0	0	113	17845	0	0
#25	PLAYER_ACK	0	0	0	0	96241	2690471	0	0
#26	PLAYER_NAK	0	0	0	0	909	14544	0	0
#32	PLAYER_CHANGE_ROOM	2007	24084	0.000654	0.000000	152	0	0	2432
#33	PLAYER_NEW_ROOM	0	0	0	0	10091	14349869	0	0
#37	PLAYER_ROOM_CHAT	2503	48320	0.000358	0.000000	0	0	0	0
#38	PLAYER_TEXT	0	0	0	0	23679	1287014	0	0
#41	PLAYER_MOVIE	51947	1329980	0.001251	0.000000	51916	0	830656	0
#42	PLAYER_MOVIE_DATA	0	0	0	0	397125	53255502	0	0
#45	PLAYER_DESTROY_OBJECT	0	0	0	0	32113	579589	0	0
#48	PLAYER_CREATE_CHARACTER	1	20	0.000001	0.000001	1	0	388	0
#49	PLAYER_DESTROY_CHARACTER	2	8	0.000001	0.000000	2	0	16	16
#52	PLAYER_SHIFT_ROOM	8287	33148	0.002191	0.000000	106	0	1155	816
#55	PLAYER_GET_BIOGRAPHY	450	1800	0.000009	0.000000	450	0	34462	0
#56	PLAYER_SET_BIOGRAPHY	1	60	0.000000	0.000000	1	0	16	0
#57	PLAYER_GET_DESCRIPTION	877	3508	0.000057	0.000000	877	0	325817	0
#58	PLAYER_GET_EXTENDED_PROPS	450	1800	0.000029	0.000000	450	0	148704	0
#59	PLAYER_SET_HEAD_DATA	1	20	0.000000	0.000000	1	0	16	0
#61	PLAYER_WHO	0	0	0	0	26	3289	0	0
#69	COMBAT_EXIT	4371	0	0.000131	0.000000	9008	102602	69936	0
#71	GET_SHOP_INFO	79	316	0.000020	0.000000	79	0	542678	0
#73	SHOP_EXAMINE	11	88	0.000001	0.000000	11	0	2541	0
#74	SHOP_SELL	24	192	0.000009	0.000000	24	0	384	0
#75	SHOP_GET_PRICE	30	240	0.000001	0.000000	30	0	480	0
#76	MONEY_DROP	3	24	0.000000	0.000000	3	0	48	0
#78	MONEY_GIVE	13	156	0.000018	0.000001	13	0	208	0
#79	MONEY_TAKE	780	3120	0.000091	0.000000	780	0	12192	288
#80	CAST_SPELL	3152	50432	0.000548	0.000000	3152	0	50272	160
#81	PLAYER_INFO	0	0	0	0	5517	205878	0	0
#84	FATAL_DATA	32	11752	0.000009	0.000000	32	0	512	0
#87	GROUP_JOIN	95	380	0.000003	0.000000	327	5497	5590	160
#88	GROUP_LEAVE	3	0	0.000000	0.000000	209	2678	48	0
#90	OLD_SECURITY	88	704	0.000003	0.000000	90	6249	0	0
#92	GET_POSN	225	900	0.000006	0.000000	225	0	5850	0
#94	GET_HOUSE	50	700	0.000002	0.000000	50	0	0	800
#95	GET_ENTRY_INFO	382	1528	0.000012	0.000000	382	0	9796	1056
#98	LOGIN_UPDATE	0	0	0	0	246	2706	0	0
#101	SHOP_RECHARGE	2	16	0.000000	0.000000	2	0	32	0
#102	SHOP_GET_RECHARGE_PRICE	2	16	0.000000	0.000000	2	0	32	0
#103	SET_TITLE	7	112	0.000002	0.000000	7	0	96	16
#104	TREE_GET	21	84	0.000001	0.000000	21	0	3181	0
#105	TREE_CHOOSE_TOPIC	19	76	0.000000	0.000000	19	0	2548	0
#106	TREE_GET_TEXT	3	12	0.000000	0.000000	3	0	294	0
#107	TREE_BACK	11	0	0.000000	0.000000	11	0	1769	0
#108	QUEST_ACCEPT	10	40	0.000000	0.000000	10	0	1022	0
#110	GET_QUEST_LIST	4	0	0.000000	0.000000	4	0	110	0
#112	COMBAT_ACTION	7021	80960	0.000130	0.000000	0	0	0	0
#114	WHATS_NEW	7	0	0.000000	0.000000	7	96365	0	0
#115	SET_ENGRAVE_NAME	13	200	0.000000	0.000000	0	0	0	0
#116	GET_LOOK_INFO	225	900	0.000031	0.000000	225	0	70188	0
#123	GET_REPAIR_PRICE	2	16	0.000000	0.000000	2	0	0	32
#126	MASS_SELL	70	4016	0.000057	0.000001	70	0	7822	0
#127	MASS_BUY	58	2296	0.000009	0.000000	56	0	9681	0
#128	GET_SELL_PRICES	87	348	0.000006	0.000000	87	0	15261	32
#130	PLAYER_CHARACTER_LOGIN	225	900	0.000077	0.000000	225	0	11485	0
#131	GET_REPAIR_PRICES	62	248	0.000004	0.000000	62	0	3179	176
#132	MASS_REPAIR	49	1516	0.000002	0.000000	49	0	784	0
#135	MAIL_LIST_GET	0	0	0	0	225	0	438	3472
#145		7796	228392	0.000142	0.000000	0	0	0	0
#150	VERB_GET	4010	65280	0.002169	0.000001	4010	0	63456	704
#151	VERB_DROP	214	2584	0.000021	0.000000	214	0	3376	48
#152	VERB_PUT_IN	421	5420	0.000046	0.000000	421	0	6672	64
#153	VERB_PUT_ON	554	6668	0.000073	0.000000	554	0	7824	1040
#154	VERB_TAKE_OFF	396	4800	0.000046	0.000000	396	0	6336	0
#155	VERB_OPEN	580	10324	0.000085	0.000000	580	0	8144	1136
#156	VERB_CLOSE	19	340	0.000001	0.000000	19	0	304	0
#157	VERB_LOCK	3	56	0.000000	0.000000	3	0	32	16
#158	VERB_UNLOCK	187	4316	0.000019	0.000000	187	0	2176	816
#160	VERB_ENGAGE	2856	45988	0.000276	0.000000	2856	0	45232	464
#161	VERB_CONSUME	64	768	0.000008	0.000000	64	0	1024	0
#162	VERB_SIT	10	120	0.000000	0.000000	10	0	144	16
#163	VERB_STAND	3	36	0.000000	0.000000	3	0	48	0
#164	VERB_GIVE	239	4020	0.000214	0.000001	239	0	3728	96
#165	VERB_MEMORIZE	347	4164	0.000035	0.000000	347	0	4864	688
#167	VERB_USE	27	324	0.000004	0.000000	27	0	432	0
#169	VERB_DYE	38	456	0.000006	0.000000	38	0	608	0
#180	NPC_PULSE	143463	0	1.399747	0.000010	0	0	0	0
#182	COMBAT_PULSE	143463	0	0.005932	0.000000	0	0	0	0
#184	PROCESS_AFFECT_PULSE	2391	0	0.188156	0.000079	0	0	0	0
#185	CHAR_DOIT_PULSE	159	0	0.000006	0.000000	0	0	0	0
#186	HEAL_PULSE	1195	0	0.000095	0.000000	0	0	0	0
#188	MONSTER_PULSE	1195	0	0.001309	0.000001	0	0	0	0
#189	MAINTENANCE_PULSE	1195	0	0.000001	0.000000	0	0	0	0
#193	TOSS_DEAD_HOUSES	4782	0	0.000515	0.000000	0	0	0	0
#194	DUNGEON_QUEUE_PULSE	9564	0	0.001722	0.000000	0	0	0	0
#196	AMBUSH_PULSE	28692	0	0.001181	0.000000	0	0	0	0
#197		2391	0	0.012043	0.000005	0	0	0	0
#210	DATAMGR_LOG_PERMANENT	0	0	0	0	152	5758	0	0
#211	DATAMGR_LOGIN	246	2542620	0.001091	0.000004	246	7190	0	0
#212	DATAMGR_LOGOUT	0	0	0	0	208	1040	0	0
#213	DATAMGR_NEW_CHAR	1	20	0.000001	0.000001	1	1686	0	0
#214	DATAMGR_SAVE_CHAR	0	0	0	0	26433	205404240	0	0
#215	DATAMGR_DEL_CHAR	0	0	0	0	1	9	0	0
#221	DATAMGR_NEW_HOUSE	0	0	0	0	1	2149	0	0
#222	DATAMGR_WRITE_HOUSE	0	0	0	0	5119	82718133	0	0
#224	DATAMGR_GET_HOUSE	200	4633964	0.001749	0.000009	200	4100	0	0
#225	DATAMGR_HELLO	0	0	0	0	1	3	0	0
#231		7	96232	0.000001	0.000000	7	35	0	0
#232		0	0	0	0	12	409	0	0
#233		225	2084	0.000002	0.000000	225	2250	0	0
#236		237	14316	0.000011	0.000000	18806	633805	0	0

	Total)	465044	9377520	1.623084	0.000003	720281	361997138	2690471	14544

Slowest Msg #184 took  0.000114 seconds.
Total process time = -2036.286059
Total run time =         143464