Msg#	Message	Count	Inbound	Total_Time	Average_Time	Count	Outbound	Acked	Naked
#1	CLIENT_CONNECTED	45	0	0.000002	0.000000	0	0	0	0
#2	CLIENT_HUNG_UP	35	0	0.000030	0.000001	0	0	0	0
#14	PLAYER_CHECK_LOGIN	48	1144	0.000002	0.000000	48	1668	0	0
#15	SECURITY	41	0	0.000000	0.000000	0	0	0	0
#16	INN_LOGIN	41	492	0.000001	0.000000	0	0	0	0
#17	SERVER_PING	1222	4888	0.000018	0.000000	1222	0	19552	0
#18	PLAYER_QUERY_CHARACTERS	41	0	0.000006	0.000000	41	53357	0	0
#21	PLAYER_LOGIN	0	0	0	0	41	0	656	0
#22	PLAYER_LOGOUT	2	0	0.000000	0.000000	0	0	0	0
#24	PLAYER_SYSTEM_MSG	0	0	0	0	35	4302	0	0
#25	PLAYER_ACK	0	0	0	0	9312	267443	0	0
#26	PLAYER_NAK	0	0	0	0	92	1472	0	0
#32	PLAYER_CHANGE_ROOM	300	3600	0.000056	0.000000	9	0	0	144
#33	PLAYER_NEW_ROOM	0	0	0	0	1182	1023540	0	0
#37	PLAYER_ROOM_CHAT	232	3396	0.000027	0.000000	0	0	0	0
#38	PLAYER_TEXT	0	0	0	0	1662	96086	0	0
#41	PLAYER_MOVIE	5809	149260	0.000134	0.000000	5808	0	92928	0
#42	PLAYER_MOVIE_DATA	0	0	0	0	27018	3042259	0	0
#45	PLAYER_DESTROY_OBJECT	0	0	0	0	1954	35090	0	0
#48	PLAYER_CREATE_CHARACTER	2	52	0.000001	0.000000	2	0	623	0
#52	PLAYER_SHIFT_ROOM	897	3588	0.000157	0.000000	9	0	63	96
#55	PLAYER_GET_BIOGRAPHY	43	172	0.000001	0.000000	43	0	3139	0
#56	PLAYER_SET_BIOGRAPHY	2	72	0.000000	0.000000	2	0	32	0
#57	PLAYER_GET_DESCRIPTION	72	288	0.000004	0.000000	72	0	19790	0
#58	PLAYER_GET_EXTENDED_PROPS	61	244	0.000003	0.000000	61	0	21572	0
#59	PLAYER_SET_HEAD_DATA	2	40	0.000000	0.000000	2	0	32	0
#61	PLAYER_WHO	0	0	0	0	2	150	0	0
#69	COMBAT_EXIT	383	0	0.000012	0.000000	789	7680	6128	0
#71	GET_SHOP_INFO	21	84	0.000003	0.000000	21	0	62573	0
#74	SHOP_SELL	2	16	0.000001	0.000000	2	0	32	0
#75	SHOP_GET_PRICE	2	16	0.000000	0.000000	2	0	32	0
#78	MONEY_GIVE	3	36	0.000002	0.000001	3	0	48	0
#79	MONEY_TAKE	114	456	0.000011	0.000000	114	0	1824	0
#80	CAST_SPELL	517	8272	0.000074	0.000000	515	0	8224	16
#81	PLAYER_INFO	0	0	0	0	133	5195	0	0
#84	FATAL_DATA	2	296	0.000001	0.000000	2	0	32	0
#87	GROUP_JOIN	9	36	0.000000	0.000000	28	432	469	0
#88	GROUP_LEAVE	1	0	0.000000	0.000000	12	143	16	0
#90	OLD_SECURITY	9	72	0.000000	0.000000	9	586	0	0
#92	GET_POSN	39	156	0.000001	0.000000	39	0	1014	0
#94	GET_HOUSE	3	40	0.000000	0.000000	3	0	0	48
#95	GET_ENTRY_INFO	160	640	0.000005	0.000000	160	0	4650	160
#98	LOGIN_UPDATE	0	0	0	0	48	528	0	0
#104	TREE_GET	2	8	0.000000	0.000000	2	0	318	0
#112	COMBAT_ACTION	998	12980	0.000022	0.000000	0	0	0	0
#115	SET_ENGRAVE_NAME	1	12	0.000000	0.000000	0	0	0	0
#116	GET_LOOK_INFO	22	88	0.000002	0.000000	22	0	6401	0
#126	MASS_SELL	6	224	0.000001	0.000000	6	0	414	0
#127	MASS_BUY	11	388	0.000002	0.000000	11	0	1446	0
#128	GET_SELL_PRICES	7	28	0.000000	0.000000	7	0	1543	0
#130	PLAYER_CHARACTER_LOGIN	39	156	0.000006	0.000000	39	0	1672	0
#131	GET_REPAIR_PRICES	3	12	0.000000	0.000000	3	0	187	0
#132	MASS_REPAIR	2	60	0.000000	0.000000	2	0	32	0
#135	MAIL_LIST_GET	0	0	0	0	39	0	556	480
#137	MAIL_MESSAGE_DELETE	1	4	0.000000	0.000000	1	0	21	0
#145		1259	35408	0.000023	0.000000	0	0	0	0
#150	VERB_GET	145	2400	0.000064	0.000000	145	0	2320	0
#151	VERB_DROP	39	480	0.000003	0.000000	39	0	624	0
#152	VERB_PUT_IN	31	380	0.000002	0.000000	31	0	496	0
#153	VERB_PUT_ON	60	720	0.000005	0.000000	60	0	816	144
#154	VERB_TAKE_OFF	33	396	0.000003	0.000000	33	0	528	0
#155	VERB_OPEN	118	2336	0.000007	0.000000	118	0	1696	192
#158	VERB_UNLOCK	7	184	0.000001	0.000000	7	0	112	0
#160	VERB_ENGAGE	235	3824	0.000024	0.000000	235	0	3680	80
#161	VERB_CONSUME	14	168	0.000002	0.000000	14	0	224	0
#162	VERB_SIT	3	36	0.000000	0.000000	3	0	48	0
#164	VERB_GIVE	13	212	0.000009	0.000001	13	0	192	16
#165	VERB_MEMORIZE	49	588	0.000005	0.000000	49	0	688	96
#180	NPC_PULSE	7097	0	0.079884	0.000011	0	0	0	0
#182	COMBAT_PULSE	7097	0	0.000374	0.000000	0	0	0	0
#184	PROCESS_AFFECT_PULSE	118	0	0.010144	0.000086	0	0	0	0
#185	CHAR_DOIT_PULSE	7	0	0.000000	0.000000	0	0	0	0
#186	HEAL_PULSE	59	0	0.000004	0.000000	0	0	0	0
#188	MONSTER_PULSE	59	0	0.000077	0.000001	0	0	0	0
#189	MAINTENANCE_PULSE	59	0	0.000000	0.000000	0	0	0	0
#193	TOSS_DEAD_HOUSES	236	0	0.000024	0.000000	0	0	0	0
#194	DUNGEON_QUEUE_PULSE	473	0	0.000131	0.000000	0	0	0	0
#196	AMBUSH_PULSE	1419	0	0.000075	0.000000	0	0	0	0
#197		118	0	0.000365	0.000003	0	0	0	0
#210	DATAMGR_LOG_PERMANENT	0	0	0	0	15	539	0	0
#211	DATAMGR_LOGIN	48	246476	0.000102	0.000002	48	1477	0	0
#212	DATAMGR_LOGOUT	0	0	0	0	31	155	0	0
#213	DATAMGR_NEW_CHAR	2	40	0.000001	0.000001	2	2562	0	0
#214	DATAMGR_SAVE_CHAR	0	0	0	0	1382	6630898	0	0
#221	DATAMGR_NEW_HOUSE	0	0	0	0	2	4308	0	0
#222	DATAMGR_WRITE_HOUSE	0	0	0	0	248	1222972	0	0
#224	DATAMGR_GET_HOUSE	26	164184	0.000072	0.000003	26	488	0	0
#225	DATAMGR_HELLO	0	0	0	0	1	3	0	0
#232		0	0	0	0	1	28	0	0
#233		40	684	0.000001	0.000000	40	404	0	0
#236		39	1712	0.000001	0.000000	1390	42924	0	0

	Total)	30155	651544	0.091988	0.000003	54562	12446689	267443	1472

Slowest Msg #184 took  0.000111 seconds.
Total process time =  124.340194
Total run time =           7098