Msg#	Message	Count	Inbound	Total_Time	Average_Time	Count	Outbound	Acked	Naked
#1	CLIENT_CONNECTED	601	0	0.000029	0.000000	0	0	0	0
#2	CLIENT_HUNG_UP	595	0	0.000855	0.000001	0	0	0	0
#14	PLAYER_CHECK_LOGIN	621	14932	0.000029	0.000000	621	16757	0	0
#15	SECURITY	582	0	0.000001	0.000000	0	0	0	0
#16	INN_LOGIN	582	6984	0.000011	0.000000	0	0	0	0
#17	SERVER_PING	90895	363580	0.001434	0.000000	90895	0	1454320	0
#18	PLAYER_QUERY_CHARACTERS	582	0	0.000171	0.000000	582	1358355	0	0
#21	PLAYER_LOGIN	0	0	0	0	582	0	9312	0
#22	PLAYER_LOGOUT	137	0	0.000000	0.000000	0	0	0	0
#24	PLAYER_SYSTEM_MSG	0	0	0	0	335	50477	0	0
#25	PLAYER_ACK	0	0	0	0	402804	10327400	0	0
#26	PLAYER_NAK	0	0	0	0	2751	44016	0	0
#32	PLAYER_CHANGE_ROOM	11134	133608	0.005405	0.000000	487	0	0	7792
#33	PLAYER_NEW_ROOM	0	0	0	0	41216	66852063	0	0
#37	PLAYER_ROOM_CHAT	4775	92356	0.000884	0.000000	0	0	0	0
#38	PLAYER_TEXT	0	0	0	0	74320	4287011	0	0
#41	PLAYER_MOVIE	211950	5359332	0.005461	0.000000	211836	0	3389376	0
#42	PLAYER_MOVIE_DATA	0	0	0	0	1924262	187790302	0	0
#45	PLAYER_DESTROY_OBJECT	0	0	0	0	157763	2861659	0	0
#48	PLAYER_CREATE_CHARACTER	20	488	0.000006	0.000000	20	0	5184	48
#49	PLAYER_DESTROY_CHARACTER	2	8	0.000001	0.000000	2	0	32	0
#52	PLAYER_SHIFT_ROOM	30627	122508	0.010375	0.000000	199	0	2982	912
#55	PLAYER_GET_BIOGRAPHY	1324	5296	0.000030	0.000000	1324	0	100724	0
#56	PLAYER_SET_BIOGRAPHY	17	1020	0.000003	0.000000	17	0	272	0
#57	PLAYER_GET_DESCRIPTION	2822	11288	0.000215	0.000000	2822	0	1121118	0
#58	PLAYER_GET_EXTENDED_PROPS	1221	4884	0.000095	0.000000	1221	0	406313	0
#59	PLAYER_SET_HEAD_DATA	17	340	0.000002	0.000000	17	0	272	0
#61	PLAYER_WHO	0	0	0	0	95	15069	0	0
#69	COMBAT_EXIT	17256	0	0.000630	0.000000	35115	377250	276096	0
#71	GET_SHOP_INFO	402	1608	0.000090	0.000000	402	0	1800217	0
#73	SHOP_EXAMINE	62	496	0.000005	0.000000	62	0	16787	0
#74	SHOP_SELL	91	728	0.000158	0.000002	91	0	1456	0
#75	SHOP_GET_PRICE	95	760	0.000007	0.000000	95	0	1520	0
#76	MONEY_DROP	5	40	0.000001	0.000000	5	0	80	0
#77	MONEY_PUT	1	12	0.000000	0.000000	1	0	16	0
#78	MONEY_GIVE	50	600	0.000061	0.000001	50	0	752	48
#79	MONEY_TAKE	6913	27652	0.000973	0.000000	6913	0	110384	224
#80	CAST_SPELL	11132	178112	0.002419	0.000000	11132	0	177712	400
#81	PLAYER_INFO	0	0	0	0	20328	754286	0	0
#84	FATAL_DATA	65	28324	0.000025	0.000000	65	0	1040	0
#87	GROUP_JOIN	278	1112	0.000010	0.000000	953	16302	16243	224
#88	GROUP_LEAVE	29	0	0.000001	0.000000	638	7917	464	0
#90	OLD_SECURITY	262	2096	0.000009	0.000000	267	17595	0	0
#92	GET_POSN	558	2232	0.000018	0.000000	558	0	14508	0
#93	CHANGE_PASSWORD	1	24	0.000000	0.000000	1	0	0	16
#94	GET_HOUSE	239	3148	0.000013	0.000000	239	0	0	3824
#95	GET_ENTRY_INFO	1924	7696	0.000064	0.000000	1924	0	47151	6448
#98	LOGIN_UPDATE	0	0	0	0	619	6809	0	0
#101	SHOP_RECHARGE	11	88	0.000000	0.000000	11	0	176	0
#102	SHOP_GET_RECHARGE_PRICE	12	96	0.000000	0.000000	12	0	192	0
#104	TREE_GET	37	148	0.000002	0.000000	37	0	6764	0
#105	TREE_CHOOSE_TOPIC	37	148	0.000001	0.000000	37	0	6700	0
#106	TREE_GET_TEXT	2	8	0.000000	0.000000	2	0	213	0
#107	TREE_BACK	26	0	0.000001	0.000000	26	0	4623	0
#108	QUEST_ACCEPT	24	96	0.000001	0.000000	24	0	2423	0
#109	QUEST_DECLINE	1	4	0.000000	0.000000	1	0	31	0
#110	GET_QUEST_LIST	7	0	0.000000	0.000000	7	0	262	0
#112	COMBAT_ACTION	31604	328864	0.000589	0.000000	0	0	0	0
#114	WHATS_NEW	12	0	0.000000	0.000000	12	176912	0	0
#115	SET_ENGRAVE_NAME	123	1828	0.000002	0.000000	0	0	0	0
#116	GET_LOOK_INFO	663	2652	0.000109	0.000000	663	0	204077	0
#123	GET_REPAIR_PRICE	1	8	0.000000	0.000000	1	0	0	16
#126	MASS_SELL	372	42708	0.000527	0.000001	372	0	84292	0
#127	MASS_BUY	288	10928	0.000058	0.000000	277	0	49645	0
#128	GET_SELL_PRICES	440	1760	0.000046	0.000000	440	0	123957	48
#130	PLAYER_CHARACTER_LOGIN	558	2232	0.000215	0.000000	558	0	29586	0
#131	GET_REPAIR_PRICES	317	1268	0.000022	0.000000	317	0	14257	1216
#132	MASS_REPAIR	240	6964	0.000009	0.000000	240	0	3840	0
#135	MAIL_LIST_GET	0	0	0	0	558	0	815	8752
#145		26842	769108	0.000522	0.000000	0	0	0	0
#150	VERB_GET	30582	466360	0.027101	0.000001	30582	0	484304	5008
#151	VERB_DROP	1162	14084	0.000162	0.000000	1162	0	18464	128
#152	VERB_PUT_IN	3141	43248	0.000474	0.000000	3141	0	49568	688
#153	VERB_PUT_ON	2049	24636	0.000281	0.000000	2049	0	29392	3392
#154	VERB_TAKE_OFF	1514	18224	0.000224	0.000000	1514	0	24160	64
#155	VERB_OPEN	2554	47900	0.000387	0.000000	2554	0	39712	1152
#156	VERB_CLOSE	151	2036	0.000014	0.000000	151	0	2416	0
#158	VERB_UNLOCK	1215	28904	0.000127	0.000000	1215	0	18944	496
#160	VERB_ENGAGE	8375	135144	0.001011	0.000000	8375	0	132688	1312
#161	VERB_CONSUME	259	3116	0.000042	0.000000	259	0	4144	0
#162	VERB_SIT	31	372	0.000001	0.000000	31	0	496	0
#163	VERB_STAND	12	144	0.000000	0.000000	12	0	192	0
#164	VERB_GIVE	974	15632	0.001205	0.000001	974	0	15328	256
#165	VERB_MEMORIZE	1280	15380	0.000155	0.000000	1280	0	18944	1536
#166	VERB_ROB	5	76	0.000001	0.000000	5	0	80	0
#167	VERB_USE	102	1224	0.000019	0.000000	102	0	1632	0
#169	VERB_DYE	48	576	0.000009	0.000000	48	0	752	16
#180	NPC_PULSE	401263	0	0.482510	0.000001	0	0	0	0
#182	COMBAT_PULSE	401263	0	0.021468	0.000000	0	0	0	0
#184	PROCESS_AFFECT_PULSE	6687	0	0.641704	0.000096	0	0	0	0
#185	CHAR_DOIT_PULSE	445	0	0.000020	0.000000	0	0	0	0
#186	HEAL_PULSE	3343	0	0.000335	0.000000	0	0	0	0
#188	MONSTER_PULSE	3343	0	0.005339	0.000002	0	0	0	0
#189	MAINTENANCE_PULSE	3343	0	0.000002	0.000000	0	0	0	0
#193	TOSS_DEAD_HOUSES	13375	0	0.001957	0.000000	0	0	0	0
#194	DUNGEON_QUEUE_PULSE	26750	0	0.010284	0.000000	0	0	0	0
#196	AMBUSH_PULSE	80252	0	0.003859	0.000000	0	0	0	0
#197		6687	0	0.058160	0.000009	0	0	0	0
#210	DATAMGR_LOG_PERMANENT	0	0	0	0	224	9433	0	0
#211	DATAMGR_LOGIN	619	5924456	0.003250	0.000005	619	19028	0	0
#212	DATAMGR_LOGOUT	0	0	0	0	576	2880	0	0
#213	DATAMGR_NEW_CHAR	17	340	0.000012	0.000001	17	20860	0	0
#214	DATAMGR_SAVE_CHAR	0	0	0	0	114439	1008276538	0	0
#215	DATAMGR_DEL_CHAR	0	0	0	0	2	18	0	0
#221	DATAMGR_NEW_HOUSE	0	0	0	0	17	36777	0	0
#222	DATAMGR_WRITE_HOUSE	0	0	0	0	29742	542006091	0	0
#224	DATAMGR_GET_HOUSE	680	12972656	0.006220	0.000009	680	13651	0	0
#225	DATAMGR_HELLO	0	0	0	0	1	3	0	0
#231		12	176664	0.000001	0.000000	12	60	0	0
#232		0	0	0	0	122	3991	0	0
#233		558	5060	0.000005	0.000000	558	5580	0	0
#234		0	0	0	0	15	135	0	0
#236		568	33760	0.000029	0.000000	69690	2190411	0	0
#253		0	0	0	0	1	5	0	0
#254	CLIENT_HACKED_MSG	1	8	0.000000	0.000000	0	0	0	0

	Total)	1462144	27470172	1.297963	0.000001	3267393	1827545641	10327400	44016

Slowest Msg #184 took  0.000181 seconds.
Total process time = -1068.500899
Total run time =         401263