Msg#	Message	Count	Inbound	Total_Time	Average_Time	Count	Outbound	Acked	Naked
#1	CLIENT_CONNECTED	4	0	0.000000	0.000000	0	0	0	0
#14	PLAYER_CHECK_LOGIN	4	100	0.000000	0.000000	4	84	0	0
#15	SECURITY	4	0	0.000000	0.000000	0	0	0	0
#16	INN_LOGIN	4	48	0.000000	0.000000	0	0	0	0
#17	SERVER_PING	41	164	0.000001	0.000000	41	0	656	0
#18	PLAYER_QUERY_CHARACTERS	4	0	0.000000	0.000000	4	6729	0	0
#21	PLAYER_LOGIN	0	0	0	0	4	0	64	0
#24	PLAYER_SYSTEM_MSG	0	0	0	0	2	238	0	0
#25	PLAYER_ACK	0	0	0	0	764	15259	0	0
#26	PLAYER_NAK	0	0	0	0	5	80	0	0
#32	PLAYER_CHANGE_ROOM	15	180	0.000002	0.000000	0	0	0	0
#33	PLAYER_NEW_ROOM	0	0	0	0	171	139747	0	0
#37	PLAYER_ROOM_CHAT	58	1188	0.000007	0.000000	0	0	0	0
#38	PLAYER_TEXT	0	0	0	0	188	10534	0	0
#41	PLAYER_MOVIE	610	16840	0.000013	0.000000	610	0	9760	0
#42	PLAYER_MOVIE_DATA	0	0	0	0	1197	105939	0	0
#45	PLAYER_DESTROY_OBJECT	0	0	0	0	119	2215	0	0
#52	PLAYER_SHIFT_ROOM	156	624	0.000020	0.000000	2	0	42	0
#58	PLAYER_GET_EXTENDED_PROPS	4	16	0.000000	0.000000	4	0	1420	0
#69	COMBAT_EXIT	15	0	0.000000	0.000000	31	340	240	0
#71	GET_SHOP_INFO	1	4	0.000000	0.000000	1	0	1198	0
#79	MONEY_TAKE	19	76	0.000002	0.000000	19	0	304	0
#80	CAST_SPELL	8	128	0.000001	0.000000	8	0	128	0
#81	PLAYER_INFO	0	0	0	0	26	882	0	0
#92	GET_POSN	4	16	0.000000	0.000000	4	0	104	0
#95	GET_ENTRY_INFO	4	16	0.000000	0.000000	4	0	93	16
#98	LOGIN_UPDATE	0	0	0	0	4	44	0	0
#112	COMBAT_ACTION	30	396	0.000001	0.000000	0	0	0	0
#114	WHATS_NEW	1	0	0.000000	0.000000	1	13483	0	0
#126	MASS_SELL	1	20	0.000001	0.000001	1	0	37	0
#127	MASS_BUY	1	16	0.000000	0.000000	1	0	67	0
#128	GET_SELL_PRICES	1	4	0.000000	0.000000	1	0	81	0
#130	PLAYER_CHARACTER_LOGIN	4	16	0.000001	0.000000	4	0	290	0
#135	MAIL_LIST_GET	0	0	0	0	4	0	55	48
#145		32	1664	0.000001	0.000000	0	0	0	0
#150	VERB_GET	17	272	0.000007	0.000000	17	0	272	0
#153	VERB_PUT_ON	3	36	0.000000	0.000000	3	0	48	0
#154	VERB_TAKE_OFF	4	56	0.000000	0.000000	4	0	64	0
#155	VERB_OPEN	4	80	0.000000	0.000000	4	0	48	16
#158	VERB_UNLOCK	1	24	0.000000	0.000000	1	0	16	0
#160	VERB_ENGAGE	15	240	0.000002	0.000000	15	0	240	0
#167	VERB_USE	2	24	0.000001	0.000000	2	0	32	0
#180	NPC_PULSE	1144	0	0.010430	0.000009	0	0	0	0
#182	COMBAT_PULSE	1144	0	0.000020	0.000000	0	0	0	0
#184	PROCESS_AFFECT_PULSE	19	0	0.001377	0.000072	0	0	0	0
#185	CHAR_DOIT_PULSE	1	0	0.000000	0.000000	0	0	0	0
#186	HEAL_PULSE	9	0	0.000000	0.000000	0	0	0	0
#188	MONSTER_PULSE	9	0	0.000002	0.000000	0	0	0	0
#189	MAINTENANCE_PULSE	9	0	0.000000	0.000000	0	0	0	0
#193	TOSS_DEAD_HOUSES	38	0	0.000000	0.000000	0	0	0	0
#194	DUNGEON_QUEUE_PULSE	76	0	0.000024	0.000000	0	0	0	0
#196	AMBUSH_PULSE	228	0	0.000010	0.000000	0	0	0	0
#197		19	0	0.000012	0.000001	0	0	0	0
#210	DATAMGR_LOG_PERMANENT	0	0	0	0	2	95	0	0
#211	DATAMGR_LOGIN	4	30732	0.000011	0.000003	4	127	0	0
#214	DATAMGR_SAVE_CHAR	0	0	0	0	56	384241	0	0
#225	DATAMGR_HELLO	0	0	0	0	1	3	0	0
#231		1	13464	0.000000	0.000000	1	5	0	0
#233		4	68	0.000000	0.000000	4	40	0	0
#236		4	440	0.000000	0.000000	72	2912	0	0

	Total)	3780	66952	0.011947	0.000003	3410	682997	15259	80

Slowest Msg #184 took  0.000091 seconds.
Total process time =  17.169428
Total run time =           1145