Msg#	Message	Count	Inbound	Total_Time	Average_Time	Count	Outbound	Acked	Naked
#1	CLIENT_CONNECTED	25	0	0.000001	0.000000	0	0	0	0
#2	CLIENT_HUNG_UP	22	0	0.000025	0.000001	0	0	0	0
#14	PLAYER_CHECK_LOGIN	23	488	0.000001	0.000000	23	483	0	0
#15	SECURITY	23	0	0.000000	0.000000	0	0	0	0
#16	INN_LOGIN	23	276	0.000000	0.000000	0	0	0	0
#17	SERVER_PING	836	3344	0.000015	0.000000	836	0	13376	0
#18	PLAYER_QUERY_CHARACTERS	23	0	0.000004	0.000000	23	57021	0	0
#21	PLAYER_LOGIN	0	0	0	0	23	0	368	0
#22	PLAYER_LOGOUT	7	0	0.000000	0.000000	0	0	0	0
#24	PLAYER_SYSTEM_MSG	0	0	0	0	13	1741	0	0
#25	PLAYER_ACK	0	0	0	0	5090	131289	0	0
#26	PLAYER_NAK	0	0	0	0	47	752	0	0
#32	PLAYER_CHANGE_ROOM	118	1416	0.000059	0.000001	0	0	0	0
#33	PLAYER_NEW_ROOM	0	0	0	0	480	835816	0	0
#37	PLAYER_ROOM_CHAT	334	6816	0.000059	0.000000	0	0	0	0
#38	PLAYER_TEXT	0	0	0	0	1396	82330	0	0
#41	PLAYER_MOVIE	2769	68520	0.000077	0.000000	2763	0	44208	0
#42	PLAYER_MOVIE_DATA	0	0	0	0	16261	2753513	0	0
#45	PLAYER_DESTROY_OBJECT	0	0	0	0	2168	40892	0	0
#52	PLAYER_SHIFT_ROOM	362	1448	0.000094	0.000000	1	0	21	0
#55	PLAYER_GET_BIOGRAPHY	44	176	0.000001	0.000000	44	0	3932	0
#57	PLAYER_GET_DESCRIPTION	49	196	0.000004	0.000000	49	0	19821	0
#58	PLAYER_GET_EXTENDED_PROPS	45	180	0.000003	0.000000	45	0	15367	0
#61	PLAYER_WHO	0	0	0	0	22	1149	0	0
#69	COMBAT_EXIT	199	0	0.000007	0.000000	407	4444	3184	0
#71	GET_SHOP_INFO	1	4	0.000000	0.000000	1	0	2080	0
#78	MONEY_GIVE	2	24	0.000002	0.000001	2	0	32	0
#79	MONEY_TAKE	94	376	0.000014	0.000000	94	0	1504	0
#80	CAST_SPELL	126	2016	0.000025	0.000000	126	0	2016	0
#81	PLAYER_INFO	0	0	0	0	215	7872	0	0
#84	FATAL_DATA	1	508	0.000001	0.000001	1	0	16	0
#87	GROUP_JOIN	3	12	0.000000	0.000000	9	121	124	0
#88	GROUP_LEAVE	0	0	0	0	4	52	0	0
#90	OLD_SECURITY	3	24	0.000000	0.000000	3	188	0	0
#92	GET_POSN	23	92	0.000001	0.000000	23	0	598	0
#94	GET_HOUSE	3	40	0.000000	0.000000	3	0	0	48
#95	GET_ENTRY_INFO	30	120	0.000001	0.000000	30	0	682	128
#98	LOGIN_UPDATE	0	0	0	0	23	253	0	0
#112	COMBAT_ACTION	392	4136	0.000010	0.000000	0	0	0	0
#114	WHATS_NEW	1	0	0.000000	0.000000	1	12833	0	0
#116	GET_LOOK_INFO	22	88	0.000004	0.000000	22	0	6876	0
#126	MASS_SELL	9	420	0.000017	0.000002	9	0	813	0
#128	GET_SELL_PRICES	10	40	0.000001	0.000000	10	0	2050	0
#129	CREATE_CHANNEL	2	32	0.000000	0.000000	2	0	38	0
#130	PLAYER_CHARACTER_LOGIN	23	92	0.000008	0.000000	23	0	1315	0
#131	GET_REPAIR_PRICES	4	16	0.000000	0.000000	4	0	260	0
#132	MASS_REPAIR	4	128	0.000000	0.000000	4	0	64	0
#135	MAIL_LIST_GET	0	0	0	0	23	0	0	368
#145		361	12372	0.000008	0.000000	0	0	0	0
#150	VERB_GET	467	7780	0.000526	0.000001	467	0	7472	0
#151	VERB_DROP	18	216	0.000002	0.000000	18	0	288	0
#152	VERB_PUT_IN	9	132	0.000001	0.000000	9	0	144	0
#153	VERB_PUT_ON	36	432	0.000005	0.000000	36	0	544	32
#154	VERB_TAKE_OFF	33	396	0.000004	0.000000	33	0	528	0
#155	VERB_OPEN	45	876	0.000012	0.000000	45	0	608	112
#158	VERB_UNLOCK	6	116	0.000001	0.000000	6	0	96	0
#160	VERB_ENGAGE	155	2532	0.000026	0.000000	155	0	2464	16
#162	VERB_SIT	6	72	0.000000	0.000000	6	0	96	0
#163	VERB_STAND	3	36	0.000000	0.000000	3	0	48	0
#164	VERB_GIVE	11	164	0.000012	0.000001	11	0	160	16
#165	VERB_MEMORIZE	2	24	0.000000	0.000000	2	0	32	0
#167	VERB_USE	3	36	0.000001	0.000000	3	0	48	0
#169	VERB_DYE	3	44	0.000000	0.000000	3	0	16	32
#180	NPC_PULSE	8832	0	0.111839	0.000013	0	0	0	0
#182	COMBAT_PULSE	8832	0	0.000474	0.000000	0	0	0	0
#184	PROCESS_AFFECT_PULSE	147	0	0.014057	0.000096	0	0	0	0
#185	CHAR_DOIT_PULSE	9	0	0.000000	0.000000	0	0	0	0
#186	HEAL_PULSE	73	0	0.000006	0.000000	0	0	0	0
#188	MONSTER_PULSE	73	0	0.000087	0.000001	0	0	0	0
#189	MAINTENANCE_PULSE	73	0	0.000000	0.000000	0	0	0	0
#193	TOSS_DEAD_HOUSES	294	0	0.000057	0.000000	0	0	0	0
#194	DUNGEON_QUEUE_PULSE	588	0	0.000253	0.000000	0	0	0	0
#196	AMBUSH_PULSE	1766	0	0.000106	0.000000	0	0	0	0
#197		147	0	0.000647	0.000004	0	0	0	0
#210	DATAMGR_LOG_PERMANENT	0	0	0	0	12	434	0	0
#211	DATAMGR_LOGIN	23	237700	0.000111	0.000005	23	646	0	0
#212	DATAMGR_LOGOUT	0	0	0	0	20	100	0	0
#214	DATAMGR_SAVE_CHAR	0	0	0	0	1286	17356394	0	0
#222	DATAMGR_WRITE_HOUSE	0	0	0	0	91	4491686	0	0
#224	DATAMGR_GET_HOUSE	11	458304	0.000170	0.000015	11	208	0	0
#225	DATAMGR_HELLO	0	0	0	0	1	3	0	0
#231		1	12816	0.000000	0.000000	1	5	0	0
#233		23	184	0.000000	0.000000	23	230	0	0
#236		23	1548	0.000001	0.000000	1473	46502	0	0

	Total)	27728	826808	0.128843	0.000005	34061	25826957	131289	752

Slowest Msg #184 took  0.000140 seconds.
Total process time =  187.230141
Total run time =           8833