Msg#	Message	Count	Inbound	Total_Time	Average_Time	Count	Outbound	Acked	Naked
#1	CLIENT_CONNECTED	68	0	0.000002	0.000000	0	0	0	0
#2	CLIENT_HUNG_UP	59	0	0.000041	0.000001	0	0	0	0
#14	PLAYER_CHECK_LOGIN	76	1968	0.000003	0.000000	75	2625	0	0
#15	SECURITY	64	0	0.000000	0.000000	0	0	0	0
#16	INN_LOGIN	64	768	0.000001	0.000000	0	0	0	0
#17	SERVER_PING	3809	15236	0.000068	0.000000	3809	0	60944	0
#18	PLAYER_QUERY_CHARACTERS	64	0	0.000010	0.000000	64	115675	0	0
#21	PLAYER_LOGIN	0	0	0	0	64	0	1024	0
#22	PLAYER_LOGOUT	24	0	0.000000	0.000000	0	0	0	0
#24	PLAYER_SYSTEM_MSG	0	0	0	0	77	8603	0	0
#25	PLAYER_ACK	0	0	0	0	18081	389773	0	0
#26	PLAYER_NAK	0	0	0	0	257	4112	0	0
#32	PLAYER_CHANGE_ROOM	563	6756	0.000092	0.000000	19	0	0	304
#33	PLAYER_NEW_ROOM	0	0	0	0	1753	1776264	0	0
#37	PLAYER_ROOM_CHAT	1153	32444	0.000197	0.000000	0	0	0	0
#38	PLAYER_TEXT	0	0	0	0	7797	487481	0	0
#41	PLAYER_MOVIE	10517	253640	0.000247	0.000000	10517	0	168272	0
#42	PLAYER_MOVIE_DATA	0	0	0	0	53571	7622988	0	0
#45	PLAYER_DESTROY_OBJECT	0	0	0	0	5024	89308	0	0
#48	PLAYER_CREATE_CHARACTER	1	24	0.000000	0.000000	1	0	280	0
#52	PLAYER_SHIFT_ROOM	1214	4856	0.000205	0.000000	14	0	189	80
#55	PLAYER_GET_BIOGRAPHY	40	160	0.000001	0.000000	40	0	2920	0
#56	PLAYER_SET_BIOGRAPHY	1	60	0.000000	0.000000	1	0	16	0
#57	PLAYER_GET_DESCRIPTION	44	176	0.000003	0.000000	44	0	14246	0
#58	PLAYER_GET_EXTENDED_PROPS	83	332	0.000003	0.000000	83	0	29297	0
#59	PLAYER_SET_HEAD_DATA	1	20	0.000000	0.000000	1	0	16	0
#61	PLAYER_WHO	0	0	0	0	24	1553	0	0
#69	COMBAT_EXIT	693	0	0.000020	0.000000	1474	15758	11088	0
#71	GET_SHOP_INFO	15	60	0.000001	0.000000	15	0	38850	0
#73	SHOP_EXAMINE	5	40	0.000000	0.000000	5	0	2230	0
#74	SHOP_SELL	6	48	0.000002	0.000000	6	0	96	0
#75	SHOP_GET_PRICE	6	48	0.000000	0.000000	6	0	96	0
#78	MONEY_GIVE	2	24	0.000002	0.000001	2	0	32	0
#79	MONEY_TAKE	131	524	0.000010	0.000000	131	0	1984	112
#80	CAST_SPELL	1050	16800	0.000157	0.000000	1050	0	16784	16
#81	PLAYER_INFO	0	0	0	0	126	5692	0	0
#84	FATAL_DATA	1	488	0.000001	0.000001	1	0	16	0
#87	GROUP_JOIN	27	108	0.000001	0.000000	55	715	735	64
#88	GROUP_LEAVE	8	0	0.000000	0.000000	37	377	112	16
#90	OLD_SECURITY	17	136	0.000001	0.000000	23	1428	0	0
#92	GET_POSN	63	252	0.000002	0.000000	63	0	1638	0
#94	GET_HOUSE	10	148	0.000000	0.000000	10	0	0	160
#95	GET_ENTRY_INFO	333	1332	0.000010	0.000000	333	0	6138	2160
#98	LOGIN_UPDATE	0	0	0	0	75	825	0	0
#103	SET_TITLE	2	32	0.000001	0.000001	2	0	32	0
#110	GET_QUEST_LIST	1	0	0.000000	0.000000	1	0	53	0
#112	COMBAT_ACTION	2685	23400	0.000044	0.000000	0	0	0	0
#115	SET_ENGRAVE_NAME	1	16	0.000000	0.000000	0	0	0	0
#116	GET_LOOK_INFO	20	80	0.000002	0.000000	20	0	6360	0
#126	MASS_SELL	3	84	0.000002	0.000001	3	0	159	0
#127	MASS_BUY	12	432	0.000002	0.000000	12	0	1732	0
#128	GET_SELL_PRICES	3	12	0.000000	0.000000	3	0	267	0
#130	PLAYER_CHARACTER_LOGIN	63	252	0.000009	0.000000	63	0	2896	0
#131	GET_REPAIR_PRICES	5	20	0.000000	0.000000	5	0	397	0
#132	MASS_REPAIR	5	196	0.000000	0.000000	5	0	80	0
#135	MAIL_LIST_GET	0	0	0	0	63	0	1786	624
#145		1987	58424	0.000042	0.000000	0	0	0	0
#150	VERB_GET	463	6912	0.000200	0.000000	463	0	7328	80
#151	VERB_DROP	90	1100	0.000009	0.000000	90	0	1440	0
#152	VERB_PUT_IN	48	648	0.000004	0.000000	48	0	768	0
#153	VERB_PUT_ON	59	708	0.000005	0.000000	59	0	864	80
#154	VERB_TAKE_OFF	42	504	0.000003	0.000000	42	0	672	0
#155	VERB_OPEN	92	1740	0.000008	0.000000	92	0	1440	32
#156	VERB_CLOSE	8	136	0.000000	0.000000	8	0	128	0
#158	VERB_UNLOCK	13	400	0.000002	0.000000	13	0	208	0
#160	VERB_ENGAGE	305	4904	0.000027	0.000000	305	0	4816	64
#161	VERB_CONSUME	23	276	0.000004	0.000000	23	0	368	0
#162	VERB_SIT	2	24	0.000000	0.000000	2	0	32	0
#164	VERB_GIVE	7	112	0.000006	0.000001	7	0	112	0
#165	VERB_MEMORIZE	71	852	0.000005	0.000000	71	0	816	320
#167	VERB_USE	1	12	0.000000	0.000000	1	0	16	0
#180	NPC_PULSE	39220	0	0.418867	0.000011	0	0	0	0
#182	COMBAT_PULSE	39220	0	0.001581	0.000000	0	0	0	0
#184	PROCESS_AFFECT_PULSE	653	0	0.049521	0.000076	0	0	0	0
#185	CHAR_DOIT_PULSE	43	0	0.000001	0.000000	0	0	0	0
#186	HEAL_PULSE	326	0	0.000010	0.000000	0	0	0	0
#188	MONSTER_PULSE	326	0	0.000090	0.000000	0	0	0	0
#189	MAINTENANCE_PULSE	326	0	0.000000	0.000000	0	0	0	0
#193	TOSS_DEAD_HOUSES	1307	0	0.000048	0.000000	0	0	0	0
#194	DUNGEON_QUEUE_PULSE	2614	0	0.002779	0.000001	0	0	0	0
#196	AMBUSH_PULSE	7844	0	0.000242	0.000000	0	0	0	0
#197		653	0	0.001464	0.000002	0	0	0	0
#210	DATAMGR_LOG_PERMANENT	0	0	0	0	5	211	0	0
#211	DATAMGR_LOGIN	75	499604	0.000271	0.000004	75	2396	0	0
#212	DATAMGR_LOGOUT	0	0	0	0	55	275	0	0
#213	DATAMGR_NEW_CHAR	1	20	0.000000	0.000000	1	1092	0	0
#214	DATAMGR_SAVE_CHAR	0	0	0	0	4152	24437623	0	0
#221	DATAMGR_NEW_HOUSE	0	0	0	0	1	2155	0	0
#222	DATAMGR_WRITE_HOUSE	0	0	0	0	187	3019839	0	0
#224	DATAMGR_GET_HOUSE	30	429088	0.000280	0.000009	30	652	0	0
#225	DATAMGR_HELLO	0	0	0	0	1	3	0	0
#232		0	0	0	0	1	34	0	0
#233		63	1788	0.000001	0.000000	63	630	0	0
#236		63	3176	0.000002	0.000000	2991	93350	0	0

	Total)	118987	1371400	0.476613	0.000004	113691	38081437	389773	4112

Slowest Msg #184 took  0.000102 seconds.
Total process time =  689.610515
Total run time =          39222