Msg#	Message	Count	Inbound	Total_Time	Average_Time	Count	Outbound	Acked	Naked
#1	CLIENT_CONNECTED	29	0	0.000001	0.000000	0	0	0	0
#2	CLIENT_HUNG_UP	19	0	0.000015	0.000001	0	0	0	0
#14	PLAYER_CHECK_LOGIN	29	636	0.000001	0.000000	29	609	0	0
#15	SECURITY	29	0	0.000000	0.000000	0	0	0	0
#16	INN_LOGIN	29	348	0.000000	0.000000	0	0	0	0
#17	SERVER_PING	915	3660	0.000014	0.000000	915	0	14640	0
#18	PLAYER_QUERY_CHARACTERS	29	0	0.000004	0.000000	29	46977	0	0
#21	PLAYER_LOGIN	0	0	0	0	29	0	464	0
#22	PLAYER_LOGOUT	4	0	0.000000	0.000000	0	0	0	0
#24	PLAYER_SYSTEM_MSG	0	0	0	0	24	2912	0	0
#25	PLAYER_ACK	0	0	0	0	8679	165019	0	0
#26	PLAYER_NAK	0	0	0	0	79	1264	0	0
#32	PLAYER_CHANGE_ROOM	173	2076	0.000051	0.000000	7	0	0	112
#33	PLAYER_NEW_ROOM	0	0	0	0	924	1776867	0	0
#37	PLAYER_ROOM_CHAT	113	1084	0.000010	0.000000	0	0	0	0
#38	PLAYER_TEXT	0	0	0	0	710	36683	0	0
#41	PLAYER_MOVIE	5841	151524	0.000144	0.000000	5833	0	93328	0
#42	PLAYER_MOVIE_DATA	0	0	0	0	38227	10490070	0	0
#45	PLAYER_DESTROY_OBJECT	0	0	0	0	4563	83623	0	0
#48	PLAYER_CREATE_CHARACTER	1	20	0.000001	0.000001	1	0	279	0
#49	PLAYER_DESTROY_CHARACTER	1	4	0.000000	0.000000	1	0	16	0
#52	PLAYER_SHIFT_ROOM	766	3064	0.000179	0.000000	9	0	21	128
#55	PLAYER_GET_BIOGRAPHY	12	48	0.000000	0.000000	12	0	882	0
#56	PLAYER_SET_BIOGRAPHY	1	60	0.000000	0.000000	1	0	16	0
#57	PLAYER_GET_DESCRIPTION	28	112	0.000002	0.000000	28	0	7905	0
#58	PLAYER_GET_EXTENDED_PROPS	35	140	0.000002	0.000000	35	0	12413	0
#59	PLAYER_SET_HEAD_DATA	1	20	0.000000	0.000000	1	0	16	0
#61	PLAYER_WHO	0	0	0	0	2	123	0	0
#69	COMBAT_EXIT	460	0	0.000015	0.000000	929	9858	7360	0
#74	SHOP_SELL	1	8	0.000007	0.000007	1	0	16	0
#75	SHOP_GET_PRICE	1	8	0.000000	0.000000	1	0	16	0
#77	MONEY_PUT	2	24	0.000000	0.000000	2	0	32	0
#79	MONEY_TAKE	70	280	0.000009	0.000000	70	0	1040	80
#80	CAST_SPELL	325	5200	0.000054	0.000000	325	0	5120	80
#81	PLAYER_INFO	0	0	0	0	56	2532	0	0
#84	FATAL_DATA	6	2316	0.000002	0.000000	6	0	96	0
#87	GROUP_JOIN	24	96	0.000001	0.000000	94	1683	1783	32
#88	GROUP_LEAVE	3	0	0.000000	0.000000	70	871	48	0
#90	OLD_SECURITY	23	184	0.000001	0.000000	23	1721	0	0
#92	GET_POSN	28	112	0.000001	0.000000	28	0	728	0
#94	GET_HOUSE	1	12	0.000000	0.000000	1	0	0	16
#95	GET_ENTRY_INFO	49	196	0.000001	0.000000	49	0	1271	128
#98	LOGIN_UPDATE	0	0	0	0	29	319	0	0
#112	COMBAT_ACTION	1098	10472	0.000021	0.000000	0	0	0	0
#116	GET_LOOK_INFO	7	28	0.000001	0.000000	7	0	2021	0
#126	MASS_SELL	1	104	0.000004	0.000004	1	0	205	0
#128	GET_SELL_PRICES	1	4	0.000000	0.000000	1	0	233	0
#130	PLAYER_CHARACTER_LOGIN	28	112	0.000005	0.000000	28	0	1504	0
#131	GET_REPAIR_PRICES	1	4	0.000000	0.000000	1	0	89	0
#132	MASS_REPAIR	1	44	0.000000	0.000000	1	0	16	0
#135	MAIL_LIST_GET	0	0	0	0	28	0	165	400
#145		711	25536	0.000013	0.000000	0	0	0	0
#150	VERB_GET	557	9820	0.000507	0.000001	557	0	8912	0
#151	VERB_DROP	13	156	0.000001	0.000000	13	0	208	0
#153	VERB_PUT_ON	15	180	0.000002	0.000000	15	0	224	16
#154	VERB_TAKE_OFF	16	192	0.000001	0.000000	16	0	256	0
#155	VERB_OPEN	45	872	0.000007	0.000000	45	0	512	208
#156	VERB_CLOSE	1	12	0.000000	0.000000	1	0	16	0
#158	VERB_UNLOCK	13	336	0.000002	0.000000	13	0	144	64
#160	VERB_ENGAGE	125	2016	0.000026	0.000000	125	0	2000	0
#161	VERB_CONSUME	11	144	0.000002	0.000000	11	0	176	0
#164	VERB_GIVE	4	56	0.000004	0.000001	4	0	64	0
#165	VERB_MEMORIZE	2	24	0.000000	0.000000	2	0	32	0
#166	VERB_ROB	41	544	0.000005	0.000000	41	0	656	0
#167	VERB_USE	6	72	0.000001	0.000000	6	0	96	0
#180	NPC_PULSE	5277	0	0.058048	0.000011	0	0	0	0
#182	COMBAT_PULSE	5277	0	0.000809	0.000000	0	0	0	0
#184	PROCESS_AFFECT_PULSE	87	0	0.007357	0.000085	0	0	0	0
#185	CHAR_DOIT_PULSE	5	0	0.000000	0.000000	0	0	0	0
#186	HEAL_PULSE	43	0	0.000003	0.000000	0	0	0	0
#188	MONSTER_PULSE	43	0	0.000050	0.000001	0	0	0	0
#189	MAINTENANCE_PULSE	43	0	0.000000	0.000000	0	0	0	0
#193	TOSS_DEAD_HOUSES	175	0	0.000014	0.000000	0	0	0	0
#194	DUNGEON_QUEUE_PULSE	351	0	0.000183	0.000001	0	0	0	0
#196	AMBUSH_PULSE	1055	0	0.000056	0.000000	0	0	0	0
#197		87	0	0.000303	0.000003	0	0	0	0
#210	DATAMGR_LOG_PERMANENT	0	0	0	0	9	337	0	0
#211	DATAMGR_LOGIN	29	215160	0.000079	0.000003	29	840	0	0
#212	DATAMGR_LOGOUT	0	0	0	0	19	95	0	0
#213	DATAMGR_NEW_CHAR	1	20	0.000001	0.000001	1	1089	0	0
#214	DATAMGR_SAVE_CHAR	0	0	0	0	1438	14714208	0	0
#215	DATAMGR_DEL_CHAR	0	0	0	0	1	9	0	0
#221	DATAMGR_NEW_HOUSE	0	0	0	0	1	2145	0	0
#222	DATAMGR_WRITE_HOUSE	0	0	0	0	102	700795	0	0
#224	DATAMGR_GET_HOUSE	8	151068	0.000046	0.000006	8	139	0	0
#225	DATAMGR_HELLO	0	0	0	0	1	3	0	0
#233		28	332	0.000000	0.000000	28	280	0	0
#236		28	1664	0.000001	0.000000	1291	44292	0	0

	Total)	24282	590204	0.068068	0.000003	65666	28085363	165019	1264

Slowest Msg #184 took  0.000106 seconds.
Total process time =  92.152629
Total run time =           5278