Msg#	Message	Count	Inbound	Total_Time	Average_Time	Count	Outbound	Acked	Naked
#1	CLIENT_CONNECTED	1066	0	0.000058	0.000000	0	0	0	0
#2	CLIENT_HUNG_UP	1062	0	0.002654	0.000002	0	0	0	0
#14	PLAYER_CHECK_LOGIN	1099	25740	0.000072	0.000000	1099	30419	0	0
#15	SECURITY	1023	0	0.000002	0.000000	0	0	0	0
#16	INN_LOGIN	1023	12276	0.000024	0.000000	0	0	0	0
#17	SERVER_PING	123123	492492	0.002613	0.000000	123123	0	1969968	0
#18	PLAYER_QUERY_CHARACTERS	1023	0	0.000542	0.000001	1023	3829786	0	0
#21	PLAYER_LOGIN	0	0	0	0	1023	0	16368	0
#22	PLAYER_LOGOUT	141	0	0.000001	0.000000	0	0	0	0
#24	PLAYER_SYSTEM_MSG	0	0	0	0	978	93941	0	0
#25	PLAYER_ACK	0	0	0	0	1199651	23797949	0	0
#26	PLAYER_NAK	0	0	0	0	50263	804208	0	0
#32	PLAYER_CHANGE_ROOM	101186	1214232	0.052018	0.000001	294	0	0	4704
#33	PLAYER_NEW_ROOM	0	0	0	0	152170	182032919	0	0
#37	PLAYER_ROOM_CHAT	5592	99212	0.001250	0.000000	0	0	0	0
#38	PLAYER_TEXT	0	0	0	0	107500	6251230	0	0
#41	PLAYER_MOVIE	821195	19352836	0.030733	0.000000	821101	0	13137616	0
#42	PLAYER_MOVIE_DATA	0	0	0	0	2911940	422427323	0	0
#45	PLAYER_DESTROY_OBJECT	0	0	0	0	366510	6628334	0	0
#48	PLAYER_CREATE_CHARACTER	17	408	0.000010	0.000001	17	0	5695	0
#49	PLAYER_DESTROY_CHARACTER	5	20	0.000003	0.000001	5	0	80	0
#52	PLAYER_SHIFT_ROOM	51419	205676	0.028169	0.000001	348	0	4347	2256
#55	PLAYER_GET_BIOGRAPHY	1813	7252	0.000054	0.000000	1813	0	125985	0
#56	PLAYER_SET_BIOGRAPHY	17	992	0.000004	0.000000	17	0	272	0
#57	PLAYER_GET_DESCRIPTION	2545	10180	0.000350	0.000000	2545	0	1057594	0
#58	PLAYER_GET_EXTENDED_PROPS	1901	7604	0.000214	0.000000	1901	0	658020	0
#59	PLAYER_SET_HEAD_DATA	17	340	0.000004	0.000000	17	0	272	0
#61	PLAYER_WHO	0	0	0	0	212	12679	0	0
#69	COMBAT_EXIT	66856	0	0.003045	0.000000	134175	1572846	1069696	0
#71	GET_SHOP_INFO	353	1412	0.000075	0.000000	353	0	1327464	0
#73	SHOP_EXAMINE	40	320	0.000006	0.000000	40	0	10852	0
#74	SHOP_SELL	51	408	0.000077	0.000002	51	0	816	0
#75	SHOP_GET_PRICE	53	424	0.000004	0.000000	53	0	848	0
#76	MONEY_DROP	15	120	0.000003	0.000000	15	0	240	0
#77	MONEY_PUT	4	48	0.000001	0.000000	4	0	64	0
#78	MONEY_GIVE	19	228	0.000046	0.000002	19	0	272	32
#79	MONEY_TAKE	6975	27900	0.001347	0.000000	6975	0	111152	448
#80	CAST_SPELL	14058	224928	0.004948	0.000000	14058	0	224608	320
#81	PLAYER_INFO	0	0	0	0	17058	598754	0	0
#84	FATAL_DATA	265	99336	0.000166	0.000001	265	0	4240	0
#87	GROUP_JOIN	237	948	0.000015	0.000000	710	11008	11802	208
#88	GROUP_LEAVE	16	0	0.000001	0.000000	497	6253	256	0
#90	OLD_SECURITY	223	1784	0.000011	0.000000	224	14614	0	0
#92	GET_POSN	978	3912	0.000045	0.000000	978	0	25428	0
#94	GET_HOUSE	284	3524	0.000018	0.000000	284	0	0	4544
#95	GET_ENTRY_INFO	94924	379696	0.004213	0.000000	94924	0	1482885	753424
#98	LOGIN_UPDATE	0	0	0	0	1089	11979	0	0
#101	SHOP_RECHARGE	5	40	0.000000	0.000000	5	0	80	0
#102	SHOP_GET_RECHARGE_PRICE	7	56	0.000000	0.000000	7	0	112	0
#103	SET_TITLE	7	112	0.000009	0.000001	7	0	64	48
#104	TREE_GET	67	268	0.000006	0.000000	67	0	12019	32
#105	TREE_CHOOSE_TOPIC	77	308	0.000003	0.000000	77	0	13874	0
#106	TREE_GET_TEXT	10	40	0.000000	0.000000	10	0	1015	0
#107	TREE_BACK	37	0	0.000001	0.000000	37	0	6380	0
#108	QUEST_ACCEPT	31	124	0.000002	0.000000	31	0	3092	0
#109	QUEST_DECLINE	1	4	0.000000	0.000000	1	0	63	0
#110	GET_QUEST_LIST	2	0	0.000000	0.000000	2	0	38	0
#112	COMBAT_ACTION	55712	441916	0.001288	0.000000	0	0	0	0
#114	WHATS_NEW	39	0	0.000002	0.000000	39	689744	0	0
#115	SET_ENGRAVE_NAME	96	1840	0.000002	0.000000	0	0	0	0
#116	GET_LOOK_INFO	921	3684	0.000199	0.000000	921	0	275359	0
#126	MASS_SELL	519	66268	0.001258	0.000002	519	0	130931	0
#127	MASS_BUY	236	8468	0.000058	0.000000	236	0	48704	0
#128	GET_SELL_PRICES	574	2296	0.000103	0.000000	574	0	254645	16
#130	PLAYER_CHARACTER_LOGIN	978	3912	0.000442	0.000000	978	0	65458	0
#131	GET_REPAIR_PRICES	798	3192	0.000094	0.000000	798	0	38286	2048
#132	MASS_REPAIR	654	18464	0.000027	0.000000	654	0	10464	0
#135	MAIL_LIST_GET	7	0	0.000000	0.000000	985	0	5325	14544
#145		31888	933532	0.001001	0.000000	0	0	0	0
#150	VERB_GET	35663	548240	0.055414	0.000002	35663	0	560912	9696
#151	VERB_DROP	824	9992	0.000154	0.000000	824	0	13040	144
#152	VERB_PUT_IN	2971	38732	0.000638	0.000000	2971	0	46720	816
#153	VERB_PUT_ON	2184	26256	0.000416	0.000000	2184	0	30432	4512
#154	VERB_TAKE_OFF	1534	18468	0.000329	0.000000	1534	0	24528	16
#155	VERB_OPEN	2920	53148	0.000972	0.000000	2920	0	45520	1200
#156	VERB_CLOSE	229	3276	0.000047	0.000000	229	0	3648	16
#157	VERB_LOCK	2	32	0.000000	0.000000	2	0	0	32
#158	VERB_UNLOCK	974	22824	0.000248	0.000000	974	0	13744	1840
#160	VERB_ENGAGE	57450	921852	0.006896	0.000000	57450	0	917824	1376
#161	VERB_CONSUME	204	2464	0.000039	0.000000	204	0	3264	0
#162	VERB_SIT	25	300	0.000001	0.000000	25	0	400	0
#163	VERB_STAND	9	108	0.000001	0.000000	9	0	144	0
#164	VERB_GIVE	506	7536	0.001079	0.000002	506	0	7552	544
#165	VERB_MEMORIZE	1017	12204	0.000134	0.000000	1017	0	14912	1360
#166	VERB_ROB	1	20	0.000000	0.000000	1	0	16	0
#167	VERB_USE	105	1260	0.000025	0.000000	105	0	1680	0
#169	VERB_DYE	56	672	0.000012	0.000000	56	0	864	32
#180	NPC_PULSE	1318813	0	-2.067740	-0.000002	0	0	0	0
#182	COMBAT_PULSE	1318813	0	0.113722	0.000000	0	0	0	0
#184	PROCESS_AFFECT_PULSE	21980	0	-0.485040	-0.000022	0	0	0	0
#185	CHAR_DOIT_PULSE	1465	0	0.000076	0.000000	0	0	0	0
#186	HEAL_PULSE	10990	0	0.001403	0.000000	0	0	0	0
#188	MONSTER_PULSE	10990	0	0.021218	0.000002	0	0	0	0
#189	MAINTENANCE_PULSE	10990	0	0.000007	0.000000	0	0	0	0
#193	TOSS_DEAD_HOUSES	43960	0	0.005693	0.000000	0	0	0	0
#194	DUNGEON_QUEUE_PULSE	87920	0	1.976974	0.000022	0	0	0	0
#196	AMBUSH_PULSE	263762	0	0.017791	0.000000	0	0	0	0
#197		21980	0	0.157260	0.000007	0	0	0	0
#210	DATAMGR_LOG_PERMANENT	0	0	0	0	381	15434	0	0
#211	DATAMGR_LOGIN	1089	18943872	0.014210	0.000013	1089	33194	0	0
#212	DATAMGR_LOGOUT	0	0	0	0	1019	5095	0	0
#213	DATAMGR_NEW_CHAR	17	340	0.000018	0.000001	17	23662	0	0
#214	DATAMGR_SAVE_CHAR	0	0	0	0	164629	2071011078	0	0
#215	DATAMGR_DEL_CHAR	0	0	0	0	5	45	0	0
#221	DATAMGR_NEW_HOUSE	0	0	0	0	17	36737	0	0
#222	DATAMGR_WRITE_HOUSE	0	0	0	0	21291	799870859	0	0
#224	DATAMGR_GET_HOUSE	808	32873780	0.019629	0.000024	808	15634	0	0
#225	DATAMGR_HELLO	0	0	0	0	1	3	0	0
#228	DATAMGR_LOGINMESSAGE	0	0	0	0	3	77	0	0
#231		39	688656	0.000007	0.000000	39	195	0	0
#232		0	0	0	0	96	3829	0	0
#233		985	11624	0.000016	0.000000	985	9850	0	0
#234		0	0	0	0	65	585	0	0
#236		982	77096	0.000072	0.000000	56838	1759012	0	0
#254	CLIENT_HACKED_MSG	8	64	0.000002	0.000000	0	0	0	0

	Total)	4615549	77921588	-0.020986	-0.000000	6375227	3521599275	23797949	804208

Slowest Msg #184 took  0.000377 seconds.
Total process time = -823.212000
Total run time =        1318814