Msg#	Message	Count	Inbound	Total_Time	Average_Time	Count	Outbound	Acked	Naked
#1	CLIENT_CONNECTED	54	0	0.000002	0.000000	0	0	0	0
#2	CLIENT_HUNG_UP	51	0	0.000044	0.000001	0	0	0	0
#14	PLAYER_CHECK_LOGIN	55	1340	0.000002	0.000000	55	1355	0	0
#15	SECURITY	53	0	0.000000	0.000000	0	0	0	0
#16	INN_LOGIN	53	636	0.000001	0.000000	0	0	0	0
#17	SERVER_PING	4588	18352	0.000075	0.000000	4588	0	73408	0
#18	PLAYER_QUERY_CHARACTERS	53	0	0.000010	0.000000	53	126385	0	0
#21	PLAYER_LOGIN	0	0	0	0	53	0	848	0
#22	PLAYER_LOGOUT	18	0	0.000000	0.000000	0	0	0	0
#24	PLAYER_SYSTEM_MSG	0	0	0	0	58	5303	0	0
#25	PLAYER_ACK	0	0	0	0	16138	314726	0	0
#26	PLAYER_NAK	0	0	0	0	97	1552	0	0
#32	PLAYER_CHANGE_ROOM	205	2460	0.000043	0.000000	12	0	0	192
#33	PLAYER_NEW_ROOM	0	0	0	0	1883	2172222	0	0
#37	PLAYER_ROOM_CHAT	693	16988	0.000109	0.000000	0	0	0	0
#38	PLAYER_TEXT	0	0	0	0	3923	215006	0	0
#41	PLAYER_MOVIE	8386	227212	0.000188	0.000000	8383	0	134128	0
#42	PLAYER_MOVIE_DATA	0	0	0	0	54070	7971719	0	0
#45	PLAYER_DESTROY_OBJECT	0	0	0	0	4709	83349	0	0
#48	PLAYER_CREATE_CHARACTER	2	48	0.000001	0.000000	2	0	581	0
#52	PLAYER_SHIFT_ROOM	1698	6792	0.000286	0.000000	17	0	189	128
#55	PLAYER_GET_BIOGRAPHY	40	160	0.000001	0.000000	40	0	2920	0
#56	PLAYER_SET_BIOGRAPHY	2	120	0.000000	0.000000	2	0	32	0
#57	PLAYER_GET_DESCRIPTION	67	268	0.000004	0.000000	67	0	18158	0
#58	PLAYER_GET_EXTENDED_PROPS	70	280	0.000003	0.000000	70	0	23752	0
#59	PLAYER_SET_HEAD_DATA	2	40	0.000000	0.000000	2	0	32	0
#61	PLAYER_WHO	0	0	0	0	25	1077	0	0
#69	COMBAT_EXIT	672	0	0.000018	0.000000	1401	14722	10752	0
#71	GET_SHOP_INFO	2	8	0.000000	0.000000	2	0	2065	0
#74	SHOP_SELL	3	24	0.000001	0.000000	3	0	48	0
#75	SHOP_GET_PRICE	3	24	0.000000	0.000000	3	0	48	0
#79	MONEY_TAKE	260	1040	0.000019	0.000000	260	0	4112	48
#80	CAST_SPELL	911	14576	0.000136	0.000000	911	0	14528	48
#81	PLAYER_INFO	0	0	0	0	100	4532	0	0
#84	FATAL_DATA	3	1384	0.000001	0.000000	3	0	48	0
#87	GROUP_JOIN	9	36	0.000000	0.000000	28	437	466	0
#88	GROUP_LEAVE	3	0	0.000000	0.000000	24	273	48	0
#90	OLD_SECURITY	9	72	0.000000	0.000000	9	580	0	0
#92	GET_POSN	50	200	0.000001	0.000000	50	0	1300	0
#94	GET_HOUSE	10	124	0.000000	0.000000	10	0	0	160
#95	GET_ENTRY_INFO	31	124	0.000001	0.000000	31	0	775	96
#98	LOGIN_UPDATE	0	0	0	0	55	605	0	0
#104	TREE_GET	2	8	0.000000	0.000000	2	0	290	0
#105	TREE_CHOOSE_TOPIC	1	4	0.000000	0.000000	1	0	119	0
#107	TREE_BACK	1	0	0.000000	0.000000	1	0	146	0
#108	QUEST_ACCEPT	1	4	0.000000	0.000000	1	0	110	0
#112	COMBAT_ACTION	2071	19644	0.000032	0.000000	0	0	0	0
#115	SET_ENGRAVE_NAME	1	24	0.000000	0.000000	0	0	0	0
#116	GET_LOOK_INFO	20	80	0.000002	0.000000	20	0	6690	0
#126	MASS_SELL	2	44	0.000001	0.000000	2	0	82	0
#127	MASS_BUY	1	16	0.000000	0.000000	1	0	44	0
#128	GET_SELL_PRICES	2	8	0.000000	0.000000	2	0	178	0
#130	PLAYER_CHARACTER_LOGIN	50	200	0.000016	0.000000	50	0	2694	0
#131	GET_REPAIR_PRICES	11	44	0.000000	0.000000	11	0	681	32
#132	MASS_REPAIR	9	336	0.000000	0.000000	9	0	144	0
#135	MAIL_LIST_GET	0	0	0	0	50	0	1294	592
#145		1622	43420	0.000032	0.000000	0	0	0	0
#150	VERB_GET	372	5500	0.000185	0.000000	372	0	5920	32
#151	VERB_DROP	43	532	0.000004	0.000000	43	0	688	0
#152	VERB_PUT_IN	68	840	0.000007	0.000000	68	0	1072	16
#153	VERB_PUT_ON	61	732	0.000005	0.000000	61	0	832	144
#154	VERB_TAKE_OFF	51	612	0.000004	0.000000	51	0	816	0
#155	VERB_OPEN	31	572	0.000004	0.000000	31	0	496	0
#158	VERB_UNLOCK	6	172	0.000001	0.000000	6	0	96	0
#160	VERB_ENGAGE	213	3428	0.000018	0.000000	213	0	3376	32
#161	VERB_CONSUME	26	312	0.000003	0.000000	26	0	416	0
#162	VERB_SIT	1	12	0.000000	0.000000	1	0	16	0
#164	VERB_GIVE	14	248	0.000016	0.000001	14	0	224	0
#165	VERB_MEMORIZE	2	24	0.000000	0.000000	2	0	0	32
#167	VERB_USE	1	12	0.000000	0.000000	1	0	16	0
#169	VERB_DYE	3	36	0.000000	0.000000	3	0	48	0
#180	NPC_PULSE	107487	0	1.131945	0.000011	0	0	0	0
#182	COMBAT_PULSE	107487	0	0.001670	0.000000	0	0	0	0
#184	PROCESS_AFFECT_PULSE	1791	0	0.132923	0.000074	0	0	0	0
#185	CHAR_DOIT_PULSE	119	0	0.000002	0.000000	0	0	0	0
#186	HEAL_PULSE	895	0	0.000022	0.000000	0	0	0	0
#188	MONSTER_PULSE	895	0	0.000184	0.000000	0	0	0	0
#189	MAINTENANCE_PULSE	895	0	0.000001	0.000000	0	0	0	0
#193	TOSS_DEAD_HOUSES	3582	0	0.000044	0.000000	0	0	0	0
#194	DUNGEON_QUEUE_PULSE	7165	0	0.000229	0.000000	0	0	0	0
#196	AMBUSH_PULSE	21497	0	0.000609	0.000000	0	0	0	0
#197		1791	0	0.001857	0.000001	0	0	0	0
#210	DATAMGR_LOG_PERMANENT	0	0	0	0	39	1487	0	0
#211	DATAMGR_LOGIN	55	537148	0.000358	0.000007	55	1663	0	0
#212	DATAMGR_LOGOUT	0	0	0	0	50	250	0	0
#213	DATAMGR_NEW_CHAR	2	40	0.000001	0.000001	2	2314	0	0
#214	DATAMGR_SAVE_CHAR	0	0	0	0	4999	29679025	0	0
#221	DATAMGR_NEW_HOUSE	0	0	0	0	2	4310	0	0
#222	DATAMGR_WRITE_HOUSE	0	0	0	0	325	4036518	0	0
#224	DATAMGR_GET_HOUSE	27	554448	0.000374	0.000014	27	553	0	0
#225	DATAMGR_HELLO	0	0	0	0	1	3	0	0
#228	DATAMGR_LOGINMESSAGE	0	0	0	0	1	4	0	0
#232		0	0	0	0	1	43	0	0
#233		50	1416	0.000001	0.000000	50	500	0	0
#236		53	3664	0.000002	0.000000	2470	74270	0	0

	Total)	276533	1465888	1.271496	0.000005	106201	44714783	314726	1552

Slowest Msg #180 took  0.000148 seconds.
Total process time =  1738.322540
Total run time =         107488