Msg#	Message	Count	Inbound	Total_Time	Average_Time	Count	Outbound	Acked	Naked
#1	CLIENT_CONNECTED	16	0	0.000001	0.000000	0	0	0	0
#2	CLIENT_HUNG_UP	5	0	0.000004	0.000001	0	0	0	0
#14	PLAYER_CHECK_LOGIN	16	376	0.000001	0.000000	16	336	0	0
#15	SECURITY	16	0	0.000000	0.000000	0	0	0	0
#16	INN_LOGIN	16	192	0.000000	0.000000	0	0	0	0
#17	SERVER_PING	558	2232	0.000010	0.000000	558	0	8928	0
#18	PLAYER_QUERY_CHARACTERS	16	0	0.000003	0.000000	16	28793	0	0
#21	PLAYER_LOGIN	0	0	0	0	16	0	256	0
#24	PLAYER_SYSTEM_MSG	0	0	0	0	4	732	0	0
#25	PLAYER_ACK	0	0	0	0	3914	82170	0	0
#26	PLAYER_NAK	0	0	0	0	18	288	0	0
#32	PLAYER_CHANGE_ROOM	77	924	0.000024	0.000000	0	0	0	0
#33	PLAYER_NEW_ROOM	0	0	0	0	1061	879792	0	0
#37	PLAYER_ROOM_CHAT	165	4044	0.000029	0.000000	0	0	0	0
#38	PLAYER_TEXT	0	0	0	0	1016	62686	0	0
#41	PLAYER_MOVIE	2991	88176	0.000076	0.000000	2991	0	47856	0
#42	PLAYER_MOVIE_DATA	0	0	0	0	12666	1026640	0	0
#45	PLAYER_DESTROY_OBJECT	0	0	0	0	742	13110	0	0
#48	PLAYER_CREATE_CHARACTER	1	24	0.000000	0.000000	1	0	302	0
#52	PLAYER_SHIFT_ROOM	984	3936	0.000202	0.000000	4	0	84	0
#55	PLAYER_GET_BIOGRAPHY	16	64	0.000000	0.000000	16	0	1168	0
#56	PLAYER_SET_BIOGRAPHY	1	60	0.000000	0.000000	1	0	16	0
#57	PLAYER_GET_DESCRIPTION	15	60	0.000001	0.000000	15	0	6162	0
#58	PLAYER_GET_EXTENDED_PROPS	23	92	0.000001	0.000000	23	0	7211	0
#59	PLAYER_SET_HEAD_DATA	1	20	0.000000	0.000000	1	0	16	0
#61	PLAYER_WHO	0	0	0	0	9	750	0	0
#69	COMBAT_EXIT	44	0	0.000002	0.000000	87	814	704	0
#71	GET_SHOP_INFO	1	4	0.000000	0.000000	1	0	1198	0
#74	SHOP_SELL	1	8	0.000001	0.000001	1	0	16	0
#75	SHOP_GET_PRICE	1	8	0.000000	0.000000	1	0	16	0
#79	MONEY_TAKE	24	96	0.000004	0.000000	24	0	384	0
#80	CAST_SPELL	71	1136	0.000012	0.000000	71	0	1136	0
#81	PLAYER_INFO	0	0	0	0	95	3442	0	0
#87	GROUP_JOIN	7	28	0.000000	0.000000	27	526	505	0
#88	GROUP_LEAVE	0	0	0	0	2	26	0	0
#90	OLD_SECURITY	7	56	0.000000	0.000000	7	476	0	0
#92	GET_POSN	15	60	0.000000	0.000000	15	0	390	0
#94	GET_HOUSE	2	24	0.000000	0.000000	2	0	0	32
#95	GET_ENTRY_INFO	5	20	0.000000	0.000000	5	0	155	0
#98	LOGIN_UPDATE	0	0	0	0	16	176	0	0
#104	TREE_GET	2	8	0.000000	0.000000	2	0	258	0
#105	TREE_CHOOSE_TOPIC	1	4	0.000000	0.000000	1	0	175	0
#107	TREE_BACK	1	0	0.000000	0.000000	1	0	130	0
#108	QUEST_ACCEPT	1	4	0.000000	0.000000	1	0	115	0
#112	COMBAT_ACTION	113	1420	0.000003	0.000000	0	0	0	0
#116	GET_LOOK_INFO	8	32	0.000001	0.000000	8	0	2446	0
#126	MASS_SELL	2	32	0.000000	0.000000	2	0	58	0
#127	MASS_BUY	1	16	0.000000	0.000000	1	0	67	0
#128	GET_SELL_PRICES	2	8	0.000000	0.000000	2	0	98	0
#130	PLAYER_CHARACTER_LOGIN	15	60	0.000004	0.000000	15	0	887	0
#131	GET_REPAIR_PRICES	1	4	0.000000	0.000000	1	0	73	0
#132	MASS_REPAIR	1	36	0.000000	0.000000	1	0	16	0
#135	MAIL_LIST_GET	0	0	0	0	15	0	0	240
#145		156	4200	0.000003	0.000000	0	0	0	0
#150	VERB_GET	21	340	0.000013	0.000001	21	0	336	0
#151	VERB_DROP	5	60	0.000001	0.000000	5	0	80	0
#152	VERB_PUT_IN	3	44	0.000000	0.000000	3	0	48	0
#153	VERB_PUT_ON	9	108	0.000001	0.000000	9	0	144	0
#154	VERB_TAKE_OFF	10	136	0.000001	0.000000	10	0	160	0
#155	VERB_OPEN	3	88	0.000000	0.000000	3	0	48	0
#160	VERB_ENGAGE	23	368	0.000002	0.000000	23	0	352	16
#161	VERB_CONSUME	5	60	0.000001	0.000000	5	0	80	0
#164	VERB_GIVE	4	92	0.000003	0.000001	4	0	64	0
#167	VERB_USE	2	24	0.000001	0.000001	2	0	32	0
#180	NPC_PULSE	4512	0	0.056178	0.000012	0	0	0	0
#182	COMBAT_PULSE	4512	0	0.000088	0.000000	0	0	0	0
#184	PROCESS_AFFECT_PULSE	75	0	0.007143	0.000095	0	0	0	0
#185	CHAR_DOIT_PULSE	5	0	0.000000	0.000000	0	0	0	0
#186	HEAL_PULSE	37	0	0.000003	0.000000	0	0	0	0
#188	MONSTER_PULSE	37	0	0.000026	0.000001	0	0	0	0
#189	MAINTENANCE_PULSE	37	0	0.000000	0.000000	0	0	0	0
#193	TOSS_DEAD_HOUSES	150	0	0.000009	0.000000	0	0	0	0
#194	DUNGEON_QUEUE_PULSE	300	0	0.000022	0.000000	0	0	0	0
#196	AMBUSH_PULSE	902	0	0.000058	0.000000	0	0	0	0
#197		75	0	0.000190	0.000003	0	0	0	0
#210	DATAMGR_LOG_PERMANENT	0	0	0	0	4	142	0	0
#211	DATAMGR_LOGIN	16	129816	0.000055	0.000003	16	488	0	0
#212	DATAMGR_LOGOUT	0	0	0	0	5	25	0	0
#213	DATAMGR_NEW_CHAR	1	20	0.000001	0.000001	1	1227	0	0
#214	DATAMGR_SAVE_CHAR	0	0	0	0	601	3667001	0	0
#221	DATAMGR_NEW_HOUSE	0	0	0	0	1	2159	0	0
#222	DATAMGR_WRITE_HOUSE	0	0	0	0	33	225550	0	0
#224	DATAMGR_GET_HOUSE	9	59100	0.000020	0.000002	9	178	0	0
#225	DATAMGR_HELLO	0	0	0	0	1	3	0	0
#233		15	120	0.000000	0.000000	15	150	0	0
#236		15	1032	0.000001	0.000000	387	11574	0	0

	Total)	16182	298872	0.064204	0.000004	24650	6009254	82170	288

Slowest Msg #184 took  0.000130 seconds.
Total process time =  99.864538
Total run time =           4513