Msg#	Message	Count	Inbound	Total_Time	Average_Time	Count	Outbound	Acked	Naked
#1	CLIENT_CONNECTED	20	0	0.000001	0.000000	0	0	0	0
#2	CLIENT_HUNG_UP	16	0	0.000020	0.000001	0	0	0	0
#14	PLAYER_CHECK_LOGIN	20	428	0.000001	0.000000	20	420	0	0
#15	SECURITY	20	0	0.000000	0.000000	0	0	0	0
#16	INN_LOGIN	20	240	0.000000	0.000000	0	0	0	0
#17	SERVER_PING	584	2336	0.000010	0.000000	584	0	9344	0
#18	PLAYER_QUERY_CHARACTERS	20	0	0.000006	0.000000	20	62852	0	0
#21	PLAYER_LOGIN	0	0	0	0	20	0	320	0
#22	PLAYER_LOGOUT	2	0	0.000000	0.000000	0	0	0	0
#24	PLAYER_SYSTEM_MSG	0	0	0	0	17	2277	0	0
#25	PLAYER_ACK	0	0	0	0	4619	113805	0	0
#26	PLAYER_NAK	0	0	0	0	38	608	0	0
#32	PLAYER_CHANGE_ROOM	106	1272	0.000029	0.000000	4	0	0	64
#33	PLAYER_NEW_ROOM	0	0	0	0	497	735401	0	0
#37	PLAYER_ROOM_CHAT	161	2892	0.000022	0.000000	0	0	0	0
#38	PLAYER_TEXT	0	0	0	0	897	49098	0	0
#41	PLAYER_MOVIE	2792	70332	0.000075	0.000000	2792	0	44672	0
#42	PLAYER_MOVIE_DATA	0	0	0	0	21028	2877961	0	0
#45	PLAYER_DESTROY_OBJECT	0	0	0	0	2096	36904	0	0
#52	PLAYER_SHIFT_ROOM	396	1584	0.000110	0.000000	1	0	0	16
#57	PLAYER_GET_DESCRIPTION	40	160	0.000003	0.000000	40	0	20198	0
#58	PLAYER_GET_EXTENDED_PROPS	20	80	0.000001	0.000000	20	0	7076	0
#61	PLAYER_WHO	0	0	0	0	8	339	0	0
#69	COMBAT_EXIT	279	0	0.000009	0.000000	566	5850	4464	0
#71	GET_SHOP_INFO	2	8	0.000000	0.000000	2	0	11380	0
#79	MONEY_TAKE	94	376	0.000013	0.000000	94	0	1504	0
#80	CAST_SPELL	223	3568	0.000043	0.000000	223	0	3568	0
#81	PLAYER_INFO	0	0	0	0	142	5269	0	0
#84	FATAL_DATA	2	720	0.000001	0.000000	2	0	32	0
#87	GROUP_JOIN	4	16	0.000000	0.000000	12	204	208	0
#88	GROUP_LEAVE	0	0	0	0	8	104	0	0
#90	OLD_SECURITY	4	32	0.000000	0.000000	4	268	0	0
#92	GET_POSN	20	80	0.000001	0.000000	20	0	520	0
#94	GET_HOUSE	6	80	0.000000	0.000000	6	0	0	96
#95	GET_ENTRY_INFO	33	132	0.000001	0.000000	33	0	930	48
#98	LOGIN_UPDATE	0	0	0	0	20	220	0	0
#112	COMBAT_ACTION	556	6428	0.000013	0.000000	0	0	0	0
#114	WHATS_NEW	2	0	0.000000	0.000000	2	22984	0	0
#126	MASS_SELL	2	128	0.000001	0.000001	2	0	250	0
#127	MASS_BUY	2	32	0.000000	0.000000	2	0	101	0
#128	GET_SELL_PRICES	2	8	0.000000	0.000000	2	0	290	0
#130	PLAYER_CHARACTER_LOGIN	20	80	0.000009	0.000000	20	0	1187	0
#131	GET_REPAIR_PRICES	2	8	0.000000	0.000000	2	0	49	16
#132	MASS_REPAIR	1	24	0.000000	0.000000	1	0	16	0
#135	MAIL_LIST_GET	0	0	0	0	20	0	0	320
#145		515	17308	0.000012	0.000000	0	0	0	0
#150	VERB_GET	295	5412	0.000293	0.000001	295	0	4720	0
#151	VERB_DROP	7	84	0.000001	0.000000	7	0	112	0
#152	VERB_PUT_IN	4	56	0.000001	0.000000	4	0	64	0
#153	VERB_PUT_ON	9	108	0.000001	0.000000	9	0	144	0
#154	VERB_TAKE_OFF	8	96	0.000001	0.000000	8	0	128	0
#155	VERB_OPEN	30	608	0.000005	0.000000	30	0	448	32
#156	VERB_CLOSE	3	36	0.000000	0.000000	3	0	48	0
#158	VERB_UNLOCK	9	276	0.000001	0.000000	9	0	144	0
#160	VERB_ENGAGE	116	1860	0.000012	0.000000	116	0	1840	16
#164	VERB_GIVE	2	24	0.000003	0.000001	2	0	32	0
#167	VERB_USE	1	12	0.000000	0.000000	1	0	16	0
#180	NPC_PULSE	8337	0	0.092584	0.000011	0	0	0	0
#182	COMBAT_PULSE	8337	0	0.000368	0.000000	0	0	0	0
#184	PROCESS_AFFECT_PULSE	138	0	0.011690	0.000085	0	0	0	0
#185	CHAR_DOIT_PULSE	9	0	0.000000	0.000000	0	0	0	0
#186	HEAL_PULSE	69	0	0.000003	0.000000	0	0	0	0
#188	MONSTER_PULSE	69	0	0.000077	0.000001	0	0	0	0
#189	MAINTENANCE_PULSE	69	0	0.000000	0.000000	0	0	0	0
#193	TOSS_DEAD_HOUSES	277	0	0.000022	0.000000	0	0	0	0
#194	DUNGEON_QUEUE_PULSE	555	0	0.000074	0.000000	0	0	0	0
#196	AMBUSH_PULSE	1667	0	0.000091	0.000000	0	0	0	0
#197		138	0	0.000536	0.000004	0	0	0	0
#211	DATAMGR_LOGIN	20	278368	0.000111	0.000006	20	565	0	0
#212	DATAMGR_LOGOUT	0	0	0	0	16	80	0	0
#214	DATAMGR_SAVE_CHAR	0	0	0	0	850	13719876	0	0
#222	DATAMGR_WRITE_HOUSE	0	0	0	0	189	3098902	0	0
#224	DATAMGR_GET_HOUSE	13	206960	0.000075	0.000006	13	248	0	0
#225	DATAMGR_HELLO	0	0	0	0	1	3	0	0
#231		2	22952	0.000000	0.000000	2	10	0	0
#233		20	160	0.000000	0.000000	20	200	0	0
#236		20	1288	0.000002	0.000000	787	26462	0	0

	Total)	26210	626652	0.106333	0.000004	36266	20760910	113805	608

Slowest Msg #184 took  0.000128 seconds.
Total process time =  159.824736
Total run time =           8338