Msg#	Message	Count	Inbound	Total_Time	Average_Time	Count	Outbound	Acked	Naked
#1	CLIENT_CONNECTED	12	0	0.000000	0.000000	0	0	0	0
#2	CLIENT_HUNG_UP	11	0	0.000007	0.000001	0	0	0	0
#14	PLAYER_CHECK_LOGIN	8	180	0.000000	0.000000	8	268	0	0
#15	SECURITY	7	0	0.000000	0.000000	0	0	0	0
#16	INN_LOGIN	7	84	0.000000	0.000000	0	0	0	0
#17	SERVER_PING	135	540	0.000002	0.000000	135	0	2160	0
#18	PLAYER_QUERY_CHARACTERS	7	0	0.000002	0.000000	7	33925	0	0
#21	PLAYER_LOGIN	0	0	0	0	7	0	112	0
#22	PLAYER_LOGOUT	2	0	0.000000	0.000000	0	0	0	0
#24	PLAYER_SYSTEM_MSG	0	0	0	0	9	1643	0	0
#25	PLAYER_ACK	0	0	0	0	561	131792	0	0
#26	PLAYER_NAK	0	0	0	0	19	304	0	0
#32	PLAYER_CHANGE_ROOM	23	276	0.000004	0.000000	4	0	0	64
#33	PLAYER_NEW_ROOM	0	0	0	0	25	25825	0	0
#37	PLAYER_ROOM_CHAT	45	636	0.000012	0.000000	0	0	0	0
#38	PLAYER_TEXT	0	0	0	0	140	7113	0	0
#41	PLAYER_MOVIE	220	4756	0.000005	0.000000	220	0	3520	0
#42	PLAYER_MOVIE_DATA	0	0	0	0	3014	333528	0	0
#45	PLAYER_DESTROY_OBJECT	0	0	0	0	180	3112	0	0
#52	PLAYER_SHIFT_ROOM	6	24	0.000001	0.000000	1	0	21	0
#55	PLAYER_GET_BIOGRAPHY	3	12	0.000000	0.000000	3	0	219	0
#57	PLAYER_GET_DESCRIPTION	10	40	0.000001	0.000000	10	0	5415	0
#58	PLAYER_GET_EXTENDED_PROPS	9	36	0.000000	0.000000	9	0	3168	0
#69	COMBAT_EXIT	4	0	0.000000	0.000000	17	314	64	0
#71	GET_SHOP_INFO	3	12	0.000004	0.000001	3	0	109515	0
#73	SHOP_EXAMINE	8	64	0.000002	0.000000	8	0	2767	0
#80	CAST_SPELL	20	320	0.000003	0.000000	20	0	320	0
#81	PLAYER_INFO	0	0	0	0	45	1571	0	0
#84	FATAL_DATA	1	148	0.000000	0.000000	1	0	16	0
#92	GET_POSN	7	28	0.000000	0.000000	7	0	182	0
#95	GET_ENTRY_INFO	3	12	0.000000	0.000000	3	0	62	16
#98	LOGIN_UPDATE	0	0	0	0	8	88	0	0
#112	COMBAT_ACTION	27	376	0.000001	0.000000	0	0	0	0
#116	GET_LOOK_INFO	2	8	0.000000	0.000000	2	0	688	0
#127	MASS_BUY	2	144	0.000002	0.000001	2	0	1036	0
#130	PLAYER_CHARACTER_LOGIN	7	28	0.000005	0.000001	7	0	607	0
#135	MAIL_LIST_GET	0	0	0	0	7	0	0	112
#145		47	1556	0.000001	0.000000	0	0	0	0
#150	VERB_GET	23	276	0.000002	0.000000	23	0	288	80
#151	VERB_DROP	30	360	0.000003	0.000000	30	0	480	0
#152	VERB_PUT_IN	18	216	0.000002	0.000000	18	0	288	0
#153	VERB_PUT_ON	24	288	0.000003	0.000000	24	0	368	16
#154	VERB_TAKE_OFF	19	228	0.000001	0.000000	19	0	304	0
#160	VERB_ENGAGE	8	136	0.000001	0.000000	8	0	128	0
#164	VERB_GIVE	5	68	0.000006	0.000001	5	0	64	16
#180	NPC_PULSE	4331	0	0.046120	0.000011	0	0	0	0
#182	COMBAT_PULSE	4331	0	0.000031	0.000000	0	0	0	0
#184	PROCESS_AFFECT_PULSE	72	0	0.007004	0.000097	0	0	0	0
#185	CHAR_DOIT_PULSE	4	0	0.000000	0.000000	0	0	0	0
#186	HEAL_PULSE	36	0	0.000001	0.000000	0	0	0	0
#188	MONSTER_PULSE	36	0	0.000019	0.000001	0	0	0	0
#189	MAINTENANCE_PULSE	36	0	0.000000	0.000000	0	0	0	0
#193	TOSS_DEAD_HOUSES	144	0	0.000002	0.000000	0	0	0	0
#194	DUNGEON_QUEUE_PULSE	288	0	0.000063	0.000000	0	0	0	0
#196	AMBUSH_PULSE	866	0	0.000038	0.000000	0	0	0	0
#197		72	0	0.000090	0.000001	0	0	0	0
#210	DATAMGR_LOG_PERMANENT	0	0	0	0	57	2622	0	0
#211	DATAMGR_LOGIN	8	136808	0.000074	0.000009	8	229	0	0
#212	DATAMGR_LOGOUT	0	0	0	0	6	30	0	0
#214	DATAMGR_SAVE_CHAR	0	0	0	0	152	1970946	0	0
#222	DATAMGR_WRITE_HOUSE	0	0	0	0	8	48479	0	0
#224	DATAMGR_GET_HOUSE	2	5132	0.000002	0.000001	2	37	0	0
#225	DATAMGR_HELLO	0	0	0	0	1	3	0	0
#233		7	56	0.000000	0.000000	7	70	0	0
#236		7	632	0.000000	0.000000	54	1732	0	0

	Total)	11003	153480	0.053516	0.000005	4904	2563631	131792	304

Slowest Msg #184 took  0.000122 seconds.
Total process time =  76.543238
Total run time =           4332