Msg#	Message	Count	Inbound	Total_Time	Average_Time	Count	Outbound	Acked	Naked
#1	CLIENT_CONNECTED	28	0	0.000001	0.000000	0	0	0	0
#2	CLIENT_HUNG_UP	23	0	0.000014	0.000001	0	0	0	0
#14	PLAYER_CHECK_LOGIN	35	956	0.000002	0.000000	35	1409	0	0
#15	SECURITY	28	0	0.000000	0.000000	0	0	0	0
#16	INN_LOGIN	28	336	0.000001	0.000000	0	0	0	0
#17	SERVER_PING	4839	19356	0.000077	0.000000	4839	0	77424	0
#18	PLAYER_QUERY_CHARACTERS	28	0	0.000002	0.000000	28	15630	0	0
#21	PLAYER_LOGIN	0	0	0	0	28	0	448	0
#22	PLAYER_LOGOUT	9	0	0.000000	0.000000	0	0	0	0
#24	PLAYER_SYSTEM_MSG	0	0	0	0	18	3276	0	0
#25	PLAYER_ACK	0	0	0	0	16033	408755	0	0
#26	PLAYER_NAK	0	0	0	0	225	3600	0	0
#32	PLAYER_CHANGE_ROOM	758	9096	0.000096	0.000000	17	0	0	272
#33	PLAYER_NEW_ROOM	0	0	0	0	1972	1227342	0	0
#37	PLAYER_ROOM_CHAT	177	2752	0.000023	0.000000	0	0	0	0
#38	PLAYER_TEXT	0	0	0	0	6691	322922	0	0
#41	PLAYER_MOVIE	8173	216708	0.000179	0.000000	8170	0	130720	0
#42	PLAYER_MOVIE_DATA	0	0	0	0	84939	3478312	0	0
#45	PLAYER_DESTROY_OBJECT	0	0	0	0	7518	132510	0	0
#48	PLAYER_CREATE_CHARACTER	9	212	0.000003	0.000000	9	0	1486	64
#49	PLAYER_DESTROY_CHARACTER	3	12	0.000001	0.000000	3	0	32	16
#52	PLAYER_SHIFT_ROOM	1237	4948	0.000164	0.000000	14	0	168	96
#55	PLAYER_GET_BIOGRAPHY	49	196	0.000001	0.000000	49	0	3577	0
#56	PLAYER_SET_BIOGRAPHY	5	300	0.000001	0.000000	5	0	80	0
#57	PLAYER_GET_DESCRIPTION	18	72	0.000001	0.000000	18	0	3402	0
#58	PLAYER_GET_EXTENDED_PROPS	50	200	0.000001	0.000000	50	0	16960	0
#59	PLAYER_SET_HEAD_DATA	5	100	0.000001	0.000000	5	0	80	0
#61	PLAYER_WHO	0	0	0	0	4	180	0	0
#69	COMBAT_EXIT	418	0	0.000014	0.000000	786	6812	6688	0
#71	GET_SHOP_INFO	33	132	0.000005	0.000000	33	0	108717	0
#73	SHOP_EXAMINE	9	72	0.000001	0.000000	9	0	2428	0
#74	SHOP_SELL	7	56	0.000010	0.000001	7	0	112	0
#75	SHOP_GET_PRICE	7	56	0.000001	0.000000	7	0	112	0
#78	MONEY_GIVE	14	168	0.000009	0.000001	14	0	224	0
#79	MONEY_TAKE	3	12	0.000000	0.000000	3	0	48	0
#80	CAST_SPELL	335	5360	0.000039	0.000000	335	0	5360	0
#81	PLAYER_INFO	0	0	0	0	50	2406	0	0
#87	GROUP_JOIN	17	68	0.000001	0.000000	47	584	610	32
#88	GROUP_LEAVE	6	0	0.000000	0.000000	38	416	96	0
#90	OLD_SECURITY	14	112	0.000000	0.000000	15	920	0	0
#92	GET_POSN	25	100	0.000001	0.000000	25	0	650	0
#94	GET_HOUSE	11	132	0.000001	0.000000	11	0	0	176
#95	GET_ENTRY_INFO	467	1868	0.000015	0.000000	467	0	11191	1696
#98	LOGIN_UPDATE	0	0	0	0	32	352	0	0
#104	TREE_GET	1	4	0.000000	0.000000	1	0	145	0
#112	COMBAT_ACTION	775	9252	0.000017	0.000000	0	0	0	0
#114	WHATS_NEW	4	0	0.000000	0.000000	4	1221	0	0
#116	GET_LOOK_INFO	25	100	0.000002	0.000000	25	0	6624	0
#126	MASS_SELL	15	768	0.000006	0.000000	15	0	1483	0
#127	MASS_BUY	25	608	0.000004	0.000000	25	0	2645	0
#128	GET_SELL_PRICES	15	60	0.000001	0.000000	15	0	2239	0
#130	PLAYER_CHARACTER_LOGIN	25	100	0.000004	0.000000	25	0	725	0
#131	GET_REPAIR_PRICES	2	8	0.000000	0.000000	2	0	41	16
#132	MASS_REPAIR	1	20	0.000000	0.000000	1	0	16	0
#135	MAIL_LIST_GET	0	0	0	0	25	0	0	400
#145		814	16488	0.000016	0.000000	0	0	0	0
#150	VERB_GET	952	18236	0.000537	0.000001	952	0	14848	384
#151	VERB_DROP	14	168	0.000001	0.000000	14	0	224	0
#153	VERB_PUT_ON	49	604	0.000003	0.000000	49	0	656	128
#154	VERB_TAKE_OFF	32	420	0.000002	0.000000	32	0	512	0
#155	VERB_OPEN	144	3608	0.000007	0.000000	144	0	2304	0
#156	VERB_CLOSE	4	96	0.000000	0.000000	4	0	64	0
#160	VERB_ENGAGE	244	3928	0.000028	0.000000	244	0	3888	16
#161	VERB_CONSUME	38	464	0.000004	0.000000	38	0	608	0
#164	VERB_GIVE	24	332	0.000019	0.000001	24	0	368	16
#165	VERB_MEMORIZE	65	780	0.000007	0.000000	65	0	752	288
#180	NPC_PULSE	125306	0	1.048621	0.000008	0	0	0	0
#182	COMBAT_PULSE	125306	0	0.000247	0.000000	0	0	0	0
#184	PROCESS_AFFECT_PULSE	2088	0	0.137209	0.000066	0	0	0	0
#185	CHAR_DOIT_PULSE	139	0	0.000002	0.000000	0	0	0	0
#186	HEAL_PULSE	1044	0	0.000031	0.000000	0	0	0	0
#188	MONSTER_PULSE	1044	0	0.000331	0.000000	0	0	0	0
#189	MAINTENANCE_PULSE	1044	0	0.000000	0.000000	0	0	0	0
#193	TOSS_DEAD_HOUSES	4176	0	0.000016	0.000000	0	0	0	0
#194	DUNGEON_QUEUE_PULSE	8353	0	0.001950	0.000000	0	0	0	0
#196	AMBUSH_PULSE	25061	0	0.001039	0.000000	0	0	0	0
#197		2088	0	0.001998	0.000001	0	0	0	0
#210	DATAMGR_LOG_PERMANENT	0	0	0	0	16	495	0	0
#211	DATAMGR_LOGIN	32	78160	0.000033	0.000001	32	1046	0	0
#212	DATAMGR_LOGOUT	0	0	0	0	23	115	0	0
#213	DATAMGR_NEW_CHAR	9	180	0.000004	0.000000	9	10595	0	0
#214	DATAMGR_SAVE_CHAR	0	0	0	0	5834	36704314	0	0
#215	DATAMGR_DEL_CHAR	0	0	0	0	2	18	0	0
#221	DATAMGR_NEW_HOUSE	0	0	0	0	5	10787	0	0
#222	DATAMGR_WRITE_HOUSE	0	0	0	0	884	1899366	0	0
#224	DATAMGR_GET_HOUSE	31	67040	0.000012	0.000000	31	461	0	0
#225	DATAMGR_HELLO	0	0	0	0	1	3	0	0
#228	DATAMGR_LOGINMESSAGE	0	0	0	0	1	4	0	0
#231		4	1216	0.000000	0.000000	4	20	0	0
#233		25	200	0.000000	0.000000	25	250	0	0
#236		25	692	0.000001	0.000000	839	19368	0	0

	Total)	315911	466912	1.192817	0.000004	141959	44253489	408755	3600

Slowest Msg #184 took  0.000102 seconds.
Total process time =  1538.241998
Total run time =         125307