Msg#	Message	Count	Inbound	Total_Time	Average_Time	Count	Outbound	Acked	Naked
#1	CLIENT_CONNECTED	74	0	0.000004	0.000000	0	0	0	0
#2	CLIENT_HUNG_UP	53	0	0.000076	0.000001	0	0	0	0
#14	PLAYER_CHECK_LOGIN	81	1924	0.000004	0.000000	81	2441	0	0
#15	SECURITY	73	0	0.000000	0.000000	0	0	0	0
#16	INN_LOGIN	73	876	0.000002	0.000000	0	0	0	0
#17	SERVER_PING	5252	21008	0.000098	0.000000	5252	0	84032	0
#18	PLAYER_QUERY_CHARACTERS	73	0	0.000016	0.000000	73	152118	0	0
#21	PLAYER_LOGIN	0	0	0	0	73	0	1168	0
#22	PLAYER_LOGOUT	8	0	0.000000	0.000000	0	0	0	0
#24	PLAYER_SYSTEM_MSG	0	0	0	0	81	11607	0	0
#25	PLAYER_ACK	0	0	0	0	24161	631595	0	0
#26	PLAYER_NAK	0	0	0	0	203	3248	0	0
#32	PLAYER_CHANGE_ROOM	712	8544	0.000268	0.000000	24	0	0	384
#33	PLAYER_NEW_ROOM	0	0	0	0	2813	4553701	0	0
#37	PLAYER_ROOM_CHAT	829	18304	0.000184	0.000000	0	0	0	0
#38	PLAYER_TEXT	0	0	0	0	8349	487563	0	0
#41	PLAYER_MOVIE	13035	341272	0.000411	0.000000	13022	0	208352	0
#42	PLAYER_MOVIE_DATA	0	0	0	0	137937	13761280	0	0
#45	PLAYER_DESTROY_OBJECT	0	0	0	0	13214	238850	0	0
#48	PLAYER_CREATE_CHARACTER	1	24	0.000001	0.000001	1	0	369	0
#52	PLAYER_SHIFT_ROOM	2133	8532	0.000602	0.000000	28	0	420	128
#55	PLAYER_GET_BIOGRAPHY	136	544	0.000004	0.000000	136	0	10168	0
#56	PLAYER_SET_BIOGRAPHY	1	60	0.000000	0.000000	1	0	16	0
#57	PLAYER_GET_DESCRIPTION	260	1040	0.000022	0.000000	260	0	113795	0
#58	PLAYER_GET_EXTENDED_PROPS	141	564	0.000011	0.000000	141	0	45182	0
#59	PLAYER_SET_HEAD_DATA	1	20	0.000000	0.000000	1	0	16	0
#61	PLAYER_WHO	0	0	0	0	6	507	0	0
#69	COMBAT_EXIT	1158	0	0.000054	0.000000	2618	30548	18528	0
#71	GET_SHOP_INFO	20	80	0.000003	0.000000	20	0	42517	0
#74	SHOP_SELL	2	16	0.000009	0.000004	2	0	32	0
#75	SHOP_GET_PRICE	2	16	0.000000	0.000000	2	0	32	0
#78	MONEY_GIVE	4	48	0.000008	0.000002	4	0	64	0
#79	MONEY_TAKE	183	732	0.000032	0.000000	183	0	2912	16
#80	CAST_SPELL	817	13072	0.000180	0.000000	817	0	13024	48
#81	PLAYER_INFO	0	0	0	0	1602	61109	0	0
#84	FATAL_DATA	4	1592	0.000001	0.000000	4	0	64	0
#87	GROUP_JOIN	38	152	0.000001	0.000000	138	2495	2421	32
#88	GROUP_LEAVE	1	0	0.000000	0.000000	70	897	16	0
#90	OLD_SECURITY	35	280	0.000001	0.000000	36	2432	0	0
#92	GET_POSN	73	292	0.000002	0.000000	73	0	1898	0
#94	GET_HOUSE	13	192	0.000001	0.000000	13	0	0	208
#95	GET_ENTRY_INFO	121	484	0.000005	0.000000	121	0	2883	448
#98	LOGIN_UPDATE	0	0	0	0	81	891	0	0
#101	SHOP_RECHARGE	2	16	0.000000	0.000000	2	0	32	0
#102	SHOP_GET_RECHARGE_PRICE	2	16	0.000000	0.000000	2	0	32	0
#104	TREE_GET	19	76	0.000001	0.000000	19	0	3092	16
#105	TREE_CHOOSE_TOPIC	12	48	0.000000	0.000000	12	0	1841	0
#106	TREE_GET_TEXT	1	4	0.000000	0.000000	1	0	84	0
#107	TREE_BACK	7	0	0.000000	0.000000	7	0	1167	0
#108	QUEST_ACCEPT	6	24	0.000000	0.000000	6	0	603	0
#110	GET_QUEST_LIST	3	0	0.000000	0.000000	3	0	240	0
#112	COMBAT_ACTION	2013	22416	0.000046	0.000000	0	0	0	0
#114	WHATS_NEW	2	0	0.000000	0.000000	2	24916	0	0
#115	SET_ENGRAVE_NAME	1	12	0.000000	0.000000	0	0	0	0
#116	GET_LOOK_INFO	68	272	0.000012	0.000000	68	0	20914	0
#126	MASS_SELL	21	1500	0.000035	0.000002	21	0	2937	0
#127	MASS_BUY	8	576	0.000002	0.000000	8	0	2439	0
#128	GET_SELL_PRICES	24	96	0.000003	0.000000	24	0	4358	32
#130	PLAYER_CHARACTER_LOGIN	73	292	0.000025	0.000000	73	0	3589	0
#131	GET_REPAIR_PRICES	6	24	0.000001	0.000000	6	0	357	16
#132	MASS_REPAIR	5	176	0.000000	0.000000	5	0	80	0
#135	MAIL_LIST_GET	1	0	0.000000	0.000000	74	0	161	1136
#145		2052	55876	0.000048	0.000000	0	0	0	0
#150	VERB_GET	1501	26196	0.001160	0.000001	1501	0	23936	80
#151	VERB_DROP	51	620	0.000007	0.000000	51	0	816	0
#152	VERB_PUT_IN	81	1104	0.000013	0.000000	81	0	1296	0
#153	VERB_PUT_ON	184	2208	0.000026	0.000000	184	0	2496	448
#154	VERB_TAKE_OFF	121	1452	0.000019	0.000000	121	0	1920	16
#155	VERB_OPEN	139	2580	0.000031	0.000000	139	0	2176	48
#156	VERB_CLOSE	1	12	0.000000	0.000000	1	0	16	0
#158	VERB_UNLOCK	34	952	0.000009	0.000000	34	0	544	0
#160	VERB_ENGAGE	315	5080	0.000050	0.000000	315	0	4992	48
#161	VERB_CONSUME	25	300	0.000004	0.000000	25	0	400	0
#162	VERB_SIT	7	84	0.000000	0.000000	7	0	112	0
#163	VERB_STAND	4	48	0.000000	0.000000	4	0	64	0
#164	VERB_GIVE	96	1448	0.000108	0.000001	96	0	1456	80
#165	VERB_MEMORIZE	81	972	0.000010	0.000000	81	0	1280	16
#167	VERB_USE	14	168	0.000001	0.000000	14	0	224	0
#169	VERB_DYE	5	60	0.000001	0.000000	5	0	32	48
#180	NPC_PULSE	24932	0	0.321314	0.000013	0	0	0	0
#182	COMBAT_PULSE	24932	0	0.001218	0.000000	0	0	0	0
#184	PROCESS_AFFECT_PULSE	415	0	0.042721	0.000103	0	0	0	0
#185	CHAR_DOIT_PULSE	27	0	0.000001	0.000000	0	0	0	0
#186	HEAL_PULSE	207	0	0.000022	0.000000	0	0	0	0
#188	MONSTER_PULSE	207	0	0.000252	0.000001	0	0	0	0
#189	MAINTENANCE_PULSE	207	0	0.000000	0.000000	0	0	0	0
#193	TOSS_DEAD_HOUSES	831	0	0.000162	0.000000	0	0	0	0
#194	DUNGEON_QUEUE_PULSE	1662	0	0.000564	0.000000	0	0	0	0
#196	AMBUSH_PULSE	4986	0	0.000333	0.000000	0	0	0	0
#197		415	0	0.002213	0.000005	0	0	0	0
#210	DATAMGR_LOG_PERMANENT	0	0	0	0	8	340	0	0
#211	DATAMGR_LOGIN	81	667600	0.000361	0.000004	81	2451	0	0
#212	DATAMGR_LOGOUT	0	0	0	0	53	265	0	0
#213	DATAMGR_NEW_CHAR	1	20	0.000001	0.000001	1	1561	0	0
#214	DATAMGR_SAVE_CHAR	0	0	0	0	6839	45970058	0	0
#221	DATAMGR_NEW_HOUSE	0	0	0	0	1	2155	0	0
#222	DATAMGR_WRITE_HOUSE	0	0	0	0	453	9397308	0	0
#224	DATAMGR_GET_HOUSE	53	1007920	0.000458	0.000009	53	1082	0	0
#225	DATAMGR_HELLO	0	0	0	0	1	3	0	0
#231		2	24880	0.000000	0.000000	2	10	0	0
#232		0	0	0	0	1	30	0	0
#233		74	692	0.000001	0.000000	74	740	0	0
#234		0	0	0	0	1	9	0	0
#236		73	4384	0.000006	0.000000	5442	171588	0	0

	Total)	91497	2249872	0.373244	0.000004	227643	75513798	631595	3248

Slowest Msg #184 took  0.000184 seconds.
Total process time =  585.165797
Total run time =          24933