Msg#	Message	Count	Inbound	Total_Time	Average_Time	Count	Outbound	Acked	Naked
#1	CLIENT_CONNECTED	273	0	0.000014	0.000000	0	0	0	0
#2	CLIENT_HUNG_UP	263	0	0.000536	0.000002	0	0	0	0
#14	PLAYER_CHECK_LOGIN	290	6876	0.000022	0.000000	290	9870	0	0
#15	SECURITY	252	0	0.000000	0.000000	0	0	0	0
#16	INN_LOGIN	252	3024	0.000007	0.000000	0	0	0	0
#17	SERVER_PING	36318	145272	0.000767	0.000000	36318	0	581088	0
#18	PLAYER_QUERY_CHARACTERS	252	0	0.000108	0.000000	252	838853	0	0
#21	PLAYER_LOGIN	0	0	0	0	252	0	4032	0
#22	PLAYER_LOGOUT	50	0	0.000000	0.000000	0	0	0	0
#24	PLAYER_SYSTEM_MSG	0	0	0	0	323	46138	0	0
#25	PLAYER_ACK	0	0	0	0	188190	4605402	0	0
#26	PLAYER_NAK	0	0	0	0	3539	56624	0	0
#32	PLAYER_CHANGE_ROOM	6270	75240	0.003344	0.000001	50	0	0	800
#33	PLAYER_NEW_ROOM	0	0	0	0	17663	19905468	0	0
#37	PLAYER_ROOM_CHAT	2350	59804	0.000483	0.000000	0	0	0	0
#38	PLAYER_TEXT	0	0	0	0	17015	891642	0	0
#41	PLAYER_MOVIE	104679	2537936	0.003170	0.000000	104629	0	1674064	0
#42	PLAYER_MOVIE_DATA	0	0	0	0	561082	78404191	0	0
#45	PLAYER_DESTROY_OBJECT	0	0	0	0	58533	1058341	0	0
#48	PLAYER_CREATE_CHARACTER	5	120	0.000003	0.000001	5	0	1490	0
#49	PLAYER_DESTROY_CHARACTER	2	8	0.000001	0.000001	2	0	32	0
#52	PLAYER_SHIFT_ROOM	11526	46104	0.005108	0.000000	160	0	1617	1328
#55	PLAYER_GET_BIOGRAPHY	622	2488	0.000016	0.000000	622	0	46302	0
#56	PLAYER_SET_BIOGRAPHY	5	300	0.000001	0.000000	5	0	80	0
#57	PLAYER_GET_DESCRIPTION	1216	4864	0.000130	0.000000	1216	0	381890	0
#58	PLAYER_GET_EXTENDED_PROPS	547	2188	0.000059	0.000000	547	0	177888	0
#59	PLAYER_SET_HEAD_DATA	5	100	0.000001	0.000000	5	0	80	0
#61	PLAYER_WHO	0	0	0	0	54	4599	0	0
#69	COMBAT_EXIT	6755	0	0.000267	0.000000	13619	203368	108080	0
#71	GET_SHOP_INFO	141	564	0.000051	0.000000	141	0	789331	0
#73	SHOP_EXAMINE	68	544	0.000015	0.000000	68	0	16901	0
#74	SHOP_SELL	19	152	0.000034	0.000002	19	0	304	0
#75	SHOP_GET_PRICE	21	168	0.000002	0.000000	21	0	336	0
#76	MONEY_DROP	8	64	0.000001	0.000000	8	0	128	0
#77	MONEY_PUT	1	12	0.000000	0.000000	1	0	16	0
#78	MONEY_GIVE	5	60	0.000009	0.000002	5	0	80	0
#79	MONEY_TAKE	4719	18876	0.000947	0.000000	4719	0	75328	176
#80	CAST_SPELL	4582	73312	0.001404	0.000000	4582	0	73072	240
#81	PLAYER_INFO	0	0	0	0	4310	152893	0	0
#84	FATAL_DATA	44	15324	0.000017	0.000000	44	0	704	0
#87	GROUP_JOIN	30	120	0.000001	0.000000	90	1532	1574	0
#88	GROUP_LEAVE	2	0	0.000000	0.000000	64	806	32	0
#90	OLD_SECURITY	29	232	0.000001	0.000000	30	1995	0	0
#92	GET_POSN	233	932	0.000008	0.000000	233	0	6058	0
#94	GET_HOUSE	96	1172	0.000006	0.000000	96	0	0	1536
#95	GET_ENTRY_INFO	4906	19624	0.000216	0.000000	4906	0	83917	35184
#98	LOGIN_UPDATE	0	0	0	0	285	3135	0	0
#101	SHOP_RECHARGE	5	40	0.000000	0.000000	5	0	80	0
#102	SHOP_GET_RECHARGE_PRICE	7	56	0.000000	0.000000	7	0	112	0
#103	SET_TITLE	10	160	0.000013	0.000001	10	0	144	16
#104	TREE_GET	22	88	0.000002	0.000000	22	0	3979	16
#105	TREE_CHOOSE_TOPIC	28	112	0.000001	0.000000	28	0	4558	0
#106	TREE_GET_TEXT	12	48	0.000000	0.000000	12	0	962	0
#107	TREE_BACK	20	0	0.000001	0.000000	20	0	4056	0
#108	QUEST_ACCEPT	8	32	0.000001	0.000000	8	0	721	0
#110	GET_QUEST_LIST	1	0	0.000000	0.000000	1	0	84	0
#112	COMBAT_ACTION	9746	86780	0.000248	0.000000	0	0	0	0
#114	WHATS_NEW	4	0	0.000000	0.000000	4	60504	0	0
#115	SET_ENGRAVE_NAME	22	412	0.000000	0.000000	0	0	0	0
#116	GET_LOOK_INFO	314	1256	0.000059	0.000000	314	0	95377	0
#126	MASS_SELL	100	7268	0.000276	0.000003	100	0	14156	0
#127	MASS_BUY	89	3876	0.000027	0.000000	88	0	18718	0
#128	GET_SELL_PRICES	108	432	0.000018	0.000000	108	0	31924	0
#130	PLAYER_CHARACTER_LOGIN	233	932	0.000091	0.000000	233	0	12245	0
#131	GET_REPAIR_PRICES	127	508	0.000013	0.000000	127	0	7249	352
#132	MASS_REPAIR	105	3572	0.000005	0.000000	105	0	1680	0
#135	MAIL_LIST_GET	0	0	0	0	233	0	404	3616
#138	MAIL_MESSAGE_SEND	1	36	0.000000	0.000000	1	0	17	0
#145		9089	267832	0.000229	0.000000	0	0	0	0
#150	VERB_GET	13979	216948	0.018108	0.000001	13979	0	214976	8688
#151	VERB_DROP	327	3956	0.000058	0.000000	327	0	5200	32
#152	VERB_PUT_IN	1314	16960	0.000258	0.000000	1314	0	20896	128
#153	VERB_PUT_ON	640	7692	0.000119	0.000000	640	0	9408	832
#154	VERB_TAKE_OFF	559	6764	0.000108	0.000000	559	0	8912	32
#155	VERB_OPEN	1049	19036	0.000168	0.000000	1049	0	15472	1312
#156	VERB_CLOSE	60	1016	0.000005	0.000000	60	0	944	16
#157	VERB_LOCK	5	108	0.000000	0.000000	5	0	32	48
#158	VERB_UNLOCK	487	11168	0.000090	0.000000	487	0	6592	1200
#160	VERB_ENGAGE	5601	91132	0.000822	0.000000	5601	0	89072	544
#161	VERB_CONSUME	49	588	0.000008	0.000000	49	0	784	0
#162	VERB_SIT	10	120	0.000000	0.000000	10	0	160	0
#163	VERB_STAND	8	96	0.000000	0.000000	8	0	128	0
#164	VERB_GIVE	207	3112	0.000309	0.000001	207	0	3216	96
#165	VERB_MEMORIZE	479	5748	0.000064	0.000000	479	0	7232	432
#167	VERB_USE	60	744	0.000011	0.000000	60	0	960	0
#169	VERB_DYE	33	396	0.000008	0.000000	33	0	528	0
#180	NPC_PULSE	313213	0	0.110024	0.000000	0	0	0	0
#182	COMBAT_PULSE	313213	0	0.019489	0.000000	0	0	0	0
#184	PROCESS_AFFECT_PULSE	5220	0	0.602206	0.000115	0	0	0	0
#185	CHAR_DOIT_PULSE	348	0	0.000014	0.000000	0	0	0	0
#186	HEAL_PULSE	2610	0	0.000282	0.000000	0	0	0	0
#188	MONSTER_PULSE	2610	0	0.003911	0.000001	0	0	0	0
#189	MAINTENANCE_PULSE	2610	0	0.000001	0.000000	0	0	0	0
#193	TOSS_DEAD_HOUSES	10440	0	0.000801	0.000000	0	0	0	0
#194	DUNGEON_QUEUE_PULSE	20880	0	0.089776	0.000004	0	0	0	0
#196	AMBUSH_PULSE	62642	0	0.003533	0.000000	0	0	0	0
#197		5220	0	0.047041	0.000009	0	0	0	0
#210	DATAMGR_LOG_PERMANENT	0	0	0	0	114	5051	0	0
#211	DATAMGR_LOGIN	285	5319184	0.003574	0.000013	285	8756	0	0
#212	DATAMGR_LOGOUT	0	0	0	0	242	1210	0	0
#213	DATAMGR_NEW_CHAR	5	100	0.000005	0.000001	5	5970	0	0
#214	DATAMGR_SAVE_CHAR	0	0	0	0	47567	622829328	0	0
#215	DATAMGR_DEL_CHAR	0	0	0	0	2	18	0	0
#221	DATAMGR_NEW_HOUSE	0	0	0	0	5	10795	0	0
#222	DATAMGR_WRITE_HOUSE	0	0	0	0	14898	431605052	0	0
#224	DATAMGR_GET_HOUSE	194	5805440	0.002643	0.000014	194	3629	0	0
#225	DATAMGR_HELLO	0	0	0	0	1	3	0	0
#228	DATAMGR_LOGINMESSAGE	0	0	0	0	1	113	0	0
#231		4	60416	0.000001	0.000000	4	20	0	0
#232		0	0	0	0	22	809	0	0
#233		234	2132	0.000004	0.000000	234	2382	0	0
#234		0	0	0	0	6	54	0	0
#236		234	14288	0.000015	0.000000	18590	594242	0	0
#254	CLIENT_HACKED_MSG	11	88	0.000003	0.000000	0	0	0	0

	Total)	971727	14976152	0.921192	0.000001	1132456	1161312793	4605402	56624

Slowest Msg #184 took  0.000234 seconds.
Total process time = -2023.577980
Total run time =         313214