Msg#	Message	Count	Inbound	Total_Time	Average_Time	Count	Outbound	Acked	Naked
#1	CLIENT_CONNECTED	31	0	0.000001	0.000000	0	0	0	0
#2	CLIENT_HUNG_UP	28	0	0.000013	0.000000	0	0	0	0
#14	PLAYER_CHECK_LOGIN	46	1256	0.000002	0.000000	46	2874	0	0
#15	SECURITY	26	0	0.000000	0.000000	0	0	0	0
#16	INN_LOGIN	26	312	0.000001	0.000000	0	0	0	0
#17	SERVER_PING	1533	6132	0.000026	0.000000	1533	0	24528	0
#18	PLAYER_QUERY_CHARACTERS	26	0	0.000002	0.000000	26	13040	0	0
#21	PLAYER_LOGIN	0	0	0	0	26	0	416	0
#22	PLAYER_LOGOUT	3	0	0.000000	0.000000	0	0	0	0
#24	PLAYER_SYSTEM_MSG	0	0	0	0	39	3885	0	0
#25	PLAYER_ACK	0	0	0	0	6854	265662	0	0
#26	PLAYER_NAK	0	0	0	0	104	1664	0	0
#32	PLAYER_CHANGE_ROOM	346	4152	0.000040	0.000000	4	0	0	64
#33	PLAYER_NEW_ROOM	0	0	0	0	798	534550	0	0
#37	PLAYER_ROOM_CHAT	70	664	0.000008	0.000000	0	0	0	0
#38	PLAYER_TEXT	0	0	0	0	323	17621	0	0
#41	PLAYER_MOVIE	3935	101612	0.000084	0.000000	3935	0	62960	0
#42	PLAYER_MOVIE_DATA	0	0	0	0	17946	876690	0	0
#45	PLAYER_DESTROY_OBJECT	0	0	0	0	1715	31735	0	0
#48	PLAYER_CREATE_CHARACTER	6	132	0.000002	0.000000	6	0	1802	0
#49	PLAYER_DESTROY_CHARACTER	4	16	0.000001	0.000000	4	0	48	16
#52	PLAYER_SHIFT_ROOM	457	1828	0.000048	0.000000	19	0	378	16
#55	PLAYER_GET_BIOGRAPHY	18	72	0.000000	0.000000	18	0	1314	0
#56	PLAYER_SET_BIOGRAPHY	6	360	0.000001	0.000000	6	0	96	0
#57	PLAYER_GET_DESCRIPTION	2	8	0.000000	0.000000	2	0	581	0
#58	PLAYER_GET_EXTENDED_PROPS	33	132	0.000001	0.000000	33	0	11616	0
#59	PLAYER_SET_HEAD_DATA	6	120	0.000001	0.000000	6	0	96	0
#61	PLAYER_WHO	0	0	0	0	6	165	0	0
#69	COMBAT_EXIT	220	0	0.000006	0.000000	418	3588	3520	0
#71	GET_SHOP_INFO	31	124	0.000005	0.000000	31	0	129132	0
#73	SHOP_EXAMINE	4	32	0.000000	0.000000	4	0	876	0
#74	SHOP_SELL	2	16	0.000002	0.000001	2	0	32	0
#75	SHOP_GET_PRICE	2	16	0.000000	0.000000	2	0	32	0
#76	MONEY_DROP	1	8	0.000000	0.000000	1	0	16	0
#78	MONEY_GIVE	9	108	0.000005	0.000001	9	0	144	0
#79	MONEY_TAKE	1	4	0.000000	0.000000	1	0	16	0
#80	CAST_SPELL	75	1200	0.000008	0.000000	75	0	1200	0
#81	PLAYER_INFO	0	0	0	0	44	2142	0	0
#87	GROUP_JOIN	10	40	0.000000	0.000000	23	257	279	32
#88	GROUP_LEAVE	0	0	0	0	12	156	0	0
#90	OLD_SECURITY	7	56	0.000000	0.000000	8	501	0	0
#92	GET_POSN	22	88	0.000001	0.000000	22	0	572	0
#93	CHANGE_PASSWORD	1	20	0.000000	0.000000	1	0	16	0
#94	GET_HOUSE	1	12	0.000000	0.000000	1	0	0	16
#95	GET_ENTRY_INFO	237	948	0.000007	0.000000	237	0	5766	816
#98	LOGIN_UPDATE	0	0	0	0	45	495	0	0
#104	TREE_GET	1	4	0.000000	0.000000	1	0	179	0
#105	TREE_CHOOSE_TOPIC	1	4	0.000000	0.000000	1	0	81	0
#112	COMBAT_ACTION	330	3008	0.000006	0.000000	0	0	0	0
#114	WHATS_NEW	3	0	0.000000	0.000000	3	454	0	0
#116	GET_LOOK_INFO	11	44	0.000001	0.000000	11	0	3026	0
#126	MASS_SELL	10	1012	0.000005	0.000001	10	0	1994	0
#127	MASS_BUY	19	508	0.000002	0.000000	19	0	1882	0
#128	GET_SELL_PRICES	10	40	0.000001	0.000000	10	0	2362	0
#130	PLAYER_CHARACTER_LOGIN	22	88	0.000003	0.000000	22	0	574	0
#135	MAIL_LIST_GET	0	0	0	0	22	0	0	352
#145		129	1696	0.000002	0.000000	0	0	0	0
#150	VERB_GET	328	6388	0.000136	0.000000	328	0	5152	96
#151	VERB_DROP	19	228	0.000001	0.000000	19	0	304	0
#153	VERB_PUT_ON	14	168	0.000001	0.000000	14	0	208	16
#154	VERB_TAKE_OFF	16	192	0.000001	0.000000	16	0	256	0
#155	VERB_OPEN	63	1548	0.000003	0.000000	63	0	1008	0
#156	VERB_CLOSE	2	24	0.000000	0.000000	2	0	0	32
#160	VERB_ENGAGE	117	1884	0.000011	0.000000	117	0	1872	0
#161	VERB_CONSUME	16	192	0.000002	0.000000	16	0	256	0
#164	VERB_GIVE	26	352	0.000011	0.000000	26	0	384	32
#165	VERB_MEMORIZE	54	648	0.000005	0.000000	54	0	688	176
#180	NPC_PULSE	231197	0	-1.632531	-0.000007	0	0	0	0
#182	COMBAT_PULSE	231197	0	0.000287	0.000000	0	0	0	0
#184	PROCESS_AFFECT_PULSE	3853	0	0.326639	0.000085	0	0	0	0
#185	CHAR_DOIT_PULSE	256	0	0.000005	0.000000	0	0	0	0
#186	HEAL_PULSE	1926	0	0.000075	0.000000	0	0	0	0
#188	MONSTER_PULSE	1926	0	0.000797	0.000000	0	0	0	0
#189	MAINTENANCE_PULSE	1926	0	0.000001	0.000000	0	0	0	0
#193	TOSS_DEAD_HOUSES	7706	0	0.000014	0.000000	0	0	0	0
#194	DUNGEON_QUEUE_PULSE	15413	0	0.001906	0.000000	0	0	0	0
#196	AMBUSH_PULSE	46239	0	0.002821	0.000000	0	0	0	0
#197		3853	0	0.000295	0.000000	0	0	0	0
#210	DATAMGR_LOG_PERMANENT	0	0	0	0	18	557	0	0
#211	DATAMGR_LOGIN	45	64532	0.000027	0.000001	45	1478	0	0
#212	DATAMGR_LOGOUT	0	0	0	0	23	115	0	0
#213	DATAMGR_NEW_CHAR	6	120	0.000004	0.000001	6	7225	0	0
#214	DATAMGR_SAVE_CHAR	0	0	0	0	1793	4698999	0	0
#215	DATAMGR_DEL_CHAR	0	0	0	0	3	27	0	0
#220	DATAMGR_SETPASS	0	0	0	0	1	14	0	0
#221	DATAMGR_NEW_HOUSE	0	0	0	0	6	12914	0	0
#222	DATAMGR_WRITE_HOUSE	0	0	0	0	59	160056	0	0
#224	DATAMGR_GET_HOUSE	18	50372	0.000012	0.000001	18	282	0	0
#225	DATAMGR_HELLO	0	0	0	0	1	3	0	0
#231		3	448	0.000000	0.000000	3	15	0	0
#233		22	176	0.000000	0.000000	22	220	0	0
#236		22	552	0.000001	0.000000	151	2242	0	0

	Total)	554024	253696	-1.299188	-0.000002	37288	6639626	265662	1664

Slowest Msg #184 took  0.000197 seconds.
Total process time = -39.854172
Total run time =         231198