Msg#	Message	Count	Inbound	Total_Time	Average_Time	Count	Outbound	Acked	Naked
#1	CLIENT_CONNECTED	67	0	0.000003	0.000000	0	0	0	0
#2	CLIENT_HUNG_UP	62	0	0.000044	0.000001	0	0	0	0
#14	PLAYER_CHECK_LOGIN	68	1868	0.000003	0.000000	68	1726	0	0
#15	SECURITY	65	0	0.000000	0.000000	0	0	0	0
#16	INN_LOGIN	65	780	0.000001	0.000000	0	0	0	0
#17	SERVER_PING	5655	22620	0.000083	0.000000	5655	0	90480	0
#18	PLAYER_QUERY_CHARACTERS	65	0	0.000005	0.000000	65	33218	0	0
#21	PLAYER_LOGIN	0	0	0	0	65	0	1040	0
#22	PLAYER_LOGOUT	21	0	0.000000	0.000000	0	0	0	0
#24	PLAYER_SYSTEM_MSG	0	0	0	0	70	12430	0	0
#25	PLAYER_ACK	0	0	0	0	44505	1446325	0	0
#26	PLAYER_NAK	0	0	0	0	411	6576	0	0
#32	PLAYER_CHANGE_ROOM	1230	14760	0.000180	0.000000	59	0	0	944
#33	PLAYER_NEW_ROOM	0	0	0	0	6942	4769505	0	0
#37	PLAYER_ROOM_CHAT	978	27140	0.000162	0.000000	0	0	0	0
#38	PLAYER_TEXT	0	0	0	0	9714	563509	0	0
#41	PLAYER_MOVIE	29004	794028	0.000650	0.000000	28989	0	463824	0
#42	PLAYER_MOVIE_DATA	0	0	0	0	146987	9592095	0	0
#45	PLAYER_DESTROY_OBJECT	0	0	0	0	13689	250673	0	0
#48	PLAYER_CREATE_CHARACTER	7	168	0.000004	0.000001	7	0	2608	0
#52	PLAYER_SHIFT_ROOM	5794	23176	0.000845	0.000000	60	0	777	368
#55	PLAYER_GET_BIOGRAPHY	141	564	0.000003	0.000000	141	0	9657	0
#56	PLAYER_SET_BIOGRAPHY	7	372	0.000001	0.000000	7	0	112	0
#57	PLAYER_GET_DESCRIPTION	167	668	0.000010	0.000000	167	0	44679	0
#58	PLAYER_GET_EXTENDED_PROPS	134	536	0.000005	0.000000	134	0	45822	0
#59	PLAYER_SET_HEAD_DATA	7	140	0.000001	0.000000	7	0	112	0
#61	PLAYER_WHO	0	0	0	0	23	1495	0	0
#69	COMBAT_EXIT	2273	0	0.000069	0.000000	4701	44808	36368	0
#71	GET_SHOP_INFO	175	700	0.000024	0.000000	175	0	568432	0
#73	SHOP_EXAMINE	18	144	0.000001	0.000000	18	0	4297	0
#74	SHOP_SELL	10	80	0.000008	0.000001	10	0	160	0
#75	SHOP_GET_PRICE	10	80	0.000001	0.000000	10	0	160	0
#76	MONEY_DROP	3	24	0.000000	0.000000	3	0	48	0
#78	MONEY_GIVE	10	120	0.000007	0.000001	10	0	160	0
#79	MONEY_TAKE	73	292	0.000008	0.000000	73	0	1168	0
#80	CAST_SPELL	1401	22416	0.000164	0.000000	1401	0	22224	192
#81	PLAYER_INFO	0	0	0	0	132	5941	0	0
#87	GROUP_JOIN	35	140	0.000001	0.000000	104	1522	1698	64
#88	GROUP_LEAVE	5	0	0.000000	0.000000	74	897	80	0
#90	OLD_SECURITY	31	248	0.000001	0.000000	31	1990	0	0
#92	GET_POSN	63	252	0.000002	0.000000	63	0	1638	0
#94	GET_HOUSE	18	216	0.000001	0.000000	18	0	0	288
#95	GET_ENTRY_INFO	548	2192	0.000017	0.000000	548	0	12896	2112
#98	LOGIN_UPDATE	0	0	0	0	67	737	0	0
#101	SHOP_RECHARGE	14	112	0.000000	0.000000	14	0	224	0
#102	SHOP_GET_RECHARGE_PRICE	18	144	0.000000	0.000000	18	0	288	0
#104	TREE_GET	9	36	0.000001	0.000000	9	0	2130	0
#105	TREE_CHOOSE_TOPIC	16	64	0.000000	0.000000	16	0	4389	0
#107	TREE_BACK	1	0	0.000000	0.000000	1	0	146	0
#108	QUEST_ACCEPT	1	4	0.000000	0.000000	1	0	110	0
#110	GET_QUEST_LIST	3	0	0.000000	0.000000	3	0	57	0
#112	COMBAT_ACTION	5870	72616	0.000113	0.000000	0	0	0	0
#113	CREATE_OBJECT	6	120	0.000002	0.000000	0	0	0	0
#115	SET_ENGRAVE_NAME	26	488	0.000001	0.000000	0	0	0	0
#116	GET_LOOK_INFO	71	284	0.000005	0.000000	71	0	18534	0
#122	REPAIR	1	8	0.000000	0.000000	1	0	16	0
#123	GET_REPAIR_PRICE	1	8	0.000000	0.000000	1	0	16	0
#126	MASS_SELL	74	4940	0.000036	0.000000	74	0	9634	0
#127	MASS_BUY	106	2808	0.000014	0.000000	106	0	13265	0
#128	GET_SELL_PRICES	87	348	0.000005	0.000000	87	0	15454	16
#130	PLAYER_CHARACTER_LOGIN	63	252	0.000005	0.000000	63	0	2415	0
#131	GET_REPAIR_PRICES	25	100	0.000001	0.000000	25	0	858	112
#132	MASS_REPAIR	17	400	0.000000	0.000000	17	0	272	0
#135	MAIL_LIST_GET	0	0	0	0	63	0	494	880
#136	MAIL_MESSAGE_GET	2	8	0.000000	0.000000	2	0	607	0
#145		5046	147500	0.000089	0.000000	0	0	0	0
#150	VERB_GET	1864	31664	0.000867	0.000000	1864	0	29600	224
#151	VERB_DROP	97	1192	0.000008	0.000000	97	0	1552	0
#152	VERB_PUT_IN	25	324	0.000002	0.000000	25	0	400	0
#153	VERB_PUT_ON	129	1548	0.000010	0.000000	129	0	1888	176
#154	VERB_TAKE_OFF	92	1112	0.000007	0.000000	92	0	1472	0
#155	VERB_OPEN	203	4144	0.000011	0.000000	203	0	3232	16
#156	VERB_CLOSE	11	168	0.000000	0.000000	11	0	176	0
#158	VERB_UNLOCK	30	776	0.000004	0.000000	30	0	480	0
#160	VERB_ENGAGE	1492	23960	0.000124	0.000000	1492	0	23376	496
#161	VERB_CONSUME	93	1116	0.000016	0.000000	93	0	1488	0
#162	VERB_SIT	4	48	0.000000	0.000000	4	0	64	0
#163	VERB_STAND	3	36	0.000000	0.000000	3	0	48	0
#164	VERB_GIVE	72	1040	0.000044	0.000001	72	0	1120	32
#165	VERB_MEMORIZE	272	3264	0.000029	0.000000	272	0	3696	656
#167	VERB_USE	24	288	0.000003	0.000000	24	0	384	0
#180	NPC_PULSE	132540	0	1.142881	0.000009	0	0	0	0
#182	COMBAT_PULSE	132540	0	0.001384	0.000000	0	0	0	0
#184	PROCESS_AFFECT_PULSE	2209	0	0.151470	0.000069	0	0	0	0
#185	CHAR_DOIT_PULSE	147	0	0.000002	0.000000	0	0	0	0
#186	HEAL_PULSE	1104	0	0.000033	0.000000	0	0	0	0
#188	MONSTER_PULSE	1104	0	0.000578	0.000001	0	0	0	0
#189	MAINTENANCE_PULSE	1104	0	0.000001	0.000000	0	0	0	0
#193	TOSS_DEAD_HOUSES	4418	0	0.000052	0.000000	0	0	0	0
#194	DUNGEON_QUEUE_PULSE	8836	0	0.001627	0.000000	0	0	0	0
#196	AMBUSH_PULSE	26508	0	0.001152	0.000000	0	0	0	0
#197		2209	0	0.001590	0.000001	0	0	0	0
#210	DATAMGR_LOG_PERMANENT	0	0	0	0	39	1445	0	0
#211	DATAMGR_LOGIN	67	170804	0.000076	0.000001	67	2284	0	0
#212	DATAMGR_LOGOUT	0	0	0	0	60	300	0	0
#213	DATAMGR_NEW_CHAR	7	140	0.000005	0.000001	7	10970	0	0
#214	DATAMGR_SAVE_CHAR	0	0	0	0	7577	27889820	0	0
#221	DATAMGR_NEW_HOUSE	0	0	0	0	7	15161	0	0
#222	DATAMGR_WRITE_HOUSE	0	0	0	0	1543	5364905	0	0
#224	DATAMGR_GET_HOUSE	59	234828	0.000090	0.000002	59	1052	0	0
#225	DATAMGR_HELLO	0	0	0	0	1	3	0	0
#232		0	0	0	0	26	965	0	0
#233		65	1420	0.000001	0.000000	65	658	0	0
#236		63	2688	0.000002	0.000000	6390	205276	0	0

	Total)	377058	1624524	1.304645	0.000003	286027	50226286	1446325	6576

Slowest Msg #184 took  0.000114 seconds.
Total process time =  1690.181928
Total run time =         132541