Msg#	Message	Count	Inbound	Total_Time	Average_Time	Count	Outbound	Acked	Naked
#1	CLIENT_CONNECTED	44	0	0.000002	0.000000	0	0	0	0
#2	CLIENT_HUNG_UP	25	0	0.000025	0.000001	0	0	0	0
#14	PLAYER_CHECK_LOGIN	44	1136	0.000002	0.000000	44	1014	0	0
#15	SECURITY	43	0	0.000000	0.000000	0	0	0	0
#16	INN_LOGIN	43	516	0.000001	0.000000	0	0	0	0
#17	SERVER_PING	7350	29400	0.000116	0.000000	7350	0	117600	0
#18	PLAYER_QUERY_CHARACTERS	43	0	0.000007	0.000000	43	74586	0	0
#21	PLAYER_LOGIN	0	0	0	0	43	0	688	0
#22	PLAYER_LOGOUT	8	0	0.000000	0.000000	0	0	0	0
#24	PLAYER_SYSTEM_MSG	0	0	0	0	165	21928	0	0
#25	PLAYER_ACK	0	0	0	0	34090	927468	0	0
#26	PLAYER_NAK	0	0	0	0	288	4608	0	0
#32	PLAYER_CHANGE_ROOM	1099	13188	0.000242	0.000000	45	0	0	720
#33	PLAYER_NEW_ROOM	0	0	0	0	3363	3817627	0	0
#37	PLAYER_ROOM_CHAT	1140	30244	0.000233	0.000000	0	0	0	0
#38	PLAYER_TEXT	0	0	0	0	12281	711767	0	0
#41	PLAYER_MOVIE	19523	475168	0.000466	0.000000	19501	0	312016	0
#42	PLAYER_MOVIE_DATA	0	0	0	0	146836	12984833	0	0
#45	PLAYER_DESTROY_OBJECT	0	0	0	0	14911	272435	0	0
#48	PLAYER_CREATE_CHARACTER	1	20	0.000001	0.000001	1	0	388	0
#49	PLAYER_DESTROY_CHARACTER	2	8	0.000000	0.000000	2	0	16	16
#52	PLAYER_SHIFT_ROOM	2342	9368	0.000460	0.000000	92	0	1239	528
#55	PLAYER_GET_BIOGRAPHY	96	384	0.000002	0.000000	96	0	6684	0
#56	PLAYER_SET_BIOGRAPHY	1	60	0.000000	0.000000	1	0	16	0
#57	PLAYER_GET_DESCRIPTION	241	964	0.000016	0.000000	241	0	78596	0
#58	PLAYER_GET_EXTENDED_PROPS	91	364	0.000005	0.000000	91	0	29897	0
#59	PLAYER_SET_HEAD_DATA	1	20	0.000000	0.000000	1	0	16	0
#61	PLAYER_WHO	0	0	0	0	8	1463	0	0
#69	COMBAT_EXIT	1510	0	0.000051	0.000000	3454	39112	24160	0
#71	GET_SHOP_INFO	26	104	0.000010	0.000000	26	0	235322	0
#73	SHOP_EXAMINE	16	128	0.000001	0.000000	16	0	4015	0
#74	SHOP_SELL	9	72	0.000013	0.000001	9	0	144	0
#75	SHOP_GET_PRICE	9	72	0.000001	0.000000	9	0	144	0
#76	MONEY_DROP	4	32	0.000000	0.000000	4	0	64	0
#77	MONEY_PUT	70	840	0.000006	0.000000	70	0	1120	0
#79	MONEY_TAKE	182	728	0.000025	0.000000	182	0	2864	48
#80	CAST_SPELL	1285	20560	0.000215	0.000000	1282	0	20432	80
#81	PLAYER_INFO	0	0	0	0	86	3904	0	0
#84	FATAL_DATA	3	1100	0.000001	0.000000	3	0	48	0
#87	GROUP_JOIN	37	148	0.000001	0.000000	105	1604	1652	144
#88	GROUP_LEAVE	2	0	0.000000	0.000000	40	494	32	0
#90	OLD_SECURITY	28	224	0.000001	0.000000	28	1839	0	0
#92	GET_POSN	43	172	0.000002	0.000000	43	0	1118	0
#94	GET_HOUSE	6	72	0.000000	0.000000	6	0	0	96
#95	GET_ENTRY_INFO	336	1344	0.000011	0.000000	336	0	8494	992
#98	LOGIN_UPDATE	0	0	0	0	44	484	0	0
#104	TREE_GET	13	52	0.000001	0.000000	13	0	1191	0
#105	TREE_CHOOSE_TOPIC	11	44	0.000000	0.000000	11	0	1507	0
#107	TREE_BACK	6	0	0.000000	0.000000	6	0	653	0
#108	QUEST_ACCEPT	4	16	0.000000	0.000000	4	0	412	0
#112	COMBAT_ACTION	3488	41336	0.000068	0.000000	0	0	0	0
#114	WHATS_NEW	6	0	0.000000	0.000000	6	35016	0	0
#115	SET_ENGRAVE_NAME	5	128	0.000000	0.000000	0	0	0	0
#116	GET_LOOK_INFO	48	192	0.000006	0.000000	48	0	14315	0
#126	MASS_SELL	12	1336	0.000012	0.000001	12	0	2636	0
#127	MASS_BUY	13	468	0.000004	0.000000	13	0	2706	0
#128	GET_SELL_PRICES	14	56	0.000001	0.000000	14	0	4758	0
#130	PLAYER_CHARACTER_LOGIN	43	172	0.000007	0.000000	43	0	1987	0
#131	GET_REPAIR_PRICES	5	20	0.000000	0.000000	5	0	437	0
#132	MASS_REPAIR	4	172	0.000000	0.000000	4	0	64	0
#135	MAIL_LIST_GET	0	0	0	0	43	0	821	592
#145		3626	109384	0.000069	0.000000	0	0	0	0
#150	VERB_GET	1353	23460	0.000943	0.000001	1353	0	21216	432
#151	VERB_DROP	89	1076	0.000013	0.000000	89	0	1424	0
#152	VERB_PUT_IN	99	1260	0.000027	0.000000	99	0	1584	0
#153	VERB_PUT_ON	180	2176	0.000020	0.000000	180	0	2544	336
#154	VERB_TAKE_OFF	130	1576	0.000012	0.000000	130	0	2080	0
#155	VERB_OPEN	496	8920	0.000036	0.000000	496	0	7664	272
#156	VERB_CLOSE	15	320	0.000001	0.000000	15	0	240	0
#157	VERB_LOCK	1	24	0.000000	0.000000	1	0	16	0
#158	VERB_UNLOCK	19	484	0.000004	0.000000	19	0	240	64
#160	VERB_ENGAGE	602	10020	0.000069	0.000000	602	0	9440	192
#161	VERB_CONSUME	19	228	0.000002	0.000000	19	0	304	0
#162	VERB_SIT	2	24	0.000000	0.000000	2	0	32	0
#163	VERB_STAND	2	24	0.000000	0.000000	2	0	32	0
#164	VERB_GIVE	57	904	0.000045	0.000001	57	0	832	80
#165	VERB_MEMORIZE	40	480	0.000006	0.000000	40	0	624	16
#167	VERB_USE	16	192	0.000002	0.000000	16	0	256	0
#169	VERB_DYE	43	516	0.000008	0.000000	43	0	688	0
#180	NPC_PULSE	24328	0	0.245870	0.000010	0	0	0	0
#182	COMBAT_PULSE	24327	0	0.001129	0.000000	0	0	0	0
#184	PROCESS_AFFECT_PULSE	405	0	0.032748	0.000081	0	0	0	0
#185	CHAR_DOIT_PULSE	27	0	0.000001	0.000000	0	0	0	0
#186	HEAL_PULSE	202	0	0.000013	0.000000	0	0	0	0
#188	MONSTER_PULSE	202	0	0.000205	0.000001	0	0	0	0
#189	MAINTENANCE_PULSE	202	0	0.000000	0.000000	0	0	0	0
#193	TOSS_DEAD_HOUSES	810	0	0.000087	0.000000	0	0	0	0
#194	DUNGEON_QUEUE_PULSE	1621	0	0.001185	0.000001	0	0	0	0
#196	AMBUSH_PULSE	4865	0	0.000236	0.000000	0	0	0	0
#197		405	0	0.002697	0.000007	0	0	0	0
#210	DATAMGR_LOG_PERMANENT	0	0	0	0	118	5243	0	0
#211	DATAMGR_LOGIN	44	340228	0.000126	0.000003	44	1437	0	0
#212	DATAMGR_LOGOUT	0	0	0	0	24	120	0	0
#213	DATAMGR_NEW_CHAR	1	20	0.000001	0.000001	1	1685	0	0
#214	DATAMGR_SAVE_CHAR	0	0	0	0	8514	58123634	0	0
#215	DATAMGR_DEL_CHAR	0	0	0	0	1	9	0	0
#221	DATAMGR_NEW_HOUSE	0	0	0	0	1	2149	0	0
#222	DATAMGR_WRITE_HOUSE	0	0	0	0	2235	13753326	0	0
#224	DATAMGR_GET_HOUSE	59	904568	0.000317	0.000005	59	1115	0	0
#225	DATAMGR_HELLO	0	0	0	0	1	3	0	0
#231		6	34968	0.000000	0.000000	6	30	0	0
#232		0	0	0	0	5	208	0	0
#233		43	1036	0.000000	0.000000	43	430	0	0
#236		44	2124	0.000002	0.000000	4442	145287	0	0

	Total)	103755	2074440	0.287889	0.000003	264115	90934858	927468	4608

Slowest Msg #184 took  0.000110 seconds.
Total process time =  418.023001
Total run time =          24328