Msg#	Message	Count	Inbound	Total_Time	Average_Time	Count	Outbound	Acked	Naked
#1	CLIENT_CONNECTED	249	0	0.000008	0.000000	0	0	0	0
#2	CLIENT_HUNG_UP	237	0	0.000180	0.000001	0	0	0	0
#14	PLAYER_CHECK_LOGIN	265	6428	0.000009	0.000000	265	7959	0	0
#15	SECURITY	240	0	0.000000	0.000000	0	0	0	0
#16	INN_LOGIN	240	2880	0.000004	0.000000	0	0	0	0
#17	SERVER_PING	26325	105300	0.000423	0.000000	26325	0	421200	0
#18	PLAYER_QUERY_CHARACTERS	240	0	0.000044	0.000000	240	464582	0	0
#21	PLAYER_LOGIN	0	0	0	0	240	0	3840	0
#22	PLAYER_LOGOUT	82	0	0.000000	0.000000	0	0	0	0
#24	PLAYER_SYSTEM_MSG	0	0	0	0	304	30847	0	0
#25	PLAYER_ACK	0	0	0	0	102807	2632496	0	0
#26	PLAYER_NAK	0	0	0	0	995	15920	0	0
#32	PLAYER_CHANGE_ROOM	3645	43740	0.001039	0.000000	62	0	0	992
#33	PLAYER_NEW_ROOM	0	0	0	0	10647	18907877	0	0
#37	PLAYER_ROOM_CHAT	4208	105080	0.000681	0.000000	0	0	0	0
#38	PLAYER_TEXT	0	0	0	0	43078	2613735	0	0
#41	PLAYER_MOVIE	55666	1414184	0.001243	0.000000	55634	0	890144	0
#42	PLAYER_MOVIE_DATA	0	0	0	0	526764	63013843	0	0
#45	PLAYER_DESTROY_OBJECT	0	0	0	0	47657	844289	0	0
#48	PLAYER_CREATE_CHARACTER	5	108	0.000002	0.000000	5	0	1269	16
#49	PLAYER_DESTROY_CHARACTER	2	8	0.000000	0.000000	2	0	32	0
#52	PLAYER_SHIFT_ROOM	7129	28516	0.001409	0.000000	121	0	1176	1040
#55	PLAYER_GET_BIOGRAPHY	316	1264	0.000007	0.000000	316	0	23068	0
#56	PLAYER_SET_BIOGRAPHY	4	240	0.000001	0.000000	4	0	64	0
#57	PLAYER_GET_DESCRIPTION	383	1532	0.000025	0.000000	383	0	128582	0
#58	PLAYER_GET_EXTENDED_PROPS	397	1588	0.000018	0.000000	397	0	132571	0
#59	PLAYER_SET_HEAD_DATA	4	80	0.000001	0.000000	4	0	64	0
#61	PLAYER_WHO	0	0	0	0	73	6571	0	0
#69	COMBAT_EXIT	4859	0	0.000139	0.000000	10215	110672	77744	0
#71	GET_SHOP_INFO	90	360	0.000012	0.000000	90	0	616661	0
#73	SHOP_EXAMINE	18	144	0.000001	0.000000	18	0	4388	0
#74	SHOP_SELL	25	200	0.000021	0.000001	25	0	400	0
#75	SHOP_GET_PRICE	28	224	0.000001	0.000000	28	0	448	0
#76	MONEY_DROP	6	48	0.000001	0.000000	6	0	96	0
#78	MONEY_GIVE	7	84	0.000009	0.000001	7	0	96	16
#79	MONEY_TAKE	935	3740	0.000080	0.000000	935	0	14800	160
#80	CAST_SPELL	5429	86864	0.000910	0.000000	5429	0	86528	336
#81	PLAYER_INFO	0	0	0	0	472	21322	0	0
#84	FATAL_DATA	19	7748	0.000007	0.000000	19	0	304	0
#87	GROUP_JOIN	116	464	0.000004	0.000000	393	6479	6739	112
#88	GROUP_LEAVE	12	0	0.000000	0.000000	259	3211	192	0
#90	OLD_SECURITY	107	856	0.000004	0.000000	109	7424	0	0
#92	GET_POSN	236	944	0.000006	0.000000	236	0	6136	0
#93	CHANGE_PASSWORD	2	40	0.000000	0.000000	2	0	16	16
#94	GET_HOUSE	67	912	0.000002	0.000000	67	0	0	1072
#95	GET_ENTRY_INFO	1197	4788	0.000033	0.000000	1197	0	24304	6608
#98	LOGIN_UPDATE	0	0	0	0	262	2882	0	0
#101	SHOP_RECHARGE	7	56	0.000000	0.000000	7	0	96	16
#102	SHOP_GET_RECHARGE_PRICE	11	88	0.000000	0.000000	11	0	176	0
#103	SET_TITLE	8	128	0.000003	0.000000	8	0	112	16
#104	TREE_GET	3	12	0.000000	0.000000	3	0	550	0
#105	TREE_CHOOSE_TOPIC	4	16	0.000000	0.000000	4	0	839	0
#106	TREE_GET_TEXT	2	8	0.000000	0.000000	2	0	210	0
#107	TREE_BACK	1	0	0.000000	0.000000	1	0	146	0
#108	QUEST_ACCEPT	1	4	0.000000	0.000000	1	0	110	0
#110	GET_QUEST_LIST	2	0	0.000000	0.000000	2	0	38	0
#112	COMBAT_ACTION	10015	94024	0.000153	0.000000	0	0	0	0
#114	WHATS_NEW	1	0	0.000000	0.000000	1	87	0	0
#115	SET_ENGRAVE_NAME	8	128	0.000000	0.000000	0	0	0	0
#116	GET_LOOK_INFO	160	640	0.000015	0.000000	160	0	48134	0
#126	MASS_SELL	31	2036	0.000025	0.000001	31	0	3979	0
#127	MASS_BUY	56	1524	0.000008	0.000000	56	0	8559	0
#128	GET_SELL_PRICES	34	136	0.000002	0.000000	34	0	9169	16
#130	PLAYER_CHARACTER_LOGIN	236	944	0.000041	0.000000	236	0	11555	0
#131	GET_REPAIR_PRICES	90	360	0.000005	0.000000	90	0	3479	560
#132	MASS_REPAIR	52	1612	0.000001	0.000000	52	0	832	0
#133	ROCKING	0	0	0	0	11	0	187	0
#135	MAIL_LIST_GET	0	0	0	0	236	0	3201	3248
#136	MAIL_MESSAGE_GET	3	12	0.000000	0.000000	3	0	854	0
#145		9343	253224	0.000183	0.000000	0	0	0	0
#150	VERB_GET	3059	49940	0.002225	0.000001	3059	0	48640	304
#151	VERB_DROP	159	1908	0.000015	0.000000	159	0	2528	16
#152	VERB_PUT_IN	409	5280	0.000047	0.000000	409	0	6400	144
#153	VERB_PUT_ON	408	4984	0.000037	0.000000	408	0	5968	560
#154	VERB_TAKE_OFF	310	3792	0.000024	0.000000	310	0	4960	0
#155	VERB_OPEN	421	8044	0.000067	0.000000	421	0	6624	112
#156	VERB_CLOSE	39	580	0.000001	0.000000	39	0	624	0
#158	VERB_UNLOCK	78	1944	0.000011	0.000000	78	0	1232	16
#160	VERB_ENGAGE	937	15092	0.000090	0.000000	937	0	14768	224
#161	VERB_CONSUME	138	1656	0.000018	0.000000	138	0	2208	0
#162	VERB_SIT	19	228	0.000000	0.000000	19	0	304	0
#163	VERB_STAND	9	108	0.000000	0.000000	9	0	144	0
#164	VERB_GIVE	157	2620	0.000161	0.000001	157	0	2432	80
#165	VERB_MEMORIZE	137	1644	0.000011	0.000000	137	0	1952	240
#166	VERB_ROB	1	12	0.000000	0.000000	1	0	16	0
#167	VERB_USE	6	72	0.000001	0.000000	6	0	96	0
#169	VERB_DYE	32	384	0.000003	0.000000	32	0	512	0
#180	NPC_PULSE	190119	0	2.094190	0.000011	0	0	0	0
#182	COMBAT_PULSE	190119	0	0.008427	0.000000	0	0	0	0
#184	PROCESS_AFFECT_PULSE	3168	0	0.255073	0.000081	0	0	0	0
#185	CHAR_DOIT_PULSE	211	0	0.000005	0.000000	0	0	0	0
#186	HEAL_PULSE	1584	0	0.000065	0.000000	0	0	0	0
#188	MONSTER_PULSE	1584	0	0.000747	0.000000	0	0	0	0
#189	MAINTENANCE_PULSE	1584	0	0.000001	0.000000	0	0	0	0
#193	TOSS_DEAD_HOUSES	6337	0	0.000358	0.000000	0	0	0	0
#194	DUNGEON_QUEUE_PULSE	12674	0	0.009409	0.000001	0	0	0	0
#196	AMBUSH_PULSE	38023	0	0.001125	0.000000	0	0	0	0
#197		3168	0	0.017334	0.000005	0	0	0	0
#210	DATAMGR_LOG_PERMANENT	0	0	0	0	176	8587	0	0
#211	DATAMGR_LOGIN	262	2139108	0.001310	0.000005	262	7950	0	0
#212	DATAMGR_LOGOUT	0	0	0	0	228	1140	0	0
#213	DATAMGR_NEW_CHAR	5	100	0.000002	0.000000	5	6273	0	0
#214	DATAMGR_SAVE_CHAR	0	0	0	0	29138	260722021	0	0
#215	DATAMGR_DEL_CHAR	0	0	0	0	2	18	0	0
#218	DATAMGR_REVOKE	0	0	0	0	1	6	0	0
#219	DATAMGR_GAG	0	0	0	0	1	6	0	0
#221	DATAMGR_NEW_HOUSE	0	0	0	0	4	8618	0	0
#222	DATAMGR_WRITE_HOUSE	0	0	0	0	3260	77425983	0	0
#224	DATAMGR_GET_HOUSE	221	3936088	0.002548	0.000012	221	4370	0	0
#225	DATAMGR_HELLO	0	0	0	0	1	3	0	0
#231		1	84	0.000000	0.000000	1	5	0	0
#232		0	0	0	0	8	285	0	0
#233		239	5240	0.000003	0.000000	239	2402	0	0
#234		0	0	0	0	48	432	0	0
#236		241	12428	0.000006	0.000000	10167	298673	0	0

	Total)	588717	8364652	2.400077	0.000004	887122	427176968	2632496	15920

Slowest Msg #184 took  0.000122 seconds.
Total process time = -886.659164
Total run time =         190120