Msg#	Message	Count	Inbound	Total_Time	Average_Time	Count	Outbound	Acked	Naked
#1	CLIENT_CONNECTED	34	0	0.000001	0.000000	0	0	0	0
#2	CLIENT_HUNG_UP	31	0	0.000035	0.000001	0	0	0	0
#14	PLAYER_CHECK_LOGIN	34	764	0.000001	0.000000	34	714	0	0
#15	SECURITY	34	0	0.000000	0.000000	0	0	0	0
#16	INN_LOGIN	34	408	0.000000	0.000000	0	0	0	0
#17	SERVER_PING	1854	7416	0.000027	0.000000	1854	0	29664	0
#18	PLAYER_QUERY_CHARACTERS	34	0	0.000005	0.000000	34	62132	0	0
#21	PLAYER_LOGIN	0	0	0	0	34	0	544	0
#22	PLAYER_LOGOUT	12	0	0.000000	0.000000	0	0	0	0
#24	PLAYER_SYSTEM_MSG	0	0	0	0	21	3301	0	0
#25	PLAYER_ACK	0	0	0	0	11761	415354	0	0
#26	PLAYER_NAK	0	0	0	0	109	1744	0	0
#32	PLAYER_CHANGE_ROOM	366	4392	0.000118	0.000000	24	0	0	384
#33	PLAYER_NEW_ROOM	0	0	0	0	1129	1928115	0	0
#37	PLAYER_ROOM_CHAT	224	3256	0.000022	0.000000	0	0	0	0
#38	PLAYER_TEXT	0	0	0	0	1723	98885	0	0
#41	PLAYER_MOVIE	6330	160792	0.000148	0.000000	6322	0	101152	0
#42	PLAYER_MOVIE_DATA	0	0	0	0	60367	6497013	0	0
#45	PLAYER_DESTROY_OBJECT	0	0	0	0	3386	60406	0	0
#48	PLAYER_CREATE_CHARACTER	2	64	0.000001	0.000000	2	0	651	0
#52	PLAYER_SHIFT_ROOM	789	3156	0.000181	0.000000	18	0	336	32
#55	PLAYER_GET_BIOGRAPHY	182	728	0.000004	0.000000	182	0	23886	0
#56	PLAYER_SET_BIOGRAPHY	2	124	0.000000	0.000000	2	0	32	0
#57	PLAYER_GET_DESCRIPTION	142	568	0.000009	0.000000	142	0	59529	0
#58	PLAYER_GET_EXTENDED_PROPS	122	488	0.000007	0.000000	122	0	41425	0
#59	PLAYER_SET_HEAD_DATA	2	40	0.000000	0.000000	2	0	32	0
#61	PLAYER_WHO	0	0	0	0	4	498	0	0
#69	COMBAT_EXIT	482	0	0.000016	0.000000	1004	9868	7696	16
#71	GET_SHOP_INFO	32	128	0.000004	0.000000	32	0	73545	0
#75	SHOP_GET_PRICE	2	16	0.000000	0.000000	2	0	32	0
#76	MONEY_DROP	2	16	0.000000	0.000000	2	0	32	0
#78	MONEY_GIVE	9	108	0.000018	0.000002	9	0	144	0
#79	MONEY_TAKE	88	352	0.000010	0.000000	88	0	1328	80
#80	CAST_SPELL	646	10336	0.000108	0.000000	646	0	10320	16
#81	PLAYER_INFO	0	0	0	0	62	2834	0	0
#84	FATAL_DATA	1	312	0.000000	0.000000	1	0	16	0
#87	GROUP_JOIN	12	48	0.000000	0.000000	40	673	683	0
#88	GROUP_LEAVE	3	0	0.000000	0.000000	31	364	48	0
#90	OLD_SECURITY	12	96	0.000000	0.000000	12	842	0	0
#92	GET_POSN	31	124	0.000001	0.000000	31	0	806	0
#94	GET_HOUSE	13	164	0.000001	0.000000	13	0	0	208
#95	GET_ENTRY_INFO	115	460	0.000003	0.000000	115	0	3255	160
#98	LOGIN_UPDATE	0	0	0	0	34	374	0	0
#112	COMBAT_ACTION	978	9520	0.000018	0.000000	0	0	0	0
#116	GET_LOOK_INFO	91	364	0.000012	0.000000	91	0	28423	0
#126	MASS_SELL	10	316	0.000004	0.000000	10	0	594	0
#127	MASS_BUY	21	620	0.000003	0.000000	21	0	2336	0
#128	GET_SELL_PRICES	15	60	0.000001	0.000000	15	0	2559	0
#130	PLAYER_CHARACTER_LOGIN	31	124	0.000007	0.000000	31	0	1898	0
#131	GET_REPAIR_PRICES	7	28	0.000001	0.000000	7	0	285	32
#132	MASS_REPAIR	5	140	0.000000	0.000000	5	0	80	0
#135	MAIL_LIST_GET	0	0	0	0	31	0	55	480
#145		1034	36376	0.000019	0.000000	0	0	0	0
#150	VERB_GET	479	6856	0.000178	0.000000	479	0	7616	48
#151	VERB_DROP	62	752	0.000008	0.000000	62	0	992	0
#152	VERB_PUT_IN	184	2324	0.000028	0.000000	184	0	2944	0
#153	VERB_PUT_ON	162	1952	0.000017	0.000000	162	0	2448	144
#154	VERB_TAKE_OFF	119	1428	0.000012	0.000000	119	0	1904	0
#155	VERB_OPEN	113	2304	0.000044	0.000000	113	0	1728	80
#156	VERB_CLOSE	7	96	0.000001	0.000000	7	0	112	0
#158	VERB_UNLOCK	12	316	0.000002	0.000000	12	0	160	32
#160	VERB_ENGAGE	232	3736	0.000023	0.000000	232	0	3712	0
#161	VERB_CONSUME	32	384	0.000004	0.000000	32	0	512	0
#164	VERB_GIVE	62	924	0.000050	0.000001	62	0	992	0
#165	VERB_MEMORIZE	26	312	0.000003	0.000000	26	0	384	32
#167	VERB_USE	2	24	0.000001	0.000001	2	0	32	0
#169	VERB_DYE	27	324	0.000004	0.000000	27	0	432	0
#180	NPC_PULSE	9489	0	0.104033	0.000011	0	0	0	0
#182	COMBAT_PULSE	9489	0	0.000599	0.000000	0	0	0	0
#184	PROCESS_AFFECT_PULSE	158	0	0.013333	0.000084	0	0	0	0
#185	CHAR_DOIT_PULSE	10	0	0.000000	0.000000	0	0	0	0
#186	HEAL_PULSE	79	0	0.000006	0.000000	0	0	0	0
#188	MONSTER_PULSE	79	0	0.000059	0.000001	0	0	0	0
#189	MAINTENANCE_PULSE	79	0	0.000000	0.000000	0	0	0	0
#193	TOSS_DEAD_HOUSES	316	0	0.000115	0.000000	0	0	0	0
#194	DUNGEON_QUEUE_PULSE	632	0	0.000203	0.000000	0	0	0	0
#196	AMBUSH_PULSE	1897	0	0.000102	0.000000	0	0	0	0
#197		158	0	0.001178	0.000007	0	0	0	0
#210	DATAMGR_LOG_PERMANENT	0	0	0	0	35	1296	0	0
#211	DATAMGR_LOGIN	34	267352	0.000106	0.000003	34	985	0	0
#212	DATAMGR_LOGOUT	0	0	0	0	31	155	0	0
#213	DATAMGR_NEW_CHAR	2	40	0.000001	0.000001	2	2678	0	0
#214	DATAMGR_SAVE_CHAR	0	0	0	0	2192	13038646	0	0
#221	DATAMGR_NEW_HOUSE	0	0	0	0	2	4336	0	0
#222	DATAMGR_WRITE_HOUSE	0	0	0	0	333	16566755	0	0
#224	DATAMGR_GET_HOUSE	35	1187876	0.000416	0.000012	35	706	0	0
#225	DATAMGR_HELLO	0	0	0	0	1	3	0	0
#233		31	284	0.000000	0.000000	31	310	0	0
#236		31	2116	0.000001	0.000000	1783	61196	0	0

	Total)	37906	1721304	0.121316	0.000003	95603	38760183	415354	1744

Slowest Msg #184 took  0.000113 seconds.
Total process time =  164.433531
Total run time =           9490