Msg#	Message	Count	Inbound	Total_Time	Average_Time	Count	Outbound	Acked	Naked
#1	CLIENT_CONNECTED	75	0	0.000003	0.000000	0	0	0	0
#2	CLIENT_HUNG_UP	56	0	0.000052	0.000001	0	0	0	0
#14	PLAYER_CHECK_LOGIN	78	1856	0.000003	0.000000	78	2138	0	0
#15	SECURITY	73	0	0.000000	0.000000	0	0	0	0
#16	INN_LOGIN	73	876	0.000001	0.000000	0	0	0	0
#17	SERVER_PING	7642	30568	0.000109	0.000000	7642	0	122272	0
#18	PLAYER_QUERY_CHARACTERS	73	0	0.000013	0.000000	73	140687	0	0
#21	PLAYER_LOGIN	0	0	0	0	73	0	1168	0
#22	PLAYER_LOGOUT	15	0	0.000000	0.000000	0	0	0	0
#24	PLAYER_SYSTEM_MSG	0	0	0	0	15	2877	0	0
#25	PLAYER_ACK	0	0	0	0	34214	728107	0	0
#26	PLAYER_NAK	0	0	0	0	147	2352	0	0
#32	PLAYER_CHANGE_ROOM	606	7272	0.000173	0.000000	17	0	0	272
#33	PLAYER_NEW_ROOM	0	0	0	0	6504	6798336	0	0
#37	PLAYER_ROOM_CHAT	706	11972	0.000107	0.000000	0	0	0	0
#38	PLAYER_TEXT	0	0	0	0	9850	535244	0	0
#41	PLAYER_MOVIE	22479	625536	0.000511	0.000000	22473	0	359568	0
#42	PLAYER_MOVIE_DATA	0	0	0	0	152051	16990285	0	0
#45	PLAYER_DESTROY_OBJECT	0	0	0	0	10604	187784	0	0
#48	PLAYER_CREATE_CHARACTER	1	20	0.000001	0.000001	1	0	388	0
#49	PLAYER_DESTROY_CHARACTER	1	4	0.000001	0.000001	1	0	16	0
#52	PLAYER_SHIFT_ROOM	5920	23680	0.001136	0.000000	14	0	189	80
#55	PLAYER_GET_BIOGRAPHY	192	768	0.000004	0.000000	192	0	15216	0
#56	PLAYER_SET_BIOGRAPHY	1	60	0.000000	0.000000	1	0	16	0
#57	PLAYER_GET_DESCRIPTION	91	364	0.000006	0.000000	91	0	37487	0
#58	PLAYER_GET_EXTENDED_PROPS	167	668	0.000011	0.000000	167	0	51453	0
#59	PLAYER_SET_HEAD_DATA	1	20	0.000000	0.000000	1	0	16	0
#61	PLAYER_WHO	0	0	0	0	7	1251	0	0
#69	COMBAT_EXIT	707	0	0.000025	0.000000	1493	15496	11312	0
#71	GET_SHOP_INFO	11	44	0.000002	0.000000	11	0	42218	0
#73	SHOP_EXAMINE	3	24	0.000000	0.000000	3	0	640	0
#74	SHOP_SELL	1	8	0.000000	0.000000	1	0	16	0
#75	SHOP_GET_PRICE	1	8	0.000000	0.000000	1	0	16	0
#78	MONEY_GIVE	6	72	0.000006	0.000001	6	0	96	0
#79	MONEY_TAKE	182	728	0.000022	0.000000	182	0	2912	0
#80	CAST_SPELL	580	9280	0.000095	0.000000	580	0	9280	0
#81	PLAYER_INFO	0	0	0	0	1550	56777	0	0
#84	FATAL_DATA	6	2324	0.000002	0.000000	6	0	96	0
#87	GROUP_JOIN	32	128	0.000001	0.000000	108	1890	1896	64
#88	GROUP_LEAVE	1	0	0.000000	0.000000	48	611	16	0
#90	OLD_SECURITY	30	240	0.000001	0.000000	30	2020	0	0
#92	GET_POSN	71	284	0.000002	0.000000	71	0	1846	0
#94	GET_HOUSE	9	116	0.000000	0.000000	9	0	0	144
#95	GET_ENTRY_INFO	79	316	0.000002	0.000000	79	0	2077	192
#98	LOGIN_UPDATE	0	0	0	0	78	858	0	0
#104	TREE_GET	3	12	0.000000	0.000000	3	0	811	0
#105	TREE_CHOOSE_TOPIC	5	20	0.000000	0.000000	5	0	1007	0
#106	TREE_GET_TEXT	4	16	0.000000	0.000000	4	0	422	0
#107	TREE_BACK	5	0	0.000000	0.000000	5	0	1106	0
#108	QUEST_ACCEPT	3	12	0.000000	0.000000	3	0	218	0
#110	GET_QUEST_LIST	1	0	0.000000	0.000000	1	0	19	0
#112	COMBAT_ACTION	1884	21244	0.000036	0.000000	0	0	0	0
#114	WHATS_NEW	1	0	0.000000	0.000000	1	13483	0	0
#116	GET_LOOK_INFO	96	384	0.000014	0.000000	96	0	29551	0
#126	MASS_SELL	15	464	0.000013	0.000001	15	0	883	0
#127	MASS_BUY	6	148	0.000001	0.000000	6	0	1059	0
#128	GET_SELL_PRICES	16	64	0.000001	0.000000	16	0	1552	0
#130	PLAYER_CHARACTER_LOGIN	71	284	0.000017	0.000000	71	0	3740	0
#131	GET_REPAIR_PRICES	17	68	0.000001	0.000000	17	0	854	48
#132	MASS_REPAIR	14	420	0.000000	0.000000	14	0	224	0
#135	MAIL_LIST_GET	0	0	0	0	71	0	163	1088
#145		1709	52844	0.000031	0.000000	0	0	0	0
#150	VERB_GET	853	13912	0.000479	0.000001	853	0	13408	240
#151	VERB_DROP	11	132	0.000001	0.000000	11	0	176	0
#152	VERB_PUT_IN	64	852	0.000007	0.000000	64	0	1024	0
#153	VERB_PUT_ON	97	1164	0.000013	0.000000	97	0	1440	112
#154	VERB_TAKE_OFF	75	900	0.000011	0.000000	75	0	1200	0
#155	VERB_OPEN	102	1912	0.000011	0.000000	102	0	1584	48
#156	VERB_CLOSE	3	44	0.000000	0.000000	3	0	48	0
#158	VERB_UNLOCK	41	1136	0.000005	0.000000	41	0	656	0
#160	VERB_ENGAGE	345	5580	0.000041	0.000000	345	0	5504	16
#161	VERB_CONSUME	17	204	0.000003	0.000000	17	0	272	0
#162	VERB_SIT	4	48	0.000000	0.000000	4	0	64	0
#163	VERB_STAND	1	12	0.000000	0.000000	1	0	16	0
#164	VERB_GIVE	35	556	0.000029	0.000001	35	0	528	32
#165	VERB_MEMORIZE	14	168	0.000002	0.000000	14	0	208	16
#166	VERB_ROB	1	20	0.000000	0.000000	1	0	16	0
#167	VERB_USE	8	96	0.000001	0.000000	8	0	128	0
#169	VERB_DYE	1	12	0.000000	0.000000	1	0	16	0
#180	NPC_PULSE	35214	0	0.327179	0.000009	0	0	0	0
#182	COMBAT_PULSE	35214	0	0.001087	0.000000	0	0	0	0
#184	PROCESS_AFFECT_PULSE	586	0	0.044027	0.000075	0	0	0	0
#185	CHAR_DOIT_PULSE	39	0	0.000002	0.000000	0	0	0	0
#186	HEAL_PULSE	293	0	0.000026	0.000000	0	0	0	0
#188	MONSTER_PULSE	293	0	0.000230	0.000001	0	0	0	0
#189	MAINTENANCE_PULSE	293	0	0.000000	0.000000	0	0	0	0
#193	TOSS_DEAD_HOUSES	1173	0	0.000099	0.000000	0	0	0	0
#194	DUNGEON_QUEUE_PULSE	2347	0	0.000306	0.000000	0	0	0	0
#196	AMBUSH_PULSE	7042	0	0.000301	0.000000	0	0	0	0
#197		586	0	0.002726	0.000005	0	0	0	0
#210	DATAMGR_LOG_PERMANENT	0	0	0	0	25	1110	0	0
#211	DATAMGR_LOGIN	78	645148	0.000265	0.000003	78	2380	0	0
#212	DATAMGR_LOGOUT	0	0	0	0	54	270	0	0
#213	DATAMGR_NEW_CHAR	1	20	0.000001	0.000001	1	1685	0	0
#214	DATAMGR_SAVE_CHAR	0	0	0	0	8620	59066226	0	0
#215	DATAMGR_DEL_CHAR	0	0	0	0	1	9	0	0
#221	DATAMGR_NEW_HOUSE	0	0	0	0	1	2149	0	0
#222	DATAMGR_WRITE_HOUSE	0	0	0	0	1163	10634707	0	0
#224	DATAMGR_GET_HOUSE	59	927492	0.000332	0.000006	59	1190	0	0
#225	DATAMGR_HELLO	0	0	0	0	1	3	0	0
#231		1	13464	0.000000	0.000000	1	5	0	0
#233		71	672	0.000001	0.000000	71	710	0	0
#234		0	0	0	0	2	18	0	0
#236		72	4624	0.000003	0.000000	5291	176650	0	0

	Total)	128853	2411384	0.379591	0.000003	265840	95367308	728107	2352

Slowest Msg #184 took  0.000104 seconds.
Total process time =  533.953742
Total run time =          35215