Msg#	Message	Count	Inbound	Total_Time	Average_Time	Count	Outbound	Acked	Naked
#1	CLIENT_CONNECTED	45	0	0.000002	0.000000	0	0	0	0
#2	CLIENT_HUNG_UP	38	0	0.000039	0.000001	0	0	0	0
#14	PLAYER_CHECK_LOGIN	45	956	0.000002	0.000000	45	1045	0	0
#15	SECURITY	44	0	0.000000	0.000000	0	0	0	0
#16	INN_LOGIN	44	528	0.000001	0.000000	0	0	0	0
#17	SERVER_PING	3373	13492	0.000055	0.000000	3373	0	53968	0
#18	PLAYER_QUERY_CHARACTERS	44	0	0.000007	0.000000	44	69618	0	0
#21	PLAYER_LOGIN	0	0	0	0	44	0	704	0
#22	PLAYER_LOGOUT	7	0	0.000000	0.000000	0	0	0	0
#24	PLAYER_SYSTEM_MSG	0	0	0	0	33	4739	0	0
#25	PLAYER_ACK	0	0	0	0	18173	852807	0	0
#26	PLAYER_NAK	0	0	0	0	418	6688	0	0
#32	PLAYER_CHANGE_ROOM	834	10008	0.000155	0.000000	14	0	0	224
#33	PLAYER_NEW_ROOM	0	0	0	0	1588	1521796	0	0
#37	PLAYER_ROOM_CHAT	215	2940	0.000040	0.000000	0	0	0	0
#38	PLAYER_TEXT	0	0	0	0	1763	99724	0	0
#41	PLAYER_MOVIE	10118	235796	0.000229	0.000000	10117	0	161872	0
#42	PLAYER_MOVIE_DATA	0	0	0	0	45637	7379405	0	0
#45	PLAYER_DESTROY_OBJECT	0	0	0	0	3424	62240	0	0
#48	PLAYER_CREATE_CHARACTER	1	20	0.000000	0.000000	1	0	387	0
#49	PLAYER_DESTROY_CHARACTER	1	4	0.000001	0.000001	1	0	16	0
#52	PLAYER_SHIFT_ROOM	777	3108	0.000152	0.000000	13	0	84	144
#55	PLAYER_GET_BIOGRAPHY	64	256	0.000001	0.000000	64	0	4464	0
#56	PLAYER_SET_BIOGRAPHY	1	60	0.000000	0.000000	1	0	16	0
#57	PLAYER_GET_DESCRIPTION	45	180	0.000003	0.000000	45	0	13118	0
#58	PLAYER_GET_EXTENDED_PROPS	75	300	0.000004	0.000000	75	0	26140	0
#59	PLAYER_SET_HEAD_DATA	1	20	0.000000	0.000000	1	0	16	0
#61	PLAYER_WHO	0	0	0	0	22	1177	0	0
#69	COMBAT_EXIT	775	0	0.000024	0.000000	1629	16372	12400	0
#71	GET_SHOP_INFO	35	140	0.000023	0.000001	35	0	497161	0
#73	SHOP_EXAMINE	7	56	0.000001	0.000000	7	0	2256	0
#79	MONEY_TAKE	194	776	0.000022	0.000000	194	0	3104	0
#80	CAST_SPELL	1537	24592	0.000210	0.000000	1537	0	24592	0
#81	PLAYER_INFO	0	0	0	0	86	3911	0	0
#84	FATAL_DATA	7	1916	0.000003	0.000000	7	0	112	0
#87	GROUP_JOIN	12	48	0.000000	0.000000	32	501	511	32
#88	GROUP_LEAVE	1	0	0.000000	0.000000	19	234	16	0
#90	OLD_SECURITY	10	80	0.000000	0.000000	10	662	0	0
#92	GET_POSN	43	172	0.000001	0.000000	43	0	1118	0
#94	GET_HOUSE	3	36	0.000000	0.000000	3	0	0	48
#95	GET_ENTRY_INFO	687	2748	0.000024	0.000000	687	0	11501	5056
#98	LOGIN_UPDATE	0	0	0	0	45	495	0	0
#112	COMBAT_ACTION	2456	27880	0.000047	0.000000	0	0	0	0
#114	WHATS_NEW	1	0	0.000000	0.000000	1	6431	0	0
#116	GET_LOOK_INFO	32	128	0.000004	0.000000	32	0	9482	0
#126	MASS_SELL	6	384	0.000005	0.000001	6	0	750	0
#127	MASS_BUY	21	896	0.000005	0.000000	18	0	3550	0
#128	GET_SELL_PRICES	7	28	0.000000	0.000000	7	0	854	16
#130	PLAYER_CHARACTER_LOGIN	43	172	0.000009	0.000000	43	0	2199	0
#131	GET_REPAIR_PRICES	2	8	0.000000	0.000000	2	0	178	0
#132	MASS_REPAIR	2	88	0.000000	0.000000	2	0	32	0
#135	MAIL_LIST_GET	0	0	0	0	43	0	526	640
#145		2882	66660	0.000051	0.000000	0	0	0	0
#150	VERB_GET	432	7372	0.000315	0.000001	432	0	6896	16
#151	VERB_DROP	39	484	0.000003	0.000000	39	0	608	16
#152	VERB_PUT_IN	23	300	0.000002	0.000000	23	0	368	0
#153	VERB_PUT_ON	39	488	0.000004	0.000000	39	0	608	16
#154	VERB_TAKE_OFF	42	504	0.000004	0.000000	42	0	672	0
#155	VERB_OPEN	83	1848	0.000009	0.000000	83	0	1120	208
#156	VERB_CLOSE	4	92	0.000000	0.000000	4	0	64	0
#158	VERB_UNLOCK	24	576	0.000003	0.000000	24	0	384	0
#160	VERB_ENGAGE	571	9164	0.000050	0.000000	571	0	9040	96
#161	VERB_CONSUME	9	108	0.000001	0.000000	9	0	144	0
#162	VERB_SIT	3	36	0.000000	0.000000	3	0	48	0
#163	VERB_STAND	1	12	0.000000	0.000000	1	0	16	0
#164	VERB_GIVE	12	212	0.000010	0.000001	12	0	160	32
#165	VERB_MEMORIZE	96	1152	0.000011	0.000000	96	0	1440	96
#167	VERB_USE	2	24	0.000000	0.000000	2	0	32	0
#169	VERB_DYE	8	96	0.000001	0.000000	8	0	80	48
#180	NPC_PULSE	55004	0	0.549606	0.000010	0	0	0	0
#182	COMBAT_PULSE	55004	0	0.001086	0.000000	0	0	0	0
#184	PROCESS_AFFECT_PULSE	916	0	0.073538	0.000080	0	0	0	0
#185	CHAR_DOIT_PULSE	61	0	0.000001	0.000000	0	0	0	0
#186	HEAL_PULSE	458	0	0.000019	0.000000	0	0	0	0
#188	MONSTER_PULSE	458	0	0.000306	0.000001	0	0	0	0
#189	MAINTENANCE_PULSE	458	0	0.000000	0.000000	0	0	0	0
#193	TOSS_DEAD_HOUSES	1833	0	0.000044	0.000000	0	0	0	0
#194	DUNGEON_QUEUE_PULSE	3666	0	0.004789	0.000001	0	0	0	0
#196	AMBUSH_PULSE	11000	0	0.000520	0.000000	0	0	0	0
#197		916	0	0.001535	0.000002	0	0	0	0
#210	DATAMGR_LOG_PERMANENT	0	0	0	0	54	2621	0	0
#211	DATAMGR_LOGIN	45	292280	0.000112	0.000002	45	1279	0	0
#212	DATAMGR_LOGOUT	0	0	0	0	37	185	0	0
#213	DATAMGR_NEW_CHAR	1	20	0.000000	0.000000	1	1682	0	0
#214	DATAMGR_SAVE_CHAR	0	0	0	0	4102	22751843	0	0
#215	DATAMGR_DEL_CHAR	0	0	0	0	1	9	0	0
#221	DATAMGR_NEW_HOUSE	0	0	0	0	1	2145	0	0
#222	DATAMGR_WRITE_HOUSE	0	0	0	0	985	4293764	0	0
#224	DATAMGR_GET_HOUSE	25	354312	0.000130	0.000005	25	492	0	0
#225	DATAMGR_HELLO	0	0	0	0	1	3	0	0
#231		1	6420	0.000000	0.000000	1	5	0	0
#233		43	808	0.000001	0.000000	43	430	0	0
#234		0	0	0	0	2	18	0	0
#236		43	2280	0.000002	0.000000	3511	94544	0	0

	Total)	155855	1073064	0.633225	0.000004	99581	37176865	852807	6688

Slowest Msg #184 took  0.000130 seconds.
Total process time =  815.938038
Total run time =          55005