Msg#	Message	Count	Inbound	Total_Time	Average_Time	Count	Outbound	Acked	Naked
#1	CLIENT_CONNECTED	9	0	0.000000	0.000000	0	0	0	0
#2	CLIENT_HUNG_UP	3	0	0.000004	0.000001	0	0	0	0
#14	PLAYER_CHECK_LOGIN	10	236	0.000000	0.000000	10	300	0	0
#15	SECURITY	9	0	0.000000	0.000000	0	0	0	0
#16	INN_LOGIN	9	108	0.000000	0.000000	0	0	0	0
#17	SERVER_PING	108	432	0.000002	0.000000	108	0	1728	0
#18	PLAYER_QUERY_CHARACTERS	9	0	0.000002	0.000000	9	16442	0	0
#21	PLAYER_LOGIN	0	0	0	0	9	0	144	0
#24	PLAYER_SYSTEM_MSG	0	0	0	0	4	480	0	0
#25	PLAYER_ACK	0	0	0	0	874	26190	0	0
#26	PLAYER_NAK	0	0	0	0	10	160	0	0
#32	PLAYER_CHANGE_ROOM	30	360	0.000008	0.000000	0	0	0	0
#33	PLAYER_NEW_ROOM	0	0	0	0	128	177294	0	0
#37	PLAYER_ROOM_CHAT	92	1696	0.000014	0.000000	0	0	0	0
#38	PLAYER_TEXT	0	0	0	0	364	21415	0	0
#41	PLAYER_MOVIE	524	14628	0.000015	0.000000	522	0	8352	0
#42	PLAYER_MOVIE_DATA	0	0	0	0	2306	275163	0	0
#45	PLAYER_DESTROY_OBJECT	0	0	0	0	311	5455	0	0
#52	PLAYER_SHIFT_ROOM	98	392	0.000024	0.000000	1	0	21	0
#55	PLAYER_GET_BIOGRAPHY	4	16	0.000000	0.000000	4	0	292	0
#57	PLAYER_GET_DESCRIPTION	3	12	0.000000	0.000000	3	0	1909	0
#58	PLAYER_GET_EXTENDED_PROPS	11	44	0.000001	0.000000	11	0	3917	0
#61	PLAYER_WHO	0	0	0	0	4	221	0	0
#69	COMBAT_EXIT	37	0	0.000001	0.000000	74	694	592	0
#71	GET_SHOP_INFO	2	8	0.000000	0.000000	2	0	2158	0
#79	MONEY_TAKE	4	16	0.000000	0.000000	4	0	64	0
#80	CAST_SPELL	34	544	0.000007	0.000000	34	0	544	0
#81	PLAYER_INFO	0	0	0	0	43	1628	0	0
#87	GROUP_JOIN	2	8	0.000000	0.000000	6	92	104	0
#90	OLD_SECURITY	2	16	0.000000	0.000000	2	130	0	0
#92	GET_POSN	9	36	0.000000	0.000000	9	0	234	0
#95	GET_ENTRY_INFO	5	20	0.000000	0.000000	5	0	124	16
#98	LOGIN_UPDATE	0	0	0	0	10	110	0	0
#104	TREE_GET	6	24	0.000000	0.000000	6	0	989	0
#105	TREE_CHOOSE_TOPIC	5	20	0.000000	0.000000	5	0	815	0
#107	TREE_BACK	5	0	0.000000	0.000000	5	0	860	0
#108	QUEST_ACCEPT	5	20	0.000000	0.000000	5	0	500	0
#110	GET_QUEST_LIST	1	0	0.000000	0.000000	1	0	72	0
#112	COMBAT_ACTION	37	368	0.000001	0.000000	0	0	0	0
#114	WHATS_NEW	1	0	0.000000	0.000000	1	12018	0	0
#116	GET_LOOK_INFO	2	8	0.000000	0.000000	2	0	615	0
#130	PLAYER_CHARACTER_LOGIN	9	36	0.000003	0.000000	9	0	700	0
#135	MAIL_LIST_GET	0	0	0	0	9	0	0	144
#145		59	1604	0.000001	0.000000	0	0	0	0
#150	VERB_GET	53	972	0.000026	0.000000	53	0	848	0
#151	VERB_DROP	4	48	0.000000	0.000000	4	0	64	0
#153	VERB_PUT_ON	8	96	0.000001	0.000000	8	0	128	0
#154	VERB_TAKE_OFF	8	96	0.000001	0.000000	8	0	128	0
#155	VERB_OPEN	3	88	0.000000	0.000000	3	0	48	0
#156	VERB_CLOSE	1	12	0.000000	0.000000	1	0	16	0
#160	VERB_ENGAGE	7	112	0.000001	0.000000	7	0	112	0
#161	VERB_CONSUME	2	24	0.000000	0.000000	2	0	32	0
#164	VERB_GIVE	5	60	0.000004	0.000001	5	0	80	0
#180	NPC_PULSE	1265	0	0.015611	0.000012	0	0	0	0
#182	COMBAT_PULSE	1265	0	0.000023	0.000000	0	0	0	0
#184	PROCESS_AFFECT_PULSE	21	0	0.001903	0.000091	0	0	0	0
#185	CHAR_DOIT_PULSE	1	0	0.000000	0.000000	0	0	0	0
#186	HEAL_PULSE	10	0	0.000001	0.000000	0	0	0	0
#188	MONSTER_PULSE	10	0	0.000005	0.000000	0	0	0	0
#189	MAINTENANCE_PULSE	10	0	0.000000	0.000000	0	0	0	0
#193	TOSS_DEAD_HOUSES	42	0	0.000007	0.000000	0	0	0	0
#194	DUNGEON_QUEUE_PULSE	84	0	0.000042	0.000001	0	0	0	0
#196	AMBUSH_PULSE	253	0	0.000016	0.000000	0	0	0	0
#197		21	0	0.000044	0.000002	0	0	0	0
#210	DATAMGR_LOG_PERMANENT	0	0	0	0	2	70	0	0
#211	DATAMGR_LOGIN	10	72788	0.000032	0.000003	10	307	0	0
#212	DATAMGR_LOGOUT	0	0	0	0	3	15	0	0
#214	DATAMGR_SAVE_CHAR	0	0	0	0	176	952289	0	0
#222	DATAMGR_WRITE_HOUSE	0	0	0	0	4	271952	0	0
#224	DATAMGR_GET_HOUSE	1	67604	0.000024	0.000024	1	24	0	0
#225	DATAMGR_HELLO	0	0	0	0	1	3	0	0
#231		1	12000	0.000000	0.000000	1	5	0	0
#233		9	72	0.000000	0.000000	9	90	0	0
#236		9	916	0.000002	0.000000	148	4866	0	0

	Total)	4247	175540	0.017830	0.000004	5356	1767413	26190	160

Slowest Msg #184 took  0.000124 seconds.
Total process time =  28.459842
Total run time =           1266