Msg#	Message	Count	Inbound	Total_Time	Average_Time	Count	Outbound	Acked	Naked
#1	CLIENT_CONNECTED	28	0	0.000001	0.000000	0	0	0	0
#2	CLIENT_HUNG_UP	27	0	0.000014	0.000001	0	0	0	0
#14	PLAYER_CHECK_LOGIN	35	904	0.000001	0.000000	35	2125	0	0
#15	SECURITY	21	0	0.000000	0.000000	0	0	0	0
#16	INN_LOGIN	21	252	0.000000	0.000000	0	0	0	0
#17	SERVER_PING	3165	12660	0.000051	0.000000	3165	0	50640	0
#18	PLAYER_QUERY_CHARACTERS	21	0	0.000002	0.000000	21	15317	0	0
#21	PLAYER_LOGIN	0	0	0	0	21	0	336	0
#22	PLAYER_LOGOUT	6	0	0.000000	0.000000	0	0	0	0
#24	PLAYER_SYSTEM_MSG	0	0	0	0	20	3370	0	0
#25	PLAYER_ACK	0	0	0	0	16833	494901	0	0
#26	PLAYER_NAK	0	0	0	0	169	2704	0	0
#32	PLAYER_CHANGE_ROOM	681	8172	0.000089	0.000000	22	0	0	352
#33	PLAYER_NEW_ROOM	0	0	0	0	2279	1606743	0	0
#37	PLAYER_ROOM_CHAT	204	3360	0.000031	0.000000	0	0	0	0
#38	PLAYER_TEXT	0	0	0	0	2206	110657	0	0
#41	PLAYER_MOVIE	10179	270124	0.000227	0.000000	10178	0	162848	0
#42	PLAYER_MOVIE_DATA	0	0	0	0	55912	3215916	0	0
#45	PLAYER_DESTROY_OBJECT	0	0	0	0	5288	97224	0	0
#48	PLAYER_CREATE_CHARACTER	1	20	0.000001	0.000001	1	0	279	0
#52	PLAYER_SHIFT_ROOM	1627	6508	0.000242	0.000000	15	0	168	112
#55	PLAYER_GET_BIOGRAPHY	60	240	0.000001	0.000000	60	0	3340	0
#56	PLAYER_SET_BIOGRAPHY	1	60	0.000000	0.000000	1	0	16	0
#57	PLAYER_GET_DESCRIPTION	49	196	0.000003	0.000000	49	0	19498	0
#58	PLAYER_GET_EXTENDED_PROPS	51	204	0.000002	0.000000	51	0	17671	0
#59	PLAYER_SET_HEAD_DATA	1	20	0.000000	0.000000	1	0	16	0
#61	PLAYER_WHO	0	0	0	0	8	352	0	0
#69	COMBAT_EXIT	581	0	0.000019	0.000000	1183	11224	9296	0
#71	GET_SHOP_INFO	40	160	0.000006	0.000000	40	0	163063	0
#73	SHOP_EXAMINE	3	24	0.000000	0.000000	3	0	588	0
#74	SHOP_SELL	8	64	0.000007	0.000001	8	0	128	0
#75	SHOP_GET_PRICE	8	64	0.000000	0.000000	8	0	128	0
#78	MONEY_GIVE	5	60	0.000002	0.000000	5	0	48	32
#80	CAST_SPELL	478	7648	0.000056	0.000000	478	0	7648	0
#81	PLAYER_INFO	0	0	0	0	42	1933	0	0
#87	GROUP_JOIN	17	68	0.000001	0.000000	42	586	668	32
#88	GROUP_LEAVE	2	0	0.000000	0.000000	34	416	32	0
#90	OLD_SECURITY	14	112	0.000000	0.000000	15	998	0	0
#92	GET_POSN	21	84	0.000001	0.000000	21	0	546	0
#94	GET_HOUSE	6	72	0.000000	0.000000	6	0	0	96
#95	GET_ENTRY_INFO	389	1556	0.000012	0.000000	389	0	9424	1360
#98	LOGIN_UPDATE	0	0	0	0	35	385	0	0
#101	SHOP_RECHARGE	4	32	0.000000	0.000000	4	0	64	0
#102	SHOP_GET_RECHARGE_PRICE	4	32	0.000000	0.000000	4	0	64	0
#104	TREE_GET	2	8	0.000000	0.000000	2	0	535	0
#105	TREE_CHOOSE_TOPIC	4	16	0.000000	0.000000	4	0	886	0
#112	COMBAT_ACTION	1711	16896	0.000033	0.000000	0	0	0	0
#114	WHATS_NEW	1	0	0.000000	0.000000	1	1270	0	0
#115	SET_ENGRAVE_NAME	2	48	0.000000	0.000000	0	0	0	0
#116	GET_LOOK_INFO	30	120	0.000002	0.000000	30	0	8236	0
#126	MASS_SELL	18	1444	0.000015	0.000001	18	0	2834	0
#127	MASS_BUY	34	792	0.000004	0.000000	34	0	3263	0
#128	GET_SELL_PRICES	20	80	0.000001	0.000000	20	0	4396	0
#130	PLAYER_CHARACTER_LOGIN	21	84	0.000002	0.000000	21	0	699	0
#131	GET_REPAIR_PRICES	3	12	0.000000	0.000000	3	0	211	0
#132	MASS_REPAIR	3	104	0.000000	0.000000	3	0	48	0
#135	MAIL_LIST_GET	0	0	0	0	21	0	260	256
#145		1078	27976	0.000021	0.000000	0	0	0	0
#150	VERB_GET	912	16652	0.000594	0.000001	912	0	14480	112
#151	VERB_DROP	49	608	0.000005	0.000000	49	0	784	0
#152	VERB_PUT_IN	33	436	0.000003	0.000000	33	0	528	0
#153	VERB_PUT_ON	56	672	0.000004	0.000000	56	0	784	112
#154	VERB_TAKE_OFF	48	576	0.000004	0.000000	48	0	768	0
#155	VERB_OPEN	143	3312	0.000006	0.000000	143	0	2272	16
#156	VERB_CLOSE	3	64	0.000000	0.000000	3	0	48	0
#158	VERB_UNLOCK	3	56	0.000001	0.000000	3	0	48	0
#160	VERB_ENGAGE	327	5372	0.000033	0.000000	327	0	5200	32
#161	VERB_CONSUME	52	624	0.000009	0.000000	52	0	832	0
#164	VERB_GIVE	32	496	0.000016	0.000001	32	0	480	32
#165	VERB_MEMORIZE	59	708	0.000006	0.000000	59	0	784	160
#169	VERB_DYE	1	12	0.000000	0.000000	1	0	16	0
#180	NPC_PULSE	66974	0	0.556504	0.000008	0	0	0	0
#182	COMBAT_PULSE	66974	0	0.000384	0.000000	0	0	0	0
#184	PROCESS_AFFECT_PULSE	1116	0	0.075234	0.000067	0	0	0	0
#185	CHAR_DOIT_PULSE	74	0	0.000001	0.000000	0	0	0	0
#186	HEAL_PULSE	558	0	0.000018	0.000000	0	0	0	0
#188	MONSTER_PULSE	558	0	0.000192	0.000000	0	0	0	0
#189	MAINTENANCE_PULSE	558	0	0.000000	0.000000	0	0	0	0
#193	TOSS_DEAD_HOUSES	2232	0	0.000024	0.000000	0	0	0	0
#194	DUNGEON_QUEUE_PULSE	4464	0	0.001302	0.000000	0	0	0	0
#196	AMBUSH_PULSE	13394	0	0.000538	0.000000	0	0	0	0
#197		1116	0	0.001342	0.000001	0	0	0	0
#210	DATAMGR_LOG_PERMANENT	0	0	0	0	40	1464	0	0
#211	DATAMGR_LOGIN	35	78652	0.000035	0.000001	35	1120	0	0
#212	DATAMGR_LOGOUT	0	0	0	0	20	100	0	0
#213	DATAMGR_NEW_CHAR	1	20	0.000001	0.000001	1	1091	0	0
#214	DATAMGR_SAVE_CHAR	0	0	0	0	4133	22922913	0	0
#221	DATAMGR_NEW_HOUSE	0	0	0	0	1	2151	0	0
#222	DATAMGR_WRITE_HOUSE	0	0	0	0	994	6373748	0	0
#224	DATAMGR_GET_HOUSE	39	123196	0.000040	0.000001	39	714	0	0
#225	DATAMGR_HELLO	0	0	0	0	1	3	0	0
#231		1	1268	0.000000	0.000000	1	5	0	0
#232		0	0	0	0	2	82	0	0
#233		21	328	0.000000	0.000000	21	210	0	0
#236		22	732	0.000001	0.000000	1578	46351	0	0

	Total)	180540	594060	0.637149	0.000004	107393	34916073	494901	2704

Slowest Msg #184 took  0.000138 seconds.
Total process time =  888.480114
Total run time =          66975