Msg#	Message	Count	Inbound	Total_Time	Average_Time	Count	Outbound	Acked	Naked
#1	CLIENT_CONNECTED	16	0	0.000001	0.000000	0	0	0	0
#2	CLIENT_HUNG_UP	14	0	0.000016	0.000001	0	0	0	0
#14	PLAYER_CHECK_LOGIN	16	404	0.000001	0.000000	16	434	0	0
#15	SECURITY	15	0	0.000000	0.000000	0	0	0	0
#16	INN_LOGIN	15	180	0.000000	0.000000	0	0	0	0
#17	SERVER_PING	446	1784	0.000007	0.000000	446	0	7136	0
#18	PLAYER_QUERY_CHARACTERS	15	0	0.000004	0.000000	15	62188	0	0
#21	PLAYER_LOGIN	0	0	0	0	15	0	240	0
#22	PLAYER_LOGOUT	7	0	0.000000	0.000000	0	0	0	0
#24	PLAYER_SYSTEM_MSG	0	0	0	0	4	792	0	0
#25	PLAYER_ACK	0	0	0	0	3616	129083	0	0
#26	PLAYER_NAK	0	0	0	0	48	768	0	0
#32	PLAYER_CHANGE_ROOM	69	828	0.000018	0.000000	1	0	0	16
#33	PLAYER_NEW_ROOM	0	0	0	0	315	311180	0	0
#37	PLAYER_ROOM_CHAT	67	744	0.000007	0.000000	0	0	0	0
#38	PLAYER_TEXT	0	0	0	0	309	16109	0	0
#41	PLAYER_MOVIE	2406	55744	0.000058	0.000000	2405	0	38480	0
#42	PLAYER_MOVIE_DATA	0	0	0	0	7536	869988	0	0
#45	PLAYER_DESTROY_OBJECT	0	0	0	0	615	10759	0	0
#48	PLAYER_CREATE_CHARACTER	1	20	0.000001	0.000001	1	0	320	0
#52	PLAYER_SHIFT_ROOM	247	988	0.000062	0.000000	3	0	63	0
#55	PLAYER_GET_BIOGRAPHY	44	176	0.000001	0.000000	44	0	2692	0
#56	PLAYER_SET_BIOGRAPHY	1	60	0.000000	0.000000	1	0	16	0
#57	PLAYER_GET_DESCRIPTION	37	148	0.000003	0.000000	37	0	15112	0
#58	PLAYER_GET_EXTENDED_PROPS	36	144	0.000002	0.000000	36	0	12156	0
#59	PLAYER_SET_HEAD_DATA	1	20	0.000000	0.000000	1	0	16	0
#61	PLAYER_WHO	0	0	0	0	5	109	0	0
#69	COMBAT_EXIT	76	0	0.000002	0.000000	152	1668	1216	0
#71	GET_SHOP_INFO	14	56	0.000002	0.000000	14	0	33250	0
#73	SHOP_EXAMINE	4	32	0.000000	0.000000	4	0	1785	0
#79	MONEY_TAKE	88	352	0.000012	0.000000	88	0	1328	80
#80	CAST_SPELL	52	832	0.000009	0.000000	52	0	816	16
#81	PLAYER_INFO	0	0	0	0	80	2993	0	0
#87	GROUP_JOIN	5	20	0.000000	0.000000	7	91	105	16
#88	GROUP_LEAVE	0	0	0	0	3	39	0	0
#90	OLD_SECURITY	3	24	0.000000	0.000000	4	248	0	0
#92	GET_POSN	14	56	0.000001	0.000000	14	0	364	0
#94	GET_HOUSE	1	12	0.000000	0.000000	1	0	0	16
#95	GET_ENTRY_INFO	33	132	0.000001	0.000000	33	0	806	112
#98	LOGIN_UPDATE	0	0	0	0	15	165	0	0
#103	SET_TITLE	4	64	0.000001	0.000000	4	0	48	16
#112	COMBAT_ACTION	139	700	0.000003	0.000000	0	0	0	0
#114	WHATS_NEW	1	0	0.000000	0.000000	1	17708	0	0
#116	GET_LOOK_INFO	22	88	0.000003	0.000000	22	0	6684	0
#127	MASS_BUY	6	224	0.000001	0.000000	6	0	836	0
#130	PLAYER_CHARACTER_LOGIN	14	56	0.000008	0.000001	14	0	535	0
#131	GET_REPAIR_PRICES	1	4	0.000000	0.000000	1	0	33	0
#132	MASS_REPAIR	1	16	0.000000	0.000000	1	0	16	0
#135	MAIL_LIST_GET	0	0	0	0	14	0	86	208
#145		54	1592	0.000001	0.000000	0	0	0	0
#150	VERB_GET	111	1804	0.000073	0.000001	111	0	1776	0
#151	VERB_DROP	1	12	0.000000	0.000000	1	0	16	0
#152	VERB_PUT_IN	42	528	0.000005	0.000000	42	0	672	0
#153	VERB_PUT_ON	10	120	0.000001	0.000000	10	0	160	0
#154	VERB_TAKE_OFF	10	120	0.000001	0.000000	10	0	160	0
#155	VERB_OPEN	28	548	0.000003	0.000000	28	0	384	64
#156	VERB_CLOSE	3	44	0.000000	0.000000	3	0	48	0
#158	VERB_UNLOCK	4	76	0.000000	0.000000	4	0	64	0
#160	VERB_ENGAGE	76	1232	0.000010	0.000000	76	0	1216	0
#161	VERB_CONSUME	2	24	0.000001	0.000000	2	0	32	0
#165	VERB_MEMORIZE	38	456	0.000004	0.000000	38	0	384	224
#167	VERB_USE	2	24	0.000000	0.000000	2	0	32	0
#180	NPC_PULSE	251487	0	-1.644722	-0.000007	0	0	0	0
#182	COMBAT_PULSE	251487	0	0.000395	0.000000	0	0	0	0
#184	PROCESS_AFFECT_PULSE	4191	0	0.373622	0.000089	0	0	0	0
#185	CHAR_DOIT_PULSE	279	0	0.000005	0.000000	0	0	0	0
#186	HEAL_PULSE	2095	0	0.000069	0.000000	0	0	0	0
#188	MONSTER_PULSE	2095	0	0.001942	0.000001	0	0	0	0
#189	MAINTENANCE_PULSE	2095	0	0.000001	0.000000	0	0	0	0
#193	TOSS_DEAD_HOUSES	8382	0	0.000028	0.000000	0	0	0	0
#194	DUNGEON_QUEUE_PULSE	16765	0	0.000860	0.000000	0	0	0	0
#196	AMBUSH_PULSE	50297	0	0.002043	0.000000	0	0	0	0
#197		4191	0	0.000258	0.000000	0	0	0	0
#210	DATAMGR_LOG_PERMANENT	0	0	0	0	7	241	0	0
#211	DATAMGR_LOGIN	15	232948	0.000117	0.000008	15	487	0	0
#212	DATAMGR_LOGOUT	0	0	0	0	13	65	0	0
#213	DATAMGR_NEW_CHAR	1	20	0.000001	0.000001	1	1306	0	0
#214	DATAMGR_SAVE_CHAR	0	0	0	0	575	4140174	0	0
#221	DATAMGR_NEW_HOUSE	0	0	0	0	1	2151	0	0
#222	DATAMGR_WRITE_HOUSE	0	0	0	0	51	1237701	0	0
#224	DATAMGR_GET_HOUSE	9	209452	0.000133	0.000015	9	171	0	0
#225	DATAMGR_HELLO	0	0	0	0	1	3	0	0
#231		1	17680	0.000000	0.000000	1	5	0	0
#233		14	176	0.000000	0.000000	14	140	0	0
#236		14	612	0.000001	0.000000	68	1930	0	0
#254	CLIENT_HACKED_MSG	1	8	0.000000	0.000000	0	0	0	0

	Total)	597731	531384	-1.264919	-0.000002	17082	6808696	129083	768

Slowest Msg #184 took  0.000174 seconds.
Total process time = -124.984851
Total run time =         251488